Date,Open,High,Low,Close,Adj Close,Volume
2018-04-23,27.0,27.950000762939453,25.0,27.0,23.73397445678711,136000
2018-04-24,25.600000381469727,27.510000228881836,25.0,27.510000228881836,24.182287216186523,101400
2018-04-25,27.510000228881836,27.510000228881836,27.510000228881836,27.510000228881836,24.182287216186523,0
2018-04-26,27.5,27.5,25.5,26.5,23.294458389282227,84600
2018-04-27,26.5,26.5,26.0,26.059999465942383,22.907682418823242,500
2018-04-30,26.25,26.25,25.5,26.075000762939453,22.920869827270508,2200
2018-05-01,25.496000289916992,26.0,25.0,26.0,22.85494041442871,2300
2018-05-02,25.0,25.75,24.0,25.75,22.635181427001953,24000
2018-05-03,25.5,25.5,25.0,25.239999771118164,22.186870574951172,23000
2018-05-04,25.34000015258789,25.34000015258789,23.299999237060547,24.989999771118164,21.967117309570312,53900
2018-05-07,24.0,25.0,24.0,25.0,21.975908279418945,10100
2018-05-08,24.110000610351562,25.0,24.0,25.0,21.975908279418945,10700
2018-05-09,24.5,25.0,24.5,24.969999313354492,21.949535369873047,3400
2018-05-10,25.0,25.0,24.989999771118164,25.0,21.975908279418945,600
2018-05-11,24.75,24.75,24.139999389648438,24.649999618530273,21.668241500854492,12500
2018-05-14,24.1200008392334,25.0,24.010000228881836,25.0,22.047460556030273,10200
2018-05-15,24.0,24.920000076293945,24.0,24.850000381469727,21.915170669555664,8000
2018-05-16,24.690000534057617,24.690000534057617,24.0,24.3799991607666,21.50067901611328,5200
2018-05-17,24.329999923706055,24.479999542236328,24.040000915527344,24.350000381469727,21.474220275878906,3600
2018-05-18,24.489999771118164,24.889999389648438,24.0,24.389999389648438,21.50950050354004,17200
2018-05-21,24.389999389648438,24.389999389648438,24.389999389648438,24.389999389648438,21.50950050354004,600
2018-05-22,24.18000030517578,24.5,23.5,24.479999542236328,21.588869094848633,20000
2018-05-23,24.34000015258789,24.34000015258789,23.25,23.989999771118164,21.156736373901367,24700
2018-05-24,23.670000076293945,23.950000762939453,23.149999618530273,23.5,20.724611282348633,32100
2018-05-25,23.299999237060547,23.690000534057617,23.100000381469727,23.399999618530273,20.63642120361328,25800
2018-05-29,23.110000610351562,23.399999618530273,23.100000381469727,23.350000381469727,20.59232521057129,8300
2018-05-30,23.100000381469727,23.489999771118164,23.100000381469727,23.489999771118164,20.715784072875977,21900
2018-05-31,23.25,23.5,23.219999313354492,23.420000076293945,20.6540584564209,45500
2018-06-01,23.450000762939453,24.0,23.405000686645508,23.920000076293945,21.09500503540039,27600
2018-06-04,23.510000228881836,24.989999771118164,23.510000228881836,24.270000457763672,21.403675079345703,51700
2018-06-05,25.0,25.899999618530273,24.5,24.719999313354492,21.800527572631836,173000
2018-06-06,24.780000686645508,24.950000762939453,24.621999740600586,24.93000030517578,21.985719680786133,97100
2018-06-07,24.940000534057617,24.950000762939453,24.309999465942383,24.549999237060547,21.650604248046875,60600
2018-06-08,24.75,24.850000381469727,24.395000457763672,24.530000686645508,21.632965087890625,33800
2018-06-11,24.690000534057617,25.040000915527344,24.520000457763672,24.850000381469727,21.915170669555664,83300
2018-06-12,24.950000762939453,25.25,24.5,24.610000610351562,21.703519821166992,64500
2018-06-13,24.899999618530273,25.18000030517578,24.81999969482422,25.040000915527344,22.082733154296875,120100
2018-06-14,25.049999237060547,25.18000030517578,24.825000762939453,25.09000015258789,22.1268310546875,126800
2018-06-15,25.329999923706055,25.329999923706055,24.514999389648438,25.190000534057617,22.21502113342285,106200
2018-06-18,25.3700008392334,26.799999237060547,24.270000457763672,26.1299991607666,23.04400062561035,165900
2018-06-19,25.829999923706055,26.350000381469727,25.31999969482422,25.809999465942383,22.761796951293945,107100
2018-06-20,26.0,26.530000686645508,25.549999237060547,26.299999237060547,23.193923950195312,82800
2018-06-21,26.110000610351562,26.25,25.46500015258789,26.139999389648438,23.052818298339844,45500
2018-06-22,25.850000381469727,27.389999389648438,25.809999465942383,26.719999313354492,23.564319610595703,1252300
2018-06-25,26.450000762939453,27.889999389648438,26.329999923706055,26.530000686645508,23.39676284790039,60300
2018-06-26,26.719999313354492,26.739999771118164,25.607999801635742,26.0,22.929353713989258,72600
2018-06-27,25.950000762939453,27.0,25.950000762939453,26.600000381469727,23.45849609375,66800
2018-06-28,26.469999313354492,26.889999389648438,25.799999237060547,26.68000030517578,23.52904510498047,76600
2018-06-29,26.06100082397461,26.670000076293945,26.06100082397461,26.350000381469727,23.238018035888672,16400
2018-07-02,26.149999618530273,26.25,25.760000228881836,25.799999237060547,22.752971649169922,25100
2018-07-03,25.799999237060547,25.799999237060547,25.600000381469727,25.68000030517578,22.647146224975586,13900
2018-07-05,25.799999237060547,27.65999984741211,25.40999984741211,26.25,23.149831771850586,41200
2018-07-06,26.31999969482422,26.510000228881836,24.139999389648438,25.149999618530273,22.179738998413086,63200
2018-07-09,25.18000030517578,25.75,25.09000015258789,25.399999618530273,22.400218963623047,16500
2018-07-10,25.309999465942383,25.450000762939453,24.940000534057617,25.100000381469727,22.13564682006836,29700
2018-07-11,25.209999084472656,25.520000457763672,24.899999618530273,25.0,22.047460556030273,35200
2018-07-12,25.040000915527344,25.290000915527344,24.969999313354492,25.219999313354492,22.241470336914062,14400
2018-07-13,25.290000915527344,25.479999542236328,24.899999618530273,25.469999313354492,22.461950302124023,12800
2018-07-16,25.5,25.5,25.0,25.149999618530273,22.179738998413086,9400
2018-07-17,25.149999618530273,25.690000534057617,25.010000228881836,25.56999969482422,22.550138473510742,8800
2018-07-18,25.65999984741211,26.700000762939453,25.05500030517578,25.93000030517578,22.867630004882812,38500
2018-07-19,26.100000381469727,26.25,25.860000610351562,26.079999923706055,22.999908447265625,6800
2018-07-20,26.190000534057617,26.229999542236328,25.54199981689453,26.100000381469727,23.017541885375977,6400
2018-07-23,26.121999740600586,26.399999618530273,26.0,26.280000686645508,23.176284790039062,33600
2018-07-24,26.93000030517578,26.93000030517578,25.152000427246094,26.020000457763672,22.946992874145508,14400
2018-07-25,26.1200008392334,26.1200008392334,25.75,25.75,22.708881378173828,5700
2018-07-26,25.979999542236328,26.350000381469727,25.760000228881836,25.920000076293945,22.85880470275879,9000
2018-07-27,26.06999969482422,26.06999969482422,25.299999237060547,25.729999542236328,22.691240310668945,21600
2018-07-30,25.760000228881836,26.299999237060547,25.690000534057617,26.0,22.929353713989258,16000
2018-07-31,26.239999771118164,26.239999771118164,25.75,25.850000381469727,22.79707145690918,19400
2018-08-01,26.020000457763672,26.020000457763672,25.5,25.5,22.488412857055664,6600
2018-08-02,25.420000076293945,25.579999923706055,25.299999237060547,25.579999923706055,22.558956146240234,13100
2018-08-03,26.0,26.0,25.299999237060547,25.299999237060547,22.31202507019043,5700
2018-08-06,25.226999282836914,25.5,25.100000381469727,25.1299991607666,22.1621036529541,3200
2018-08-07,25.65999984741211,25.65999984741211,25.0,25.219999313354492,22.241470336914062,7300
2018-08-08,25.170000076293945,25.280000686645508,25.049999237060547,25.270000457763672,22.28557014465332,3800
2018-08-09,25.559999465942383,25.559999465942383,25.049999237060547,25.360000610351562,22.364940643310547,10100
2018-08-10,25.079999923706055,25.25,25.059999465942383,25.190000534057617,22.21502113342285,2300
2018-08-13,25.459999084472656,25.459999084472656,25.25,25.25,22.267927169799805,9000
2018-08-14,25.25,25.290000915527344,25.049999237060547,25.280000686645508,22.365253448486328,12300
2018-08-15,25.299999237060547,25.309999465942383,25.299999237060547,25.309999465942383,22.391794204711914,2000
2018-08-16,25.510000228881836,25.75,25.5,25.59000015258789,22.63950538635254,7300
2018-08-17,25.540000915527344,25.69499969482422,25.389999389648438,25.510000228881836,22.5687313079834,6000
2018-08-20,25.299999237060547,25.950000762939453,25.299999237060547,25.649999618530273,22.692588806152344,4000
2018-08-21,25.950000762939453,25.950000762939453,25.600000381469727,25.75,22.781057357788086,4500
2018-08-22,25.790000915527344,26.0,25.350000381469727,25.84000015258789,22.86068344116211,5500
2018-08-23,25.790000915527344,26.0,25.6200008392334,25.989999771118164,22.993389129638672,5500
2018-08-24,26.0,26.0,25.832000732421875,25.979999542236328,22.984540939331055,3800
2018-08-27,25.985000610351562,25.985000610351562,25.299999237060547,25.579999923706055,22.630659103393555,6600
2018-08-28,25.75,25.8700008392334,25.360000610351562,25.540000915527344,22.59526824951172,12500
2018-08-29,25.700000762939453,25.8700008392334,25.299999237060547,25.8700008392334,22.887226104736328,9500
2018-08-30,25.899999618530273,26.0,25.6200008392334,25.950000762939453,22.957996368408203,17100
2018-08-31,25.959999084472656,26.0,25.5,25.8799991607666,22.896072387695312,14400
2018-09-04,26.0,26.170000076293945,25.579999923706055,26.040000915527344,23.037622451782227,13000
2018-09-05,25.670000076293945,25.989999771118164,25.614999771118164,25.899999618530273,22.91376495361328,5600
2018-09-06,25.989999771118164,26.0,25.56999969482422,25.690000534057617,22.727977752685547,27700
2018-09-07,25.8799991607666,25.8799991607666,25.684999465942383,25.729999542236328,22.763364791870117,6500
2018-09-10,25.829999923706055,26.5,25.829999923706055,26.399999618530273,23.35611343383789,80600
2018-09-11,26.170000076293945,26.780000686645508,26.149999618530273,26.739999771118164,23.65691375732422,67900
2018-09-12,26.75,26.850000381469727,26.540000915527344,26.540000915527344,23.4799747467041,84200
2018-09-13,26.780000686645508,26.850000381469727,26.239999771118164,26.350000381469727,23.311878204345703,42600
2018-09-14,26.489999771118164,26.899999618530273,26.040000915527344,26.770000457763672,23.683452606201172,35000
2018-09-17,26.950000762939453,27.0,26.780000686645508,26.850000381469727,23.754228591918945,50500
2018-09-18,26.850000381469727,26.950000762939453,26.030000686645508,26.8700008392334,23.771926879882812,41400
2018-09-19,26.950000762939453,27.0,26.600000381469727,26.950000762939453,23.84270477294922,42700
2018-09-20,26.670000076293945,27.3700008392334,26.649999618530273,27.360000610351562,24.205429077148438,52800
2018-09-21,27.31999969482422,27.399999618530273,26.459999084472656,26.459999084472656,23.40920066833496,370500
2018-09-24,26.649999618530273,27.219999313354492,26.25,26.549999237060547,23.48881721496582,34200
2018-09-25,26.469999313354492,26.469999313354492,25.0,25.020000457763672,22.13522720336914,45800
2018-09-26,25.030000686645508,26.239999771118164,25.030000686645508,25.979999542236328,22.984540939331055,11000
2018-09-27,25.829999923706055,26.649999618530273,25.600000381469727,26.059999465942383,23.055315017700195,47900
2018-09-28,26.0,26.639999389648438,25.520000457763672,26.549999237060547,23.48881721496582,34300
2018-10-01,26.3799991607666,26.700000762939453,26.0,26.25,23.223411560058594,15200
2018-10-02,26.25,26.25,25.84000015258789,26.030000686645508,23.028779983520508,5200
2018-10-03,26.040000915527344,26.200000762939453,25.940000534057617,26.079999923706055,23.07301139831543,21800
2018-10-04,26.0,26.15999984741211,25.75,26.040000915527344,23.037622451782227,8900
2018-10-05,26.100000381469727,26.190000534057617,25.496999740600586,26.049999237060547,23.04646873474121,4500
2018-10-08,26.219999313354492,26.219999313354492,25.75200080871582,26.010000228881836,23.011083602905273,8600
2018-10-09,26.0,26.899999618530273,26.0,26.6200008392334,23.550748825073242,22200
2018-10-10,26.549999237060547,26.920000076293945,26.0,26.040000915527344,23.037622451782227,9800
2018-10-11,26.030000686645508,26.739999771118164,25.959999084472656,25.959999084472656,22.966840744018555,13900
2018-10-12,26.229999542236328,26.485000610351562,25.719999313354492,26.09000015258789,23.081859588623047,63500
2018-10-15,25.989999771118164,25.989999771118164,25.385000228881836,25.719999313354492,22.754520416259766,22400
2018-10-16,25.93000030517578,25.93000030517578,25.100000381469727,25.440000534057617,22.506803512573242,23000
2018-10-17,25.3700008392334,26.0,25.1299991607666,25.93000030517578,22.940311431884766,26700
2018-10-18,25.809999465942383,26.0,25.34000015258789,25.860000610351562,22.878376007080078,5400
2018-10-19,25.799999237060547,26.0,25.100000381469727,25.219999313354492,22.312162399291992,13000
2018-10-22,25.25,25.540000915527344,25.1200008392334,25.31999969482422,22.400638580322266,12700
2018-10-23,25.18000030517578,25.96500015258789,25.0,25.239999771118164,22.329858779907227,34500
2018-10-24,25.389999389648438,25.790000915527344,25.0,25.1299991607666,22.2325439453125,51300
2018-10-25,25.239999771118164,25.959999084472656,25.0,25.219999313354492,22.312162399291992,10100
2018-10-26,25.3700008392334,26.920000076293945,23.475000381469727,25.81999969482422,22.84299087524414,36200
2018-10-29,26.079999923706055,26.229999542236328,25.549999237060547,26.079999923706055,23.07301139831543,7100
2018-10-30,26.040000915527344,26.56999969482422,25.900999069213867,26.299999237060547,23.26764488220215,24400
2018-10-31,26.59000015258789,26.719999313354492,26.149999618530273,26.3700008392334,23.329572677612305,16400
2018-11-01,26.549999237060547,26.75,25.920000076293945,26.729999542236328,23.648061752319336,3600
2018-11-02,26.780000686645508,26.780000686645508,25.398000717163086,26.0,23.00223159790039,6100
2018-11-05,25.90999984741211,26.15999984741211,25.530000686645508,25.530000686645508,22.58642578125,5800
2018-11-06,25.5,26.450000762939453,25.5,26.1299991607666,23.117244720458984,6700
2018-11-07,26.229999542236328,26.290000915527344,25.34000015258789,25.829999923706055,22.851839065551758,13000
2018-11-08,25.540000915527344,26.450000762939453,25.540000915527344,26.149999618530273,23.134939193725586,9000
2018-11-09,26.299999237060547,26.354999542236328,25.700000762939453,25.979999542236328,22.984540939331055,7700
2018-11-12,26.0,26.514999389648438,25.415000915527344,25.65999984741211,22.701435089111328,3000
2018-11-13,25.920000076293945,26.0,25.31999969482422,25.420000076293945,22.489107131958008,2100
2018-11-14,25.719999313354492,25.889999389648438,25.30699920654297,25.700000762939453,22.80860710144043,8600
2018-11-15,25.56999969482422,25.597999572753906,25.010000228881836,25.309999465942383,22.462480545043945,12300
2018-11-16,25.09000015258789,26.0,24.920000076293945,25.479999542236328,22.61335563659668,10500
2018-11-19,25.65999984741211,25.780000686645508,24.5,25.010000228881836,22.196237564086914,22600
2018-11-20,24.90999984741211,25.350000381469727,24.6200008392334,24.6200008392334,21.850112915039062,5200
2018-11-21,25.350000381469727,25.350000381469727,25.350000381469727,25.350000381469727,22.49798011779785,2000
2018-11-23,25.149999618530273,25.350000381469727,25.149999618530273,25.350000381469727,22.49798011779785,3000
2018-11-26,25.389999389648438,26.0,25.079999923706055,25.1299991607666,22.302732467651367,7100
2018-11-27,25.010000228881836,25.170000076293945,24.8799991607666,24.950000762939453,22.142982482910156,5500
2018-11-28,25.989999771118164,26.829999923706055,24.850000381469727,26.25,23.296730041503906,18000
2018-11-29,25.979999542236328,26.25,25.469999313354492,26.219999313354492,23.27010154724121,14400
2018-11-30,26.030000686645508,26.1299991607666,24.985000610351562,25.290000915527344,22.44473648071289,16800
2018-12-03,25.469999313354492,26.100000381469727,25.469999313354492,25.8700008392334,22.95948028564453,6800
2018-12-04,25.440000534057617,26.55900001525879,22.940000534057617,23.59000015258789,20.935993194580078,20500
2018-12-06,23.239999771118164,24.850000381469727,23.239999771118164,23.440000534057617,20.802867889404297,7400
2018-12-07,24.31999969482422,24.31999969482422,23.100000381469727,23.399999618530273,20.76736831665039,11500
2018-12-10,23.540000915527344,23.540000915527344,22.799999237060547,23.469999313354492,20.82948875427246,13300
2018-12-11,23.549999237060547,23.549999237060547,20.639999389648438,21.489999771118164,19.07225227355957,8000
2018-12-12,21.280000686645508,23.540000915527344,21.280000686645508,22.75,20.190500259399414,19200
2018-12-13,22.860000610351562,24.139999389648438,22.75,23.68000030517578,21.015865325927734,23600
2018-12-14,23.6200008392334,24.81999969482422,23.445999145507812,24.600000381469727,21.83236312866211,10900
2018-12-17,24.1299991607666,24.979999542236328,23.34000015258789,23.649999618530273,20.989242553710938,9100
2018-12-18,23.559999465942383,24.68000030517578,23.559999465942383,24.149999618530273,21.432987213134766,22700
2018-12-19,23.860000610351562,24.3700008392334,23.1299991607666,23.979999542236328,21.28211212158203,34500
2018-12-20,24.06999969482422,24.780000686645508,24.06999969482422,24.399999618530273,21.654863357543945,28000
2018-12-21,24.299999237060547,24.399999618530273,23.030000686645508,24.06999969482422,21.36199378967285,52900
2018-12-24,24.190000534057617,25.06999969482422,23.235000610351562,24.5,21.743614196777344,27800
2018-12-26,24.829999923706055,25.8799991607666,23.1200008392334,24.940000534057617,22.134111404418945,61800
2018-12-27,24.690000534057617,24.950000762939453,24.0,24.56999969482422,21.80573844909668,51000
2018-12-28,24.93000030517578,24.950000762939453,23.729999542236328,23.829999923706055,21.148996353149414,103100
2018-12-31,23.690000534057617,24.5,23.610000610351562,24.229999542236328,21.50398826599121,21900
2019-01-02,24.040000915527344,24.040000915527344,23.31800079345703,24.0,21.299863815307617,18700
2019-01-03,23.979999542236328,24.0,23.260000228881836,23.780000686645508,21.1046142578125,34600
2019-01-04,23.799999237060547,23.950000762939453,23.549999237060547,23.90999984741211,21.219987869262695,10400
2019-01-07,23.90999984741211,23.90999984741211,23.469999313354492,23.649999618530273,20.989242553710938,20500
2019-01-08,23.65999984741211,23.950000762939453,22.43000030517578,23.739999771118164,21.06911849975586,31200
2019-01-09,23.479999542236328,23.479999542236328,23.100000381469727,23.389999389648438,20.758493423461914,6200
2019-01-10,23.280000686645508,23.280000686645508,22.809999465942383,22.899999618530273,20.323617935180664,18400
2019-01-11,22.670000076293945,23.195999145507812,22.670000076293945,23.190000534057617,20.58099365234375,6300
2019-01-14,23.309999465942383,23.309999465942383,22.520000457763672,23.110000610351562,20.50999641418457,42100
2019-01-15,23.0,23.190000534057617,22.83799934387207,23.190000534057617,20.58099365234375,3100
2019-01-16,23.149999618530273,23.424999237060547,22.770000457763672,23.110000610351562,20.50999641418457,4500
2019-01-17,23.1299991607666,23.950000762939453,23.020000457763672,23.90999984741211,21.219987869262695,8300
2019-01-18,23.81999969482422,24.0,23.5,24.0,21.299863815307617,16600
2019-01-22,23.899999618530273,24.350000381469727,23.579999923706055,23.709999084472656,21.04249382019043,6000
2019-01-23,23.700000762939453,23.969999313354492,23.260000228881836,23.399999618530273,20.76736831665039,5800
2019-01-24,23.290000915527344,23.46500015258789,22.809999465942383,23.200000762939453,20.589866638183594,5100
2019-01-25,23.1200008392334,23.25,22.809999465942383,23.09000015258789,20.492244720458984,6500
2019-01-28,22.90999984741211,23.75,22.799999237060547,23.450000762939453,20.811748504638672,7300
2019-01-29,23.6200008392334,23.6200008392334,22.799999237060547,22.799999237060547,20.234872817993164,6700
2019-01-30,22.899999618530273,23.424999237060547,22.899999618530273,23.260000228881836,20.643123626708984,14600
2019-01-31,23.18000030517578,23.329999923706055,23.06999969482422,23.06999969482422,20.47449493408203,26200
2019-02-01,23.25,23.25,23.049999237060547,23.049999237060547,20.45673942565918,4400
2019-02-04,23.209999084472656,23.68000030517578,22.989999771118164,23.100000381469727,20.50111961364746,5200
2019-02-05,23.34000015258789,24.450000762939453,23.0,24.15999984741211,21.441862106323242,19800
2019-02-06,24.309999465942383,24.3799991607666,23.38599967956543,23.93000030517578,21.23773956298828,28100
2019-02-07,23.899999618530273,24.299999237060547,23.899999618530273,24.1200008392334,21.406368255615234,42500
2019-02-08,24.299999237060547,24.299999237060547,23.93000030517578,24.1299991607666,21.415237426757812,4700
2019-02-11,24.684999465942383,24.93000030517578,24.100000381469727,24.139999389648438,21.424116134643555,10900
2019-02-12,24.229999542236328,24.3700008392334,23.975000381469727,24.209999084472656,21.48624038696289,13400
2019-02-13,24.100000381469727,24.450000762939453,24.040000915527344,24.450000762939453,21.699241638183594,10000
2019-02-14,24.15999984741211,24.670000076293945,23.881999969482422,24.399999618530273,21.725950241088867,14700
2019-02-15,24.549999237060547,24.649999618530273,23.780000686645508,24.260000228881836,21.601295471191406,21500
2019-02-19,24.020000457763672,24.469999313354492,24.020000457763672,24.3799991607666,21.708141326904297,7300
2019-02-20,24.229999542236328,24.5,24.079999923706055,24.079999923706055,21.441017150878906,6500
2019-02-21,24.25,24.25,23.989999771118164,24.059999465942383,21.4232120513916,8900
2019-02-22,24.170000076293945,24.440000534057617,24.149999618530273,24.350000381469727,21.681427001953125,13100
2019-02-25,24.399999618530273,24.5,24.030000686645508,24.030000686645508,21.39649772644043,8700
2019-02-26,23.959999084472656,24.440000534057617,23.18199920654297,24.079999923706055,21.441017150878906,16200
2019-02-27,24.190000534057617,24.5,24.18000030517578,24.18000030517578,21.530059814453125,15400
2019-02-28,24.290000915527344,25.0,24.030000686645508,24.719999313354492,22.010881423950195,13700
2019-03-01,24.6200008392334,25.0,24.600000381469727,25.0,22.26019287109375,21000
2019-03-04,24.8700008392334,25.799999237060547,24.235000610351562,25.610000610351562,22.803348541259766,52700
2019-03-05,25.700000762939453,25.739999771118164,24.8439998626709,25.079999923706055,22.33142852783203,20000
2019-03-06,24.93000030517578,25.309999465942383,24.799999237060547,25.030000686645508,22.28690528869629,26900
2019-03-07,24.829999923706055,24.989999771118164,23.270000457763672,23.479999542236328,20.90677261352539,20300
2019-03-08,23.43000030517578,24.239999771118164,23.43000030517578,23.93000030517578,21.307456970214844,107900
2019-03-11,24.065000534057617,24.170000076293945,23.8799991607666,24.040000915527344,21.40540313720703,13200
2019-03-12,24.0,24.31999969482422,23.940000534057617,24.190000534057617,21.53896713256836,14100
2019-03-13,24.086000442504883,24.690000534057617,23.989999771118164,24.690000534057617,21.984169006347656,21200
2019-03-14,24.649999618530273,24.649999618530273,24.110000610351562,24.6200008392334,21.92184066772461,26900
2019-03-15,24.6299991607666,25.8700008392334,24.6299991607666,25.329999923706055,22.554031372070312,53200
2019-03-18,25.31999969482422,25.5,24.80699920654297,25.489999771118164,22.696491241455078,41400
2019-03-19,25.100000381469727,25.8700008392334,25.100000381469727,25.700000762939453,22.883480072021484,42800
2019-03-20,25.25,25.670000076293945,25.152000427246094,25.450000762939453,22.66088104248047,18700
2019-03-21,25.25,25.530000686645508,24.989999771118164,25.110000610351562,22.358137130737305,15300
2019-03-22,25.030000686645508,25.690000534057617,22.42799949645996,22.59000015258789,20.114315032958984,43700
2019-03-25,22.760000228881836,23.8700008392334,22.440000534057617,23.8700008392334,21.2540340423584,9400
2019-03-26,24.25,24.389999389648438,23.030000686645508,24.3799991607666,21.708141326904297,19900
2019-03-27,24.6299991607666,24.75,24.334999084472656,24.450000762939453,21.770475387573242,5200
2019-03-28,24.799999237060547,25.1299991607666,24.395000457763672,24.799999237060547,22.082111358642578,10000
2019-03-29,24.729999542236328,25.0,24.329999923706055,24.540000915527344,21.850608825683594,8900
2019-04-01,24.350000381469727,25.0,23.496999740600586,24.59000015258789,21.895130157470703,5500
2019-04-02,24.309999465942383,24.739999771118164,24.01799964904785,24.350000381469727,21.681427001953125,6600
2019-04-03,24.34000015258789,24.34000015258789,23.65999984741211,24.09000015258789,21.44992446899414,3500
2019-04-04,23.658000946044922,24.631999969482422,23.658000946044922,24.559999465942383,21.86841583251953,7400
2019-04-05,24.600000381469727,24.729999542236328,24.520000457763672,24.719999313354492,22.010881423950195,4100
2019-04-08,24.700000762939453,24.75,24.579999923706055,24.6200008392334,21.92184066772461,4200
2019-04-09,24.61199951171875,24.700000762939453,24.61199951171875,24.649999618530273,21.948556900024414,2800
2019-04-10,24.700000762939453,24.850000381469727,24.610000610351562,24.81999969482422,22.09992027282715,4800
2019-04-11,24.652000427246094,24.760000228881836,24.56999969482422,24.56999969482422,21.8773193359375,3900
2019-04-12,24.729999542236328,24.899999618530273,24.67799949645996,24.889999389648438,22.162248611450195,7400
2019-04-15,24.889999389648438,24.899999618530273,24.533000946044922,24.649999618530273,21.948556900024414,5100
2019-04-16,24.700000762939453,24.84000015258789,24.43000030517578,24.43000030517578,21.752662658691406,5800
2019-04-17,24.649999618530273,24.829999923706055,24.076000213623047,24.709999084472656,22.001972198486328,5400
2019-04-18,24.489999771118164,24.799999237060547,23.424999237060547,24.75,22.03759765625,6300
2019-04-22,24.47100067138672,24.760000228881836,24.47100067138672,24.59000015258789,21.895130157470703,2300
2019-04-23,24.75,24.899999618530273,24.549999237060547,24.780000686645508,22.064302444458008,8600
2019-04-24,24.510000228881836,24.75,24.510000228881836,24.690000534057617,21.984169006347656,9300
2019-04-25,24.56999969482422,24.649999618530273,24.469999313354492,24.469999313354492,21.78827476501465,3300
2019-04-26,24.8799991607666,24.959999084472656,24.149999618530273,24.5,21.814990997314453,7900
2019-04-29,24.520000457763672,25.0,24.520000457763672,24.950000762939453,22.21567153930664,12000
2019-04-30,24.576000213623047,25.450000762939453,24.576000213623047,25.450000762939453,22.66088104248047,21500
2019-05-01,25.25,25.5,24.860000610351562,25.139999389648438,22.384855270385742,8400
2019-05-02,25.479999542236328,25.479999542236328,25.040000915527344,25.15999984741211,22.40265655517578,4400
2019-05-03,25.25,25.5,24.81999969482422,25.270000457763672,22.5006046295166,17400
2019-05-06,25.43000030517578,25.5,24.766000747680664,25.200000762939453,22.438274383544922,14000
2019-05-07,25.43000030517578,25.440000534057617,25.149999618530273,25.309999465942383,22.536218643188477,9300
2019-05-08,25.450000762939453,25.479999542236328,25.260000228881836,25.479999542236328,22.68758773803711,11400
2019-05-09,25.43000030517578,25.5,24.31999969482422,24.329999923706055,21.663619995117188,26200
2019-05-10,24.690000534057617,25.399999618530273,24.5,24.5,21.814990997314453,24400
2019-05-13,24.290000915527344,25.139999389648438,24.1200008392334,24.610000610351562,21.91293716430664,14500
2019-05-14,25.450000762939453,25.450000762939453,24.1299991607666,25.34000015258789,22.654985427856445,22200
2019-05-15,25.389999389648438,25.420000076293945,24.690000534057617,25.299999237060547,22.619224548339844,6300
2019-05-16,25.25,25.5,25.079999923706055,25.200000762939453,22.529821395874023,13600
2019-05-17,25.170000076293945,25.5,24.8799991607666,25.360000610351562,22.67287254333496,5900
2019-05-20,25.299999237060547,25.3700008392334,24.90999984741211,25.350000381469727,22.66392707824707,7100
2019-05-21,25.360000610351562,25.360000610351562,25.059999465942383,25.270000457763672,22.592405319213867,9500
2019-05-22,24.889999389648438,25.399999618530273,24.850000381469727,25.1200008392334,22.45830535888672,6800
2019-05-23,25.1299991607666,25.1299991607666,24.420000076293945,24.690000534057617,22.07386589050293,8900
2019-05-24,25.280000686645508,25.280000686645508,24.479999542236328,25.139999389648438,22.47618293762207,6400
2019-05-28,24.959999084472656,25.149999618530273,24.709999084472656,24.709999084472656,22.09174156188965,3000
2019-05-29,24.649999618530273,25.030000686645508,24.649999618530273,24.770000457763672,22.145387649536133,9100
2019-05-30,24.969999313354492,25.040000915527344,24.459999084472656,24.989999771118164,22.342077255249023,7700
2019-05-31,24.979999542236328,24.979999542236328,24.520000457763672,24.520000457763672,21.921875,5800
2019-06-03,24.6200008392334,24.969999313354492,24.09000015258789,24.75,22.12750816345215,11000
2019-06-04,24.760000228881836,25.040000915527344,24.530000686645508,25.040000915527344,22.386777877807617,8800
2019-06-05,24.8700008392334,25.299999237060547,24.75,24.75,22.12750816345215,8600
2019-06-06,25.18000030517578,25.18000030517578,24.684999465942383,24.850000381469727,22.21690559387207,4100
2019-06-07,24.93000030517578,25.0,24.719999313354492,24.84000015258789,22.207971572875977,6200
2019-06-10,25.0,25.40999984741211,24.825000762939453,24.969999313354492,22.324193954467773,22200
2019-06-11,25.030000686645508,25.270000457763672,24.665000915527344,25.149999618530273,22.48512077331543,11500
2019-06-12,24.899999618530273,25.420000076293945,23.540000915527344,24.18000030517578,21.617902755737305,26200
2019-06-13,24.5,24.829999923706055,24.31999969482422,24.59000015258789,21.98445701599121,10800
2019-06-14,24.190000534057617,25.25,24.049999237060547,24.75,22.12750816345215,12700
2019-06-17,25.219999313354492,25.219999313354492,24.915000915527344,25.100000381469727,22.44041633605957,12700
2019-06-18,25.239999771118164,25.239999771118164,24.895000457763672,25.200000762939453,22.529821395874023,6700
2019-06-19,24.989999771118164,25.25,24.989999771118164,25.239999771118164,22.565584182739258,7900
2019-06-20,25.3799991607666,25.3799991607666,24.979999542236328,25.3700008392334,22.681808471679688,16100
2019-06-21,25.079999923706055,25.450000762939453,24.96500015258789,25.43000030517578,22.73545265197754,41400
2019-06-24,25.479999542236328,25.479999542236328,25.219999313354492,25.399999618530273,22.70863151550293,15000
2019-06-25,25.440000534057617,25.700000762939453,25.065000534057617,25.600000381469727,22.88743782043457,17100
2019-06-26,25.40999984741211,25.625,24.954999923706055,25.260000228881836,22.583467483520508,13500
2019-06-27,25.204999923706055,25.600000381469727,25.200000762939453,25.450000762939453,22.753334045410156,26600
2019-06-28,25.43000030517578,25.600000381469727,25.344999313354492,25.450000762939453,22.753334045410156,263700
2019-07-01,25.809999465942383,25.889999389648438,25.479999542236328,25.479999542236328,22.780153274536133,11500
2019-07-02,25.68000030517578,25.8799991607666,25.100000381469727,25.469999313354492,22.77121353149414,20800
2019-07-03,25.947999954223633,25.947999954223633,25.479999542236328,25.600000381469727,22.88743782043457,3700
2019-07-05,25.510000228881836,25.809999465942383,25.454999923706055,25.760000228881836,23.030485153198242,8400
2019-07-08,25.724000930786133,25.799999237060547,25.65999984741211,25.790000915527344,23.057308197021484,8700
2019-07-09,25.010000228881836,25.83799934387207,25.010000228881836,25.290000915527344,22.61029052734375,6800
2019-07-10,25.290000915527344,25.75,25.260000228881836,25.399999618530273,22.70863151550293,5300
2019-07-11,25.40999984741211,25.56999969482422,25.110000610351562,25.290000915527344,22.61029052734375,9700
2019-07-12,25.489999771118164,25.68000030517578,25.000999450683594,25.059999465942383,22.4046573638916,9100
2019-07-15,24.989999771118164,25.25,24.989999771118164,25.239999771118164,22.565584182739258,8100
2019-07-16,25.200000762939453,25.200000762939453,24.950000762939453,25.06999969482422,22.413597106933594,3800
2019-07-17,24.959999084472656,25.239999771118164,24.950000762939453,25.030000686645508,22.37783432006836,3800
2019-07-18,25.239999771118164,25.239999771118164,24.979999542236328,25.239999771118164,22.565584182739258,3600
2019-07-19,25.010000228881836,25.239999771118164,24.950000762939453,25.15999984741211,22.494062423706055,4600
2019-07-22,24.950000762939453,25.420000076293945,24.950000762939453,25.420000076293945,22.72650909423828,3100
2019-07-23,25.0,25.200000762939453,24.969999313354492,25.200000762939453,22.529821395874023,2800
2019-07-24,25.200000762939453,25.450000762939453,25.155000686645508,25.25,22.57452392578125,6700
2019-07-25,25.010000228881836,25.43000030517578,25.010000228881836,25.239999771118164,22.565584182739258,3300
2019-07-26,25.209999084472656,25.25,24.899999618530273,25.010000228881836,22.359954833984375,24400
2019-07-29,25.139999389648438,25.200000762939453,24.76300048828125,25.020000457763672,22.368898391723633,14400
2019-07-30,24.920000076293945,25.479999542236328,24.920000076293945,25.170000076293945,22.503002166748047,13300
2019-07-31,25.18000030517578,25.299999237060547,24.899999618530273,24.940000534057617,22.297374725341797,19100
2019-08-01,24.860000610351562,25.204999923706055,24.75,24.889999389648438,22.252670288085938,13900
2019-08-02,24.760000228881836,25.190000534057617,24.209999084472656,24.25,21.680482864379883,6200
2019-08-05,24.030000686645508,24.030000686645508,21.55699920654297,22.670000076293945,20.267900466918945,19000
2019-08-06,22.950000762939453,23.75,22.0,23.700000762939453,21.18876838684082,9600
2019-08-07,23.09000015258789,23.65999984741211,22.309999465942383,23.110000610351562,20.66128158569336,12400
2019-08-08,23.0,24.139999389648438,22.459999084472656,23.440000534057617,20.956310272216797,15500
2019-08-09,23.0,23.479999542236328,22.450000762939453,22.790000915527344,20.37518882751465,11800
2019-08-12,22.770000457763672,23.479999542236328,22.75,23.3700008392334,20.893728256225586,6700
2019-08-13,23.469999313354492,23.940000534057617,23.024999618530273,23.8799991607666,21.349687576293945,8800
2019-08-14,23.3799991607666,24.0,22.68000030517578,22.68000030517578,20.36210823059082,8000
2019-08-15,22.950000762939453,23.579999923706055,22.950000762939453,23.25,20.873859405517578,111600
2019-08-16,23.31999969482422,24.520000457763672,23.299999237060547,24.25,21.77165412902832,34200
2019-08-19,24.559999465942383,24.65999984741211,24.049999237060547,24.549999237060547,22.040998458862305,8600
2019-08-20,24.440000534057617,25.065000534057617,24.229999542236328,24.670000076293945,22.148731231689453,30100
2019-08-21,24.940000534057617,24.940000534057617,24.020000457763672,24.020000457763672,21.565162658691406,6900
2019-08-22,24.270000457763672,24.549999237060547,23.599000930786133,23.860000610351562,21.421510696411133,10000
2019-08-23,23.100000381469727,23.940000534057617,22.010000228881836,22.549999237060547,20.245391845703125,22000
2019-08-26,22.850000381469727,23.25,22.823999404907227,23.25,20.873859405517578,3700
2019-08-27,23.209999084472656,23.920000076293945,23.030000686645508,23.200000762939453,20.828962326049805,11300
2019-08-28,23.309999465942383,23.5,23.309999465942383,23.5,21.098308563232422,5100
2019-08-29,22.559999465942383,24.030000686645508,22.559999465942383,23.600000381469727,21.188085556030273,20100
2019-08-30,23.68000030517578,23.68000030517578,23.5,23.6200008392334,21.206043243408203,6800
2019-09-03,23.479999542236328,23.479999542236328,23.0,23.0,20.649402618408203,7100
2019-09-04,23.610000610351562,23.610000610351562,23.440000534057617,23.440000534057617,21.044437408447266,2900
2019-09-05,23.68000030517578,23.75,23.270000457763672,23.420000076293945,21.026479721069336,7700
2019-09-06,23.6200008392334,24.0,23.190000534057617,23.610000610351562,21.197059631347656,4800
2019-09-09,24.0,24.0,23.6299991607666,24.0,21.54720687866211,6600
2019-09-10,23.5,23.899999618530273,23.459999084472656,23.56999969482422,21.16115379333496,10600
2019-09-11,23.760000228881836,25.100000381469727,23.760000228881836,24.559999465942383,22.049976348876953,18200
2019-09-12,24.329999923706055,25.489999771118164,23.639999389648438,25.25,22.669452667236328,18200
2019-09-13,25.290000915527344,25.5,25.1200008392334,25.1200008392334,22.55274772644043,13700
2019-09-16,25.18000030517578,25.18000030517578,24.356000900268555,24.90999984741211,22.36420249938965,13300
2019-09-17,24.90999984741211,25.100000381469727,24.56999969482422,24.969999313354492,22.41806983947754,13400
2019-09-18,25.059999465942383,25.100000381469727,24.735000610351562,24.75,22.220558166503906,8300
2019-09-19,24.950000762939453,25.0,24.4950008392334,24.549999237060547,22.040998458862305,14800
2019-09-20,24.5,25.03499984741211,24.1299991607666,24.989999771118164,22.4360294342041,83000
2019-09-23,24.709999084472656,24.874000549316406,24.099000930786133,24.75,22.220558166503906,7500
2019-09-24,24.43199920654297,25.0,24.326000213623047,24.6299991607666,22.112817764282227,8400
2019-09-25,24.549999237060547,25.100000381469727,24.179000854492188,25.0,22.445003509521484,21600
2019-09-26,24.809999465942383,24.899999618530273,24.5,24.510000228881836,22.005084991455078,5200
2019-09-27,25.020000457763672,25.020000457763672,24.549999237060547,24.549999237060547,22.040998458862305,5600
2019-09-30,24.780000686645508,24.899999618530273,24.239999771118164,24.399999618530273,21.906328201293945,32700
2019-10-01,24.520000457763672,24.780000686645508,24.520000457763672,24.610000610351562,22.09486198425293,7600
2019-10-02,24.280000686645508,24.59000015258789,24.020000457763672,24.020000457763672,21.565162658691406,6900
2019-10-03,23.940000534057617,24.209999084472656,23.829999923706055,24.020000457763672,21.565162658691406,1900
2019-10-04,23.920000076293945,24.290000915527344,23.799999237060547,24.290000915527344,21.807567596435547,4500
2019-10-07,24.18000030517578,24.399999618530273,23.90999984741211,23.90999984741211,21.466398239135742,4600
2019-10-08,23.8799991607666,23.969999313354492,23.760000228881836,23.760000228881836,21.331735610961914,2300
2019-10-09,23.959999084472656,24.170000076293945,23.8799991607666,23.8799991607666,21.439464569091797,4000
2019-10-10,24.059999465942383,24.18000030517578,23.809999465942383,23.950000762939453,21.502317428588867,8300
2019-10-11,24.219999313354492,24.43000030517578,24.0,24.200000762939453,21.726764678955078,9300
2019-10-14,24.100000381469727,24.25,23.770000457763672,24.25,21.77165412902832,3600
2019-10-15,24.170000076293945,24.3799991607666,24.170000076293945,24.3799991607666,21.888368606567383,3600
2019-10-16,24.350000381469727,24.350000381469727,24.219999313354492,24.239999771118164,21.762678146362305,5100
2019-10-17,24.399999618530273,24.399999618530273,24.229999542236328,24.229999542236328,21.753698348999023,6600
2019-10-18,24.1299991607666,24.479999542236328,24.1299991607666,24.3799991607666,21.888368606567383,14900
2019-10-21,24.540000915527344,24.729999542236328,24.25,24.729999542236328,22.202598571777344,6800
2019-10-22,24.45199966430664,24.6299991607666,24.3799991607666,24.3799991607666,21.888368606567383,3300
2019-10-23,24.5,24.5,24.280000686645508,24.280000686645508,21.798593521118164,3000
2019-10-24,24.489999771118164,24.5,23.979999542236328,24.450000762939453,21.951217651367188,3900
2019-10-25,24.84000015258789,24.854999542236328,24.270000457763672,24.270000457763672,21.789615631103516,5800
2019-10-28,24.65999984741211,24.690000534057617,24.139999389648438,24.579999923706055,22.067930221557617,11800
2019-10-29,24.440000534057617,24.68000030517578,24.18000030517578,24.360000610351562,21.870410919189453,7500
2019-10-30,24.31999969482422,24.989999771118164,24.31999969482422,24.90999984741211,22.36420249938965,10600
2019-10-31,24.8799991607666,24.899999618530273,24.40399932861328,24.440000534057617,21.942235946655273,14400
2019-11-01,24.65999984741211,24.729999542236328,24.09000015258789,24.389999389648438,21.897348403930664,14100
2019-11-04,24.420000076293945,24.940000534057617,24.420000076293945,24.899999618530273,22.355228424072266,7700
2019-11-05,24.899999618530273,24.899999618530273,24.75,24.850000381469727,22.310333251953125,6400
2019-11-06,24.600000381469727,24.850000381469727,24.450000762939453,24.764999389648438,22.23402214050293,5500
2019-11-07,24.899999618530273,24.950000762939453,24.850000381469727,24.899999618530273,22.355228424072266,7000
2019-11-08,24.760000228881836,24.790000915527344,24.760000228881836,24.790000915527344,22.2564640045166,1600
2019-11-11,24.739999771118164,24.739999771118164,24.434999465942383,24.700000762939453,22.1756649017334,2800
2019-11-12,24.59000015258789,24.899999618530273,24.540000915527344,24.610000610351562,22.09486198425293,3600
2019-11-13,24.559999465942383,24.899999618530273,24.540000915527344,24.81999969482422,22.283401489257812,3200
2019-11-14,24.684999465942383,24.790000915527344,24.579999923706055,24.65999984741211,22.22931671142578,3700
2019-11-15,24.850000381469727,24.979999542236328,24.65999984741211,24.790000915527344,22.34650230407715,8200
2019-11-18,24.65999984741211,24.65999984741211,23.649999618530273,24.329999923706055,21.931840896606445,9900
2019-11-19,24.479999542236328,24.979999542236328,24.450000762939453,24.979999542236328,22.51777458190918,9500
2019-11-20,24.809999465942383,24.969999313354492,24.267000198364258,24.579999923706055,22.157201766967773,23200
2019-11-21,24.5,24.899999618530273,24.489999771118164,24.540000915527344,22.121143341064453,6000
2019-11-22,24.719999313354492,24.989999771118164,24.649999618530273,24.729999542236328,22.292415618896484,5600
2019-11-25,24.625999450683594,25.18000030517578,24.610000610351562,24.940000534057617,22.48171615600586,16100
2019-11-26,24.93000030517578,24.93000030517578,24.260000228881836,24.260000228881836,21.868743896484375,11300
2019-11-27,24.013999938964844,24.780000686645508,24.013999938964844,24.049999237060547,21.679439544677734,5600
2019-11-29,24.399999618530273,24.690000534057617,23.768999099731445,24.600000381469727,22.175230026245117,5600
2019-12-02,24.479999542236328,24.540000915527344,24.3799991607666,24.540000915527344,22.121143341064453,3600
2019-12-03,24.18000030517578,24.5,24.097999572753906,24.420000076293945,22.012971878051758,2700
2019-12-04,24.600000381469727,24.829999923706055,24.347999572753906,24.649999618530273,22.220306396484375,6600
2019-12-05,24.520000457763672,24.520000457763672,24.309999465942383,24.309999465942383,21.913814544677734,1700
2019-12-06,24.43000030517578,25.125,24.43000030517578,24.760000228881836,22.319459915161133,18900
2019-12-09,24.770000457763672,24.770000457763672,24.579999923706055,24.59000015258789,22.166217803955078,4600
2019-12-10,24.520000457763672,24.889999389648438,24.299999237060547,24.889999389648438,22.436649322509766,8200
2019-12-11,24.790000915527344,25.18000030517578,24.600000381469727,24.8799991607666,22.427631378173828,12900
2019-12-12,24.610000610351562,25.049999237060547,24.1200008392334,25.0,22.53580665588379,22900
2019-12-13,24.280000686645508,25.18000030517578,24.270000457763672,24.989999771118164,22.52678871154785,13000
2019-12-16,25.0,25.18000030517578,24.950000762939453,24.950000762939453,22.49073028564453,6500
2019-12-17,25.0,25.0,24.8700008392334,24.8700008392334,22.418617248535156,10000
2019-12-18,24.989999771118164,25.0,24.829999923706055,24.829999923706055,22.3825626373291,7600
2019-12-19,24.709999084472656,25.0,23.969999313354492,24.829999923706055,22.3825626373291,11400
2019-12-20,25.010000228881836,25.010000228881836,24.81999969482422,25.0,22.53580665588379,64000
2019-12-23,24.8799991607666,25.18000030517578,24.152999877929688,24.600000381469727,22.175230026245117,4400
2019-12-24,24.559999465942383,24.790000915527344,24.413000106811523,24.65999984741211,22.22931671142578,1900
2019-12-26,24.52400016784668,24.979999542236328,24.52400016784668,24.899999618530273,22.445663452148438,2900
2019-12-27,24.940000534057617,25.5,24.579999923706055,24.8700008392334,22.418617248535156,18500
2019-12-30,24.6299991607666,24.645000457763672,24.121000289916992,24.290000915527344,21.895784378051758,17600
2019-12-31,24.350000381469727,25.024999618530273,24.110000610351562,24.93000030517578,22.472702026367188,20800
2020-01-02,25.06999969482422,25.06999969482422,24.8799991607666,24.969999313354492,22.508760452270508,5000
2020-01-03,25.0,25.06999969482422,24.610000610351562,24.899999618530273,22.445663452148438,13200
2020-01-06,24.899999618530273,25.0,24.829999923706055,24.93000030517578,22.472702026367188,11000
2020-01-07,24.899999618530273,25.06999969482422,24.75,24.799999237060547,22.355510711669922,2600
2020-01-08,24.559999465942383,25.110000610351562,24.34600067138672,24.969999313354492,22.508760452270508,12300
2020-01-09,25.0,25.0,25.0,25.0,22.53580665588379,3500
2020-01-10,24.959999084472656,25.09000015258789,24.639999389648438,24.979999542236328,22.51777458190918,10000
2020-01-13,24.90999984741211,25.0,24.899999618530273,25.0,22.53580665588379,8300
2020-01-14,24.93000030517578,25.0,24.850000381469727,24.920000076293945,22.463685989379883,9000
2020-01-15,24.790000915527344,24.989999771118164,24.790000915527344,24.969999313354492,22.508760452270508,6000
2020-01-16,25.0,25.03499984741211,24.739999771118164,24.899999618530273,22.445663452148438,23200
2020-01-17,25.110000610351562,25.110000610351562,24.729999542236328,24.729999542236328,22.292415618896484,6600
2020-01-21,24.65999984741211,24.989999771118164,24.459999084472656,24.6299991607666,22.202274322509766,10400
2020-01-22,24.5,24.625,24.299999237060547,24.40999984741211,22.003955841064453,3800
2020-01-23,24.510000228881836,24.860000610351562,24.510000228881836,24.860000610351562,22.40960121154785,3400
2020-01-24,24.709999084472656,24.959999084472656,24.649999618530273,24.649999618530273,22.220306396484375,6000
2020-01-27,24.889999389648438,25.38599967956543,24.59000015258789,24.59000015258789,22.166217803955078,33400
2020-01-28,25.0,25.08099937438965,24.799999237060547,25.0,22.53580665588379,12700
2020-01-29,25.030000686645508,25.3700008392334,25.0,25.3700008392334,22.869333267211914,12400
2020-01-30,25.139999389648438,25.18000030517578,24.8700008392334,24.8700008392334,22.418617248535156,4100
2020-01-31,24.65999984741211,24.969999313354492,24.60099983215332,24.780000686645508,22.337488174438477,13900
2020-02-03,25.030000686645508,25.75,24.768999099731445,25.260000228881836,22.77017593383789,33400
2020-02-04,25.530000686645508,25.6299991607666,24.81599998474121,25.399999618530273,22.896373748779297,20600
2020-02-05,25.600000381469727,26.299999237060547,25.600000381469727,26.0,23.43723487854004,54200
2020-02-06,26.200000762939453,26.25,25.985000610351562,26.020000457763672,23.45526695251465,17800
2020-02-07,26.030000686645508,26.100000381469727,25.739999771118164,25.739999771118164,23.202861785888672,41300
2020-02-10,25.77400016784668,26.0,25.75,26.0,23.43723487854004,6400
2020-02-11,26.059999465942383,26.200000762939453,26.059999465942383,26.110000610351562,23.536388397216797,7900
2020-02-12,26.31999969482422,26.31999969482422,26.200000762939453,26.209999084472656,23.626537322998047,7500
2020-02-13,26.100000381469727,26.510000228881836,26.100000381469727,26.5,23.979442596435547,26200
2020-02-14,26.25,26.260000228881836,26.139999389648438,26.190000534057617,23.698928833007812,7700
2020-02-18,26.280000686645508,26.639999389648438,25.56999969482422,25.56999969482422,23.137897491455078,9500
2020-02-19,25.860000610351562,26.139999389648438,25.600000381469727,25.600000381469727,23.1650447845459,19000
2020-02-20,25.610000610351562,25.843000411987305,25.510000228881836,25.709999084472656,23.26458168029785,10900
2020-02-21,25.780000686645508,25.93000030517578,25.450000762939453,25.450000762939453,23.029312133789062,25600
2020-02-24,24.979999542236328,25.315000534057617,24.899999618530273,25.030000686645508,22.649261474609375,7000
2020-02-25,25.139999389648438,25.325000762939453,24.649999618530273,24.899999618530273,22.531627655029297,15000
2020-02-26,25.010000228881836,25.239999771118164,24.75,25.0,22.622116088867188,9300
2020-02-27,24.899999618530273,25.31999969482422,24.719999313354492,24.770000457763672,22.413991928100586,32900
2020-02-28,24.3700008392334,24.850000381469727,23.489999771118164,24.06999969482422,21.780569076538086,41700
2020-03-02,23.92300033569336,24.283000946044922,23.68400001525879,24.079999923706055,21.789615631103516,16800
2020-03-03,23.959999084472656,24.3799991607666,22.969999313354492,23.18000030517578,20.975221633911133,15200
2020-03-04,23.75,23.75,22.799999237060547,23.59000015258789,21.346229553222656,37200
2020-03-05,23.139999389648438,23.59000015258789,21.299999237060547,21.600000381469727,19.545507431030273,16000
2020-03-06,21.309999465942383,22.100000381469727,21.267000198364258,21.690000534057617,19.6269474029541,14600
2020-03-09,20.850000381469727,21.333999633789062,18.700000762939453,19.5,17.645248413085938,20400
2020-03-10,19.850000381469727,19.850000381469727,16.604000091552734,18.610000610351562,16.839902877807617,34100
2020-03-11,17.709999084472656,18.450000762939453,17.270000457763672,17.469999313354492,15.808332443237305,30900
2020-03-12,16.719999313354492,17.6299991607666,15.100000381469727,15.109999656677246,13.672805786132812,96200
2020-03-13,16.469999313354492,16.610000610351562,13.25,15.0,13.573270797729492,124600
2020-03-16,12.58899974822998,13.699999809265137,10.90999984741211,10.90999984741211,9.872289657592773,67400
2020-03-17,11.989999771118164,13.0,10.489999771118164,11.0,9.953729629516602,102900
2020-03-18,11.210000038146973,13.699999809265137,10.350000381469727,10.399999618530273,9.410798072814941,108700
2020-03-19,10.399999618530273,12.425000190734863,9.25,9.640000343322754,8.723087310791016,181200
2020-03-20,9.75,10.680000305175781,9.75,9.960000038146973,9.012650489807129,153700
2020-03-23,10.100000381469727,10.229999542236328,9.170000076293945,9.829999923706055,8.895015716552734,36300
2020-03-24,10.34000015258789,10.970000267028809,10.0,10.25,9.275066375732422,48500
2020-03-25,10.25,12.829999923706055,10.149999618530273,11.1899995803833,10.12565803527832,82900
2020-03-26,11.010000228881836,15.074999809265137,11.0,14.869999885559082,13.455635070800781,55100
2020-03-27,14.699999809265137,14.699999809265137,12.0,13.420000076293945,12.14355182647705,75200
2020-03-30,13.300000190734863,14.579999923706055,12.260000228881836,13.5,12.215941429138184,43100
2020-03-31,13.529999732971191,14.229999542236328,12.680000305175781,13.5,12.215941429138184,53600
2020-04-01,13.279999732971191,13.279999732971191,11.25,11.270000457763672,10.198047637939453,105100
2020-04-02,10.970000267028809,12.1899995803833,10.970000267028809,11.880000114440918,10.750027656555176,35500
2020-04-03,11.649999618530273,12.529999732971191,10.850000381469727,11.0,9.953729629516602,49600
2020-04-06,11.619999885559082,13.420000076293945,11.619999885559082,12.300000190734863,11.130081176757812,54300
2020-04-07,12.819999694824219,13.133999824523926,11.260000228881836,11.960000038146973,10.822419166564941,72100
2020-04-08,12.449999809265137,12.800000190734863,11.609999656677246,12.630000114440918,11.428691864013672,56600
2020-04-09,13.180000305175781,13.651000022888184,12.789999961853027,13.449999809265137,12.170698165893555,42200
2020-04-13,13.850000381469727,13.850000381469727,12.300000190734863,12.789999961853027,11.573473930358887,32500
2020-04-14,13.180000305175781,13.84000015258789,12.84000015258789,12.949999809265137,11.718255043029785,29100
2020-04-15,12.510000228881836,12.510000228881836,11.510000228881836,11.859999656677246,10.731931686401367,35100
2020-04-16,12.199999809265137,12.199999809265137,11.100000381469727,11.699999809265137,10.587150573730469,41400
2020-04-17,12.369999885559082,12.630000114440918,11.920000076293945,12.039999961853027,10.894807815551758,33300
2020-04-20,12.020000457763672,12.489999771118164,11.680000305175781,11.829999923706055,10.70478343963623,52200
2020-04-21,11.279999732971191,12.100000381469727,11.109999656677246,12.079999923706055,10.931005477905273,44500
2020-04-22,12.380000114440918,12.380000114440918,11.59000015258789,12.149999618530273,10.994345664978027,21200
2020-04-23,12.079999923706055,13.079999923706055,11.819999694824219,12.579999923706055,11.383447647094727,33500
2020-04-24,13.109999656677246,13.109999656677246,12.319999694824219,12.520000457763672,11.329154968261719,90400
2020-04-27,12.899999618530273,13.37600040435791,12.59000015258789,13.239999771118164,11.980672836303711,93300
2020-04-28,13.489999771118164,14.579999923706055,13.130000114440918,14.010000228881836,12.6774320602417,39900
2020-04-29,13.239999771118164,14.90999984741211,11.84000015258789,14.489999771118164,13.111776351928711,86400
2020-04-30,14.010000228881836,14.324999809265137,13.5,13.979999542236328,12.650285720825195,27400
2020-05-01,13.15999984741211,14.180000305175781,12.300999641418457,12.960000038146973,11.727303504943848,45300
2020-05-04,12.609999656677246,12.8100004196167,11.84000015258789,12.739999771118164,11.528230667114258,30700
2020-05-05,12.739999771118164,14.050000190734863,12.470000267028809,12.579999923706055,11.383447647094727,84400
2020-05-06,12.619999885559082,12.619999885559082,11.550000190734863,11.779999732971191,10.659541130065918,30900
2020-05-07,11.9399995803833,13.3100004196167,11.65999984741211,11.960000038146973,10.822419166564941,67500
2020-05-08,12.369999885559082,13.029999732971191,11.75,12.079999923706055,10.931005477905273,62800
2020-05-11,12.020000457763672,12.279999732971191,11.329999923706055,11.989999771118164,10.849566459655762,51200
2020-05-12,12.100000381469727,12.100000381469727,11.34000015258789,11.34000015258789,10.26138973236084,69000
2020-05-13,11.25,11.260000228881836,10.430000305175781,11.119999885559082,10.06231689453125,60100
2020-05-14,10.720000267028809,11.399999618530273,10.0,11.079999923706055,10.117103576660156,155400
2020-05-15,11.069999694824219,11.460000038146973,10.895000457763672,11.4399995803833,10.445815086364746,28100
2020-05-18,11.920000076293945,12.600000381469727,10.946999549865723,12.34000015258789,11.267602920532227,79900
2020-05-19,12.289999961853027,12.529999732971191,11.890000343322754,12.029999732971191,10.984542846679688,55300
2020-05-20,12.3100004196167,12.75,12.239999771118164,12.550000190734863,11.459352493286133,56900
2020-05-21,12.5,12.920000076293945,12.079999923706055,12.649999618530273,11.55066204071045,85600
2020-05-22,12.729999542236328,12.729999542236328,12.399999618530273,12.729999542236328,11.623709678649902,25200
2020-05-26,13.170000076293945,14.470000267028809,13.15999984741211,13.789999961853027,12.591592788696289,93800
2020-05-27,14.100000381469727,14.329999923706055,13.930000305175781,14.140000343322754,12.911175727844238,97200
2020-05-28,14.380000114440918,16.329999923706055,14.3100004196167,15.199999809265137,13.879056930541992,89300
2020-05-29,15.149999618530273,15.649999618530273,14.050000190734863,14.489999771118164,13.230758666992188,61600
2020-06-01,14.869999885559082,14.869999885559082,14.0,14.0,12.783342361450195,67700
2020-06-02,14.130000114440918,14.460000038146973,14.0,14.1899995803833,12.956829071044922,67600
2020-06-03,14.369999885559082,16.344999313354492,14.149999618530273,15.649999618530273,14.289949417114258,77000
2020-06-04,15.510000228881836,15.84000015258789,14.96500015258789,15.619999885559082,14.262557029724121,63700
2020-06-05,16.399999618530273,17.989999771118164,16.334999084472656,17.360000610351562,15.851343154907227,129400
2020-06-08,18.190000534057617,18.190000534057617,16.610000610351562,16.719999313354492,15.266961097717285,87400
2020-06-09,16.3700008392334,17.329999923706055,16.0,16.93000030517578,15.458710670471191,59000
2020-06-10,17.100000381469727,17.100000381469727,16.0,16.0,14.609536170959473,59100
2020-06-11,15.34000015258789,15.34000015258789,13.84000015258789,13.979999542236328,12.7650785446167,58100
2020-06-12,14.6899995803833,14.949999809265137,14.25,14.84000015258789,13.550342559814453,42800
2020-06-15,14.25,15.244999885559082,14.130000114440918,15.029999732971191,13.72382926940918,51200
2020-06-16,15.800000190734863,16.8700008392334,15.057999610900879,16.559999465942383,15.120865821838379,93000
2020-06-17,16.540000915527344,16.799999237060547,15.050000190734863,15.350000381469727,14.016020774841309,79200
2020-06-18,15.239999771118164,16.950000762939453,15.079999923706055,16.56999969482422,15.129996299743652,140100
2020-06-19,16.450000762939453,16.850000381469727,14.859999656677246,15.100000381469727,13.787748336791992,276100
2020-06-22,14.979999542236328,15.539999961853027,14.760000228881836,15.430000305175781,14.089068412780762,88000
2020-06-23,15.5600004196167,16.049999237060547,14.859999656677246,15.0,13.696439743041992,112400
2020-06-24,14.729999542236328,14.789999961853027,14.039999961853027,14.449999809265137,13.194234848022461,66700
2020-06-25,14.319999694824219,14.699999809265137,14.029999732971191,14.640000343322754,13.367725372314453,44300
2020-06-26,14.40999984741211,14.520000457763672,14.029999732971191,14.279999732971191,13.039011001586914,126000
2020-06-29,14.5,15.010000228881836,14.5,14.779999732971191,13.49555778503418,47500
2020-06-30,14.680000305175781,15.550000190734863,14.680000305175781,15.350000381469727,14.016020774841309,56600
2020-07-01,15.40999984741211,15.40999984741211,14.470000267028809,14.520000457763672,13.25815200805664,29700
2020-07-02,15.010000228881836,15.010000228881836,14.079999923706055,14.210000038146973,12.975091934204102,31900
2020-07-06,14.529999732971191,14.737000465393066,14.199999809265137,14.489999771118164,13.230758666992188,30100
2020-07-07,14.260000228881836,14.819999694824219,13.789999961853027,13.8100004196167,12.609855651855469,30600
2020-07-08,13.670000076293945,14.585000038146973,13.550000190734863,13.6899995803833,12.50028133392334,24900
2020-07-09,13.600000381469727,14.145000457763672,12.763999938964844,12.8100004196167,11.696760177612305,39400
2020-07-10,12.960000038146973,13.970000267028809,12.800000190734863,13.760000228881836,12.56419849395752,34200
2020-07-13,13.949999809265137,14.154999732971191,13.1899995803833,13.859999656677246,12.655508041381836,55100
2020-07-14,14.0,15.220000267028809,13.289999961853027,13.710000038146973,12.518546104431152,73000
2020-07-15,14.0,15.039999961853027,14.0,14.800000190734863,13.513819694519043,44400
2020-07-16,15.746999740600586,15.746999740600586,14.279999732971191,14.579999923706055,13.31293773651123,37900
2020-07-17,14.3100004196167,14.885000228881836,13.779999732971191,14.09000015258789,12.865521430969238,29700
2020-07-20,13.890000343322754,14.0600004196167,12.649999618530273,13.729999542236328,12.536806106567383,23000
2020-07-21,13.84000015258789,14.979999542236328,13.84000015258789,14.359999656677246,13.112056732177734,23900
2020-07-22,14.140000343322754,14.649999618530273,13.989999771118164,14.25,13.011614799499512,23000
2020-07-23,13.979999542236328,14.609999656677246,13.850000381469727,14.0,12.783342361450195,34600
2020-07-24,13.869999885559082,14.265000343322754,13.869999885559082,13.880000114440918,12.673770904541016,10500
2020-07-27,14.0600004196167,14.267999649047852,13.550000190734863,13.699999809265137,12.509411811828613,10700
2020-07-28,13.550000190734863,13.9399995803833,13.5,13.670000076293945,12.48202133178711,4700
2020-07-29,13.65999984741211,14.260000228881836,13.65999984741211,14.210000038146973,12.975091934204102,20500
2020-07-30,14.0,14.187999725341797,13.399999618530273,13.550000190734863,12.37244987487793,35100
2020-07-31,13.510000228881836,13.800000190734863,13.4399995803833,13.640000343322754,12.454627990722656,30000
2020-08-03,13.520000457763672,13.710000038146973,13.300000190734863,13.539999961853027,12.363319396972656,26900
2020-08-04,13.399999618530273,13.399999618530273,13.279999732971191,13.350000381469727,12.189831733703613,8700
2020-08-05,13.539999961853027,14.050000190734863,13.430000305175781,13.899999618530273,12.692030906677246,39900
2020-08-06,13.800000190734863,14.0,13.65999984741211,13.9399995803833,12.728556632995605,15700
2020-08-07,13.8100004196167,14.890000343322754,13.760000228881836,14.869999885559082,13.57773494720459,67000
2020-08-10,14.779999732971191,15.350000381469727,14.489999771118164,15.039999961853027,13.732961654663086,28900
2020-08-11,15.289999961853027,15.364999771118164,14.420000076293945,14.970000267028809,13.669045448303223,45600
2020-08-12,15.399999618530273,15.399999618530273,14.65999984741211,15.09000015258789,13.778616905212402,26900
2020-08-13,14.84000015258789,14.960000038146973,14.180000305175781,14.600000381469727,13.420133590698242,21000
2020-08-14,14.710000038146973,15.100000381469727,13.819999694824219,14.729999542236328,13.539626121520996,17200
2020-08-17,14.279999732971191,14.600000381469727,14.199999809265137,14.59000015258789,13.410941123962402,6000
2020-08-18,14.449999809265137,14.779999732971191,13.75,13.890000343322754,12.767511367797852,16200
2020-08-19,14.15999984741211,14.289999961853027,13.699999809265137,13.800000190734863,12.684782028198242,24800
2020-08-20,13.529999732971191,13.621000289916992,13.25,13.34000015258789,12.261957168579102,16200
2020-08-21,13.220000267028809,13.220000267028809,12.119999885559082,12.130000114440918,11.149741172790527,79800
2020-08-24,12.449999809265137,13.970000267028809,12.449999809265137,13.819999694824219,12.703166007995605,43300
2020-08-25,14.0,14.960000038146973,13.640000343322754,14.850000381469727,13.649930953979492,46500
2020-08-26,14.779999732971191,14.8100004196167,13.982999801635742,14.119999885559082,12.978923797607422,28400
2020-08-27,14.180000305175781,14.600000381469727,13.71500015258789,14.550000190734863,13.374175071716309,56500
2020-08-28,14.609999656677246,15.140000343322754,14.470000267028809,15.0600004196167,13.842960357666016,47200
2020-08-31,15.180000305175781,15.390000343322754,14.220000267028809,14.470000267028809,13.300639152526855,47400
2020-09-01,14.369999885559082,15.640000343322754,14.329999923706055,15.5,14.247403144836426,53100
2020-09-02,15.430000305175781,16.0,14.819999694824219,15.949999809265137,14.661036491394043,81200
2020-09-03,15.970000267028809,15.970000267028809,15.399999618530273,15.579999923706055,14.320937156677246,18100
2020-09-04,15.850000381469727,15.920000076293945,15.449999809265137,15.550000190734863,14.293360710144043,72700
2020-09-08,15.3100004196167,15.484999656677246,14.880000114440918,15.34000015258789,14.10033130645752,41300
2020-09-09,15.649999618530273,15.75,14.670000076293945,15.229999542236328,13.99921989440918,56300
2020-09-10,15.25,15.489999771118164,15.130000114440918,15.140000343322754,13.916495323181152,44900
2020-09-11,15.199999809265137,15.274999618530273,15.0,15.050000190734863,13.83376693725586,35300
2020-09-14,15.220000267028809,15.40999984741211,14.979999542236328,15.1899995803833,13.962453842163086,23400
2020-09-15,15.350000381469727,15.369999885559082,15.0600004196167,15.0600004196167,13.842960357666016,26200
2020-09-16,15.220000267028809,15.390000343322754,15.020000457763672,15.100000381469727,13.879728317260742,47300
2020-09-17,15.0,15.305000305175781,14.930000305175781,14.9399995803833,13.732657432556152,53900
2020-09-18,15.130000114440918,15.5600004196167,14.5649995803833,14.739999771118164,13.548819541931152,740400
2020-09-21,14.5,15.300000190734863,13.380000114440918,13.649999618530273,12.546903610229492,46600
2020-09-22,13.6899995803833,13.8100004196167,13.020000457763672,13.079999923706055,12.022970199584961,36000
2020-09-23,13.079999923706055,13.329999923706055,12.760000228881836,12.789999961853027,11.756404876708984,44500
2020-09-24,12.829999923706055,13.529999732971191,12.77400016784668,13.359999656677246,12.280340194702148,42800
2020-09-25,13.1899995803833,13.720000267028809,12.600000381469727,13.510000228881836,12.418217658996582,19800
2020-09-28,13.670000076293945,14.75,13.670000076293945,14.109999656677246,12.969733238220215,29300
2020-09-29,14.229999542236328,14.680000305175781,13.859999656677246,14.1899995803833,13.043266296386719,20900
2020-09-30,14.3100004196167,15.140000343322754,14.3100004196167,15.0,13.787809371948242,43400
2020-10-01,15.09000015258789,15.569999694824219,14.710000038146973,15.319999694824219,14.081949234008789,42200
2020-10-02,15.029999732971191,15.770000457763672,15.029999732971191,15.5,14.247403144836426,47000
2020-10-05,15.600000381469727,15.800000190734863,15.399999618530273,15.729999542236328,14.458813667297363,32000
2020-10-06,15.84000015258789,15.949999809265137,15.390000343322754,15.399999618530273,14.15548324584961,62000
2020-10-07,15.180000305175781,16.0,15.180000305175781,16.0,14.70699691772461,57900
2020-10-08,16.0,16.260000228881836,15.829999923706055,16.079999923706055,14.78053092956543,44000
2020-10-09,16.200000762939453,16.200000762939453,15.800000190734863,15.819999694824219,14.541542053222656,10500
2020-10-12,15.84000015258789,16.200000762939453,15.739999771118164,16.149999618530273,14.844873428344727,24800
2020-10-13,15.979999542236328,15.979999542236328,15.420000076293945,15.489999771118164,14.238208770751953,11400
2020-10-14,15.470000267028809,15.670000076293945,15.15999984741211,15.220000267028809,13.990030288696289,7500
2020-10-15,14.989999771118164,15.899999618530273,14.9399995803833,15.739999771118164,14.468005180358887,13700
2020-10-16,15.609999656677246,16.125,15.609999656677246,16.06999969482422,14.771337509155273,26800
2020-10-19,15.90999984741211,16.149999618530273,15.760000228881836,15.850000381469727,14.56911849975586,9700
2020-10-20,16.0,16.450000762939453,16.0,16.350000381469727,15.02871036529541,27400
2020-10-21,16.399999618530273,16.469999313354492,16.229000091552734,16.40999984741211,15.083864212036133,15600
2020-10-22,16.489999771118164,17.0,16.31999969482422,16.950000762939453,15.580224990844727,70500
2020-10-23,17.15999984741211,17.350000381469727,16.68000030517578,17.15999984741211,15.7732515335083,31600
2020-10-26,17.15999984741211,17.15999984741211,16.433000564575195,16.979999542236328,15.607800483703613,15800
2020-10-27,16.780000686645508,16.790000915527344,16.34000015258789,16.360000610351562,15.037903785705566,12300
2020-10-28,15.899999618530273,16.639999389648438,15.670000076293945,16.209999084472656,14.900023460388184,31000
2020-10-29,16.059999465942383,17.075000762939453,15.899999618530273,16.959999084472656,15.589411735534668,33200
2020-10-30,16.649999618530273,16.959999084472656,16.190000534057617,16.610000610351562,15.267701148986816,28900
2020-11-02,16.530000686645508,17.0,16.40999984741211,16.899999618530273,15.534266471862793,24300
2020-11-03,17.200000762939453,17.75,17.200000762939453,17.68000030517578,16.251230239868164,44700
2020-11-04,17.3700008392334,17.3700008392334,16.18000030517578,16.350000381469727,15.02871036529541,11100
2020-11-05,16.299999237060547,17.28499984741211,16.299999237060547,17.110000610351562,15.727293968200684,43000
2020-11-06,17.290000915527344,17.299999237060547,16.891000747680664,17.219999313354492,15.828405380249023,104000
2020-11-09,18.510000228881836,19.954999923706055,18.440000534057617,19.170000076293945,17.620817184448242,70600
2020-11-10,19.56999969482422,20.78499984741211,19.5,20.200000762939453,18.567583084106445,73500
2020-11-11,20.399999618530273,20.399999618530273,19.020000457763672,20.0,18.383745193481445,31600
2020-11-12,19.459999084472656,19.704999923706055,18.510000228881836,18.739999771118164,17.312129974365234,27000
2020-11-13,19.0,19.545000076293945,18.959999084472656,19.290000915527344,17.820222854614258,28100
2020-11-16,19.90999984741211,20.329999923706055,19.850000381469727,20.100000381469727,18.568504333496094,52500
2020-11-17,19.790000915527344,20.5,19.790000915527344,20.0,18.476125717163086,30400
2020-11-18,20.239999771118164,20.360000610351562,19.75,19.75,18.24517250061035,21300
2020-11-19,19.700000762939453,19.93000030517578,19.43400001525879,19.860000610351562,18.34678840637207,15400
2020-11-20,19.510000228881836,19.764999389648438,18.90999984741211,18.950000762939453,17.50613021850586,45600
2020-11-23,19.329999923706055,19.454999923706055,18.809999465942383,19.399999618530273,17.921842575073242,32300
2020-11-24,19.760000228881836,20.350000381469727,19.760000228881836,20.260000228881836,18.71631622314453,55600
2020-11-25,19.84000015258789,20.299999237060547,19.84000015258789,20.059999465942383,18.531551361083984,16200
2020-11-27,20.040000915527344,20.280000686645508,19.604999542236328,20.209999084472656,18.67012596130371,7600
2020-11-30,20.200000762939453,20.200000762939453,18.600000381469727,18.670000076293945,17.247461318969727,21800
2020-12-01,19.260000228881836,19.8700008392334,18.174999237060547,19.0,17.552318572998047,52800
2020-12-02,19.0,20.209999084472656,19.0,20.040000915527344,18.513078689575195,14300
2020-12-03,19.760000228881836,20.219999313354492,19.60099983215332,19.719999313354492,18.21746063232422,11600
2020-12-04,19.989999771118164,20.489999771118164,19.6200008392334,20.399999618530273,18.845645904541016,20200
2020-12-07,20.149999618530273,20.5,19.739999771118164,20.15999984741211,18.623933792114258,18800
2020-12-08,20.020000457763672,20.450000762939453,19.969999313354492,20.450000762939453,18.89183807373047,31400
2020-12-09,20.450000762939453,20.489999771118164,19.670000076293945,19.780000686645508,18.27288818359375,39500
2020-12-10,19.799999237060547,20.15999984741211,19.094999313354492,19.709999084472656,18.208223342895508,35600
2020-12-11,19.479999542236328,20.450000762939453,19.479999542236328,20.25,18.707077026367188,28600
2020-12-14,20.5,20.690000534057617,20.149999618530273,20.5,18.938030242919922,34100
2020-12-15,20.600000381469727,21.610000610351562,20.569000244140625,21.40999984741211,19.778690338134766,85100
2020-12-16,21.399999618530273,21.649999618530273,20.989999771118164,21.170000076293945,19.556976318359375,19600
2020-12-17,20.950000762939453,21.989999771118164,20.8799991607666,21.850000381469727,20.185165405273438,41200
2020-12-18,21.950000762939453,22.0,21.43000030517578,21.989999771118164,20.314496994018555,207400
2020-12-21,21.799999237060547,21.836000442504883,20.309999465942383,20.559999465942383,18.993453979492188,21700
2020-12-22,20.43000030517578,20.53499984741211,20.010000228881836,20.030000686645508,18.50383949279785,15800
2020-12-23,20.100000381469727,20.360000610351562,20.06999969482422,20.229999542236328,18.6885986328125,19700
2020-12-24,20.28499984741211,20.28499984741211,20.0,20.010000228881836,18.485361099243164,19500
2020-12-28,20.360000610351562,20.3799991607666,20.0,20.270000457763672,18.725553512573242,39300
2020-12-29,20.440000534057617,20.440000534057617,20.100000381469727,20.290000915527344,18.744029998779297,14300
2020-12-30,20.149999618530273,20.719999313354492,20.149999618530273,20.649999618530273,19.076597213745117,27000
2020-12-31,20.459999084472656,20.670000076293945,20.15999984741211,20.360000610351562,18.80869483947754,21600
2021-01-04,20.579999923706055,20.579999923706055,20.0,20.18000030517578,18.64240837097168,29400
2021-01-05,20.25,20.920000076293945,20.024999618530273,20.6299991607666,19.05811882019043,44100
2021-01-06,21.139999389648438,22.200000762939453,21.049999237060547,21.739999771118164,20.08354949951172,67100
2021-01-07,21.90999984741211,22.075000762939453,21.350000381469727,21.65999984741211,20.009641647338867,29400
2021-01-08,21.440000534057617,21.444000244140625,21.059999465942383,21.329999923706055,19.704788208007812,22400
2021-01-11,21.100000381469727,21.90999984741211,20.834999084472656,21.690000534057617,20.03736114501953,8200
2021-01-12,21.72599983215332,22.149999618530273,21.649999618530273,21.959999084472656,20.286785125732422,22900
2021-01-13,21.84000015258789,21.950000762939453,21.200000762939453,21.549999237060547,19.908023834228516,21600
2021-01-14,21.81999969482422,22.1299991607666,21.81999969482422,22.040000915527344,20.360692977905273,34000
2021-01-15,21.90999984741211,21.989999771118164,20.59000015258789,21.299999237060547,19.677074432373047,101200
2021-01-19,21.360000610351562,22.110000610351562,20.65999984741211,22.0,20.32373809814453,39000
2021-01-20,22.0,22.15999984741211,21.260000228881836,21.6200008392334,19.972692489624023,43000
2021-01-21,21.530000686645508,21.549999237060547,20.700000762939453,20.700000762939453,19.12279510498047,44800
2021-01-22,20.420000076293945,21.399999618530273,20.09000015258789,21.3799991607666,19.750974655151367,39700
2021-01-25,20.989999771118164,21.31999969482422,20.329999923706055,21.0,19.39992904663086,38300
2021-01-26,21.239999771118164,21.297000885009766,20.299999237060547,20.799999237060547,19.215167999267578,61700
2021-01-27,20.299999237060547,20.739999771118164,20.200000762939453,20.450000762939453,18.89183807373047,53600
2021-01-28,20.690000534057617,20.979999542236328,20.40999984741211,20.81999969482422,19.233646392822266,45100
2021-01-29,20.68000030517578,20.90999984741211,20.020000457763672,20.299999237060547,18.753265380859375,52000
2021-02-01,20.309999465942383,20.690000534057617,20.0,20.350000381469727,18.79945945739746,17600
2021-02-02,20.6299991607666,20.979999542236328,20.39699935913086,20.719999313354492,19.141265869140625,20600
2021-02-03,20.549999237060547,20.799999237060547,20.075000762939453,20.65999984741211,19.085832595825195,73800
2021-02-04,20.65999984741211,21.39299964904785,20.65999984741211,21.15999984741211,19.547744750976562,87900
2021-02-05,21.524999618530273,21.62299919128418,21.0,21.530000686645508,19.889551162719727,36000
2021-02-08,21.479999542236328,21.899999618530273,21.469999313354492,21.899999618530273,20.23135757446289,26500
2021-02-09,21.700000762939453,21.8799991607666,21.489999771118164,21.809999465942383,20.14821434020996,20800
2021-02-10,21.75,22.079999923706055,21.75,22.040000915527344,20.360692977905273,67900
2021-02-11,21.93000030517578,22.19499969482422,21.75,21.809999465942383,20.240047454833984,31100
2021-02-12,21.8700008392334,22.170000076293945,21.670000076293945,21.860000610351562,20.28645133972168,26500
2021-02-16,22.860000610351562,22.860000610351562,21.899999618530273,21.899999618530273,20.32356834411621,27900
2021-02-17,22.125,22.125,21.860000610351562,21.90999984741211,20.332847595214844,24800
2021-02-18,22.1200008392334,22.1200008392334,21.75,21.850000381469727,20.27716827392578,20200
2021-02-19,22.1299991607666,22.32900047302246,21.899999618530273,22.100000381469727,20.509174346923828,26600
2021-02-22,22.049999237060547,22.850000381469727,22.049999237060547,22.65999984741211,21.028860092163086,36300
2021-02-23,22.770000457763672,23.405000686645508,22.389999389648438,22.530000686645508,20.90821647644043,23000
2021-02-24,22.68000030517578,23.440000534057617,22.68000030517578,23.40999984741211,21.724876403808594,38200
2021-02-25,23.479999542236328,23.599000930786133,22.540000915527344,22.639999389648438,21.01030158996582,30400
2021-02-26,22.780000686645508,23.05699920654297,21.969999313354492,21.969999313354492,20.388530731201172,33100
2021-03-01,22.75,22.844999313354492,22.040000915527344,22.829999923706055,21.18662452697754,26500
2021-03-02,22.649999618530273,22.735000610351562,22.25,22.270000457763672,20.66693687438965,16700
2021-03-03,22.489999771118164,23.5,21.450000762939453,22.940000534057617,21.28870964050293,27900
2021-03-04,23.34000015258789,23.65999984741211,22.360000610351562,22.940000534057617,21.28870964050293,70400
2021-03-05,23.149999618530273,23.75,22.81999969482422,23.649999618530273,21.947599411010742,37800
2021-03-08,23.649999618530273,24.0,23.549999237060547,24.0,22.272401809692383,78500
2021-03-09,23.899999618530273,24.0,23.440000534057617,23.700000762939453,21.994003295898438,40400
2021-03-10,23.860000610351562,24.25,23.639999389648438,24.25,22.504409790039062,69900
2021-03-11,24.25,24.25,23.510000228881836,24.18000030517578,22.4394474029541,39300
2021-03-12,24.329999923706055,24.329999923706055,23.940000534057617,24.25,22.504409790039062,36500
2021-03-15,24.049999237060547,24.049999237060547,23.309999465942383,23.6200008392334,21.91975975036621,26400
2021-03-16,23.479999542236328,23.489999771118164,22.68000030517578,23.079999923706055,21.418628692626953,12600
2021-03-17,23.690000534057617,24.070999145507812,23.030000686645508,23.510000228881836,21.81768035888672,55500
2021-03-18,23.59000015258789,24.450000762939453,23.299999237060547,23.729999542236328,22.02183723449707,37700
2021-03-19,23.610000610351562,24.8700008392334,23.084999084472656,24.649999618530273,22.87561798095703,182500
2021-03-22,24.3700008392334,24.3700008392334,22.559999465942383,22.760000228881836,21.12166404724121,37100
2021-03-23,22.5,22.780000686645508,21.559999465942383,21.729999542236328,20.16580581665039,26800
2021-03-24,22.059999465942383,23.3799991607666,22.059999465942383,22.850000381469727,21.20518684387207,35700
2021-03-25,22.75,23.59000015258789,22.600000381469727,23.170000076293945,21.50214958190918,27500
2021-03-26,23.47599983215332,24.079999923706055,23.360000610351562,24.010000228881836,22.281686782836914,27700
2021-03-29,23.719999313354492,24.229999542236328,23.510000228881836,24.079999923706055,22.346643447875977,32700
2021-03-30,24.110000610351562,24.149999618530273,22.110000610351562,23.959999084472656,22.235280990600586,35700
2021-03-31,23.760000228881836,24.350000381469727,23.760000228881836,23.93000030517578,22.20744514465332,31000
2021-04-01,23.780000686645508,24.649999618530273,23.68000030517578,24.610000610351562,22.83849334716797,35400
2021-04-05,24.90999984741211,24.93000030517578,24.5,24.81999969482422,23.03338050842285,20500
2021-04-06,24.829999923706055,24.950000762939453,23.969999313354492,24.209999084472656,22.467288970947266,29000
2021-04-07,24.1200008392334,24.139999389648438,23.260000228881836,23.709999084472656,22.003280639648438,22200
2021-04-08,23.579999923706055,23.84000015258789,23.559999465942383,23.84000015258789,22.123924255371094,10000
2021-04-09,23.709999084472656,23.90999984741211,23.610000610351562,23.639999389648438,21.938316345214844,14700
2021-04-12,23.799999237060547,23.799999237060547,23.5,23.65999984741211,21.956878662109375,10300
2021-04-13,23.239999771118164,23.493000030517578,23.020000457763672,23.200000762939453,21.529991149902344,11400
2021-04-14,23.25,23.954999923706055,23.25,23.780000686645508,22.068241119384766,22900
2021-04-15,23.979999542236328,23.979999542236328,23.0,23.729999542236328,22.02183723449707,30900
2021-04-16,24.0,24.0,23.280000686645508,23.469999313354492,21.780555725097656,22900
2021-04-19,23.450000762939453,23.799999237060547,22.549999237060547,23.510000228881836,21.81768035888672,24200
2021-04-20,23.510000228881836,23.510000228881836,22.924999237060547,23.149999618530273,21.48358726501465,41800
2021-04-21,23.69099998474121,23.719999313354492,22.969999313354492,23.09000015258789,21.42791175842285,13200
2021-04-22,23.239999771118164,23.989999771118164,22.75,22.93000030517578,21.27942657470703,9000
2021-04-23,23.98900032043457,23.98900032043457,22.760000228881836,23.280000686645508,21.604230880737305,33800
2021-04-26,23.43000030517578,23.979999542236328,23.239999771118164,23.5,21.808399200439453,12400
2021-04-27,23.639999389648438,23.639999389648438,23.170000076293945,23.5,21.808399200439453,18600
2021-04-28,23.469999313354492,23.93199920654297,23.209999084472656,23.309999465942383,21.6320743560791,13900
2021-04-29,23.799999237060547,24.0,23.65999984741211,24.0,22.272401809692383,21500
2021-04-30,23.770000457763672,24.329999923706055,23.6299991607666,23.770000457763672,22.0589599609375,51000
2021-05-03,24.010000228881836,24.649999618530273,23.799999237060547,24.049999237060547,22.318803787231445,30200
2021-05-04,24.020000457763672,24.350000381469727,23.81999969482422,23.940000534057617,22.21672248840332,37300
2021-05-05,24.18000030517578,24.3799991607666,23.75,23.829999923706055,22.114643096923828,11500
2021-05-06,23.84000015258789,24.100000381469727,23.760000228881836,23.940000534057617,22.21672248840332,12200
2021-05-07,23.8700008392334,24.350000381469727,23.8700008392334,24.280000686645508,22.53225326538086,11700
2021-05-10,24.309999465942383,24.309999465942383,23.209999084472656,23.209999084472656,21.53927230834961,20400
2021-05-11,23.010000228881836,23.3799991607666,22.729999542236328,23.010000228881836,21.353666305541992,26600
2021-05-12,23.139999389648438,23.365999221801758,22.25,22.510000228881836,20.889659881591797,40600
2021-05-13,22.93000030517578,24.079999923706055,22.5,23.809999465942383,22.21450424194336,43100
2021-05-14,23.790000915527344,24.100000381469727,23.56999969482422,24.049999237060547,22.438425064086914,14700
2021-05-17,23.8700008392334,24.170000076293945,23.81999969482422,23.989999771118164,22.382442474365234,13300
2021-05-18,23.795000076293945,24.15999984741211,23.420000076293945,23.420000076293945,21.85064125061035,12700
2021-05-19,23.149999618530273,23.809999465942383,23.0,23.739999771118164,22.149200439453125,25600
2021-05-20,24.079999923706055,24.190000534057617,23.260000228881836,24.0,22.391775131225586,49300
2021-05-21,24.239999771118164,24.5,24.100000381469727,24.43000030517578,22.79296112060547,31700
2021-05-24,24.5,24.5,24.0,24.139999389648438,22.522397994995117,15700
2021-05-25,24.31999969482422,24.43000030517578,23.280000686645508,23.280000686645508,21.720022201538086,22700
2021-05-26,23.479999542236328,24.399999618530273,23.290000915527344,24.010000228881836,22.401103973388672,14200
2021-05-27,24.25,24.5,24.010000228881836,24.170000076293945,22.550384521484375,23100
2021-05-28,24.329999923706055,24.399999618530273,23.510000228881836,24.399999618530273,22.764972686767578,31700
2021-06-01,24.40999984741211,24.56999969482422,23.8799991607666,24.350000381469727,22.718318939208984,38600
2021-06-02,24.350000381469727,24.450000762939453,24.06599998474121,24.239999771118164,22.615694046020508,24900
2021-06-03,23.90999984741211,24.30500030517578,23.90999984741211,24.18000030517578,22.55971336364746,10300
2021-06-04,24.5,24.5,23.809999465942383,23.969999313354492,22.363784790039062,16200
2021-06-07,24.110000610351562,24.25,23.84000015258789,24.1299991607666,22.513063430786133,22900
2021-06-08,24.049999237060547,24.200000762939453,23.889999389648438,23.899999618530273,22.29847526550293,15600
2021-06-09,24.010000228881836,24.030000686645508,23.56999969482422,23.709999084472656,22.1212100982666,24700
2021-06-10,23.8700008392334,23.899999618530273,23.079999923706055,23.100000381469727,21.55208396911621,38900
2021-06-11,23.280000686645508,23.440000534057617,23.020000457763672,23.350000381469727,21.78533172607422,21600
2021-06-14,23.350000381469727,23.510000228881836,23.0,23.0,21.45878028869629,25800
2021-06-15,23.190000534057617,23.459999084472656,23.059999465942383,23.299999237060547,21.738679885864258,25000
2021-06-16,23.43400001525879,23.90999984741211,22.979999542236328,23.81999969482422,22.223838806152344,53200
2021-06-17,23.809999465942383,23.889999389648438,23.020000457763672,23.020000457763672,21.477447509765625,21500
2021-06-18,22.889999389648438,24.43000030517578,22.889999389648438,24.309999465942383,22.680999755859375,214300
2021-06-21,24.260000228881836,24.329999923706055,24.010000228881836,24.100000381469727,22.485074996948242,53200
2021-06-22,24.09000015258789,24.09000015258789,23.020000457763672,23.649999618530273,22.065227508544922,62600
2021-06-23,23.549999237060547,23.549999237060547,23.0,23.18000030517578,21.62672233581543,67800
2021-06-24,23.239999771118164,23.239999771118164,22.969999313354492,23.020000457763672,21.477447509765625,94500
2021-06-25,23.059999465942383,23.709999084472656,22.950000762939453,23.690000534057617,22.102550506591797,276500
2021-06-28,23.479999542236328,23.479999542236328,22.950000762939453,23.040000915527344,21.49610137939453,57600
2021-06-29,23.18000030517578,23.18000030517578,22.989999771118164,22.989999771118164,21.44945526123047,79900
2021-06-30,23.0,23.174999237060547,22.899999618530273,22.950000762939453,21.412134170532227,39700
2021-07-01,23.149999618530273,23.489999771118164,23.0,23.100000381469727,21.55208396911621,38600
2021-07-02,23.100000381469727,23.378999710083008,22.989999771118164,23.15999984741211,21.608060836791992,68400
2021-07-06,23.0,23.149999618530273,22.899999618530273,23.0,21.45878028869629,51600
2021-07-07,23.010000228881836,23.200000762939453,22.950000762939453,23.0,21.45878028869629,63300
2021-07-08,22.690000534057617,22.850000381469727,22.299999237060547,22.5,20.992290496826172,52200
2021-07-09,22.780000686645508,22.915000915527344,22.549999237060547,22.829999923706055,21.300174713134766,50900
2021-07-12,22.770000457763672,22.8799991607666,22.510000228881836,22.84000015258789,21.30950927734375,38200
2021-07-13,22.690000534057617,22.950000762939453,22.360000610351562,22.829999923706055,21.300174713134766,71500
2021-07-14,22.8799991607666,22.950000762939453,22.68000030517578,22.829999923706055,21.300174713134766,73700
2021-07-15,22.760000228881836,23.260000228881836,22.760000228881836,23.209999084472656,21.65471076965332,68200
2021-07-16,23.360000610351562,23.569000244140625,22.829999923706055,22.899999618530273,21.36548614501953,70500
2021-07-19,22.510000228881836,22.885000228881836,22.1299991607666,22.25,20.75904083251953,73900
2021-07-20,22.299999237060547,23.079999923706055,22.299999237060547,22.649999618530273,21.13223648071289,71500
2021-07-21,22.959999084472656,23.25,22.959999084472656,23.06999969482422,21.524093627929688,27000
2021-07-22,23.059999465942383,23.06999969482422,22.65999984741211,22.760000228881836,21.234867095947266,34200
2021-07-23,23.1200008392334,23.1200008392334,22.719999313354492,22.959999084472656,21.421463012695312,23000
2021-07-26,23.030000686645508,23.329999923706055,23.020000457763672,23.079999923706055,21.533422470092773,12500
2021-07-27,23.149999618530273,23.479999542236328,22.920000076293945,23.469999313354492,21.897289276123047,21800
2021-07-28,23.469999313354492,23.860000610351562,23.40999984741211,23.6299991607666,22.046566009521484,21300
2021-07-29,23.71500015258789,24.0,23.520000457763672,23.84000015258789,22.242494583129883,11300
2021-07-30,23.709999084472656,23.709999084472656,23.239999771118164,23.309999465942383,21.74801254272461,18500
2021-08-02,23.360000610351562,23.690000534057617,22.899999618530273,23.079999923706055,21.533422470092773,57200
2021-08-03,23.239999771118164,23.670000076293945,22.90999984741211,23.600000381469727,22.018577575683594,27500
2021-08-04,23.34000015258789,23.5,23.0,23.299999237060547,21.738679885864258,39100
2021-08-05,23.43000030517578,23.729999542236328,23.31999969482422,23.579999923706055,21.99991798400879,20500
2021-08-06,23.719999313354492,24.15999984741211,23.6200008392334,24.020000457763672,22.410432815551758,31100
2021-08-09,23.940000534057617,24.25,23.850000381469727,23.90999984741211,22.307804107666016,38200
2021-08-10,24.0,24.18000030517578,23.809999465942383,23.979999542236328,22.373111724853516,24300
2021-08-11,23.959999084472656,24.149999618530273,23.850000381469727,24.079999923706055,22.466415405273438,35400
2021-08-12,24.1200008392334,24.239999771118164,23.770000457763672,23.950000762939453,22.457035064697266,82300
2021-08-13,23.860000610351562,24.299999237060547,23.860000610351562,24.200000762939453,22.69145393371582,76600
2021-08-16,24.219999313354492,24.219999313354492,23.7450008392334,23.8799991607666,22.391399383544922,37700
2021-08-17,23.799999237060547,24.09000015258789,23.40999984741211,23.579999923706055,22.11009979248047,18100
2021-08-18,23.469999313354492,23.979999542236328,23.350000381469727,23.40999984741211,21.950698852539062,26400
2021-08-19,23.260000228881836,23.59000015258789,23.06999969482422,23.34000015258789,21.885061264038086,27900
2021-08-20,23.219999313354492,23.549999237060547,23.139999389648438,23.399999618530273,21.941322326660156,28500
2021-08-23,23.65999984741211,23.670000076293945,23.299999237060547,23.559999465942383,22.09134864807129,22500
2021-08-24,23.850000381469727,24.0,23.610000610351562,23.940000534057617,22.447662353515625,42200
2021-08-25,23.920000076293945,24.114999771118164,23.59000015258789,23.75,22.269506454467773,28500
2021-08-26,23.8799991607666,23.899999618530273,23.350000381469727,23.530000686645508,22.063217163085938,27200
2021-08-27,23.790000915527344,24.079999923706055,23.790000915527344,24.040000915527344,22.541425704956055,46500
2021-08-30,24.18000030517578,24.18000030517578,23.719999313354492,23.719999313354492,22.241369247436523,29700
2021-08-31,23.8799991607666,23.959999084472656,23.549999237060547,23.920000076293945,22.428909301757812,22400
2021-09-01,23.75,24.0,23.639999389648438,23.8700008392334,22.38202667236328,24500
2021-09-02,23.989999771118164,24.059999465942383,23.690000534057617,23.84000015258789,22.353897094726562,29900
2021-09-03,23.649999618530273,23.649999618530273,23.459999084472656,23.6200008392334,22.147607803344727,12700
2021-09-07,23.540000915527344,23.700000762939453,23.2450008392334,23.25,21.80067253112793,28200
2021-09-08,23.34000015258789,23.34000015258789,22.780000686645508,22.8799991607666,21.453737258911133,26100
2021-09-09,22.979999542236328,22.979999542236328,22.389999389648438,22.489999771118164,21.088050842285156,52100
2021-09-10,22.610000610351562,22.639999389648438,22.200000762939453,22.200000762939453,20.81612777709961,27700
2021-09-13,22.459999084472656,22.469999313354492,21.989999771118164,21.989999771118164,20.619218826293945,62800
2021-09-14,22.079999923706055,22.280000686645508,21.649999618530273,21.780000686645508,20.42230987548828,36700
2021-09-15,21.690000534057617,21.93000030517578,21.68000030517578,21.899999618530273,20.534828186035156,34300
2021-09-16,22.059999465942383,22.059999465942383,21.440000534057617,21.510000228881836,20.16914176940918,36500
2021-09-17,21.549999237060547,22.920000076293945,21.364999771118164,22.81999969482422,21.397478103637695,218300
2021-09-20,22.489999771118164,22.489999771118164,21.549999237060547,22.1200008392334,20.741111755371094,53600
2021-09-21,22.878000259399414,22.878000259399414,22.049999237060547,22.100000381469727,20.722362518310547,12400
2021-09-22,22.329999923706055,22.809999465942383,22.280000686645508,22.510000228881836,21.106801986694336,19200
2021-09-23,22.600000381469727,23.399999618530273,22.600000381469727,23.09000015258789,21.65064811706543,21100
2021-09-24,23.049999237060547,23.440000534057617,22.950000762939453,23.190000534057617,21.74441146850586,11200
2021-09-27,23.3799991607666,24.06999969482422,23.299999237060547,23.90999984741211,22.419530868530273,37000
2021-09-28,24.0,24.0,23.479999542236328,23.530000686645508,22.063217163085938,22400
2021-09-29,23.229999542236328,23.6200008392334,23.1299991607666,23.6200008392334,22.147607803344727,13400
2021-09-30,23.639999389648438,23.969999313354492,23.280000686645508,23.389999389648438,21.931943893432617,12900
2021-10-01,23.440000534057617,24.0,23.440000534057617,23.6299991607666,22.156982421875,36300
2021-10-04,23.790000915527344,24.040000915527344,23.520000457763672,23.8700008392334,22.38202667236328,44000
2021-10-05,24.030000686645508,24.190000534057617,23.600000381469727,24.040000915527344,22.541425704956055,137700
2021-10-06,24.0,24.5,23.959999084472656,24.360000610351562,22.841480255126953,66000
2021-10-07,24.3799991607666,25.309999465942383,24.360000610351562,25.309999465942383,23.73225975036621,229600
2021-10-08,25.309999465942383,25.638999938964844,24.6200008392334,25.40999984741211,23.82602310180664,142400
2021-10-11,25.520000457763672,25.559999465942383,25.040000915527344,25.15999984741211,23.59160804748535,19000
2021-10-12,25.149999618530273,25.440000534057617,25.020000457763672,25.170000076293945,23.60098648071289,15200
2021-10-13,25.0,25.110000610351562,24.579999923706055,24.90999984741211,23.357194900512695,12400
2021-10-14,25.3700008392334,25.829999923706055,24.8799991607666,25.360000610351562,23.779144287109375,34500
2021-10-15,25.729999542236328,25.989999771118164,25.280000686645508,25.34000015258789,23.76038932800293,54900
2021-10-18,25.299999237060547,25.520000457763672,25.020000457763672,25.209999084472656,23.638490676879883,25500
2021-10-19,25.260000228881836,25.790000915527344,25.1299991607666,25.299999237060547,23.72287940979004,15400
2021-10-20,25.40999984741211,25.670000076293945,25.389999389648438,25.6299991607666,24.032310485839844,26900
2021-10-21,25.639999389648438,25.670000076293945,25.19499969482422,25.579999923706055,23.98542594909668,59900
2021-10-22,25.739999771118164,26.25,25.479999542236328,25.959999084472656,24.341739654541016,84900
2021-10-25,26.75,27.239999771118164,26.65999984741211,26.850000381469727,25.176259994506836,147200
2021-10-26,26.15999984741211,27.0,26.149999618530273,26.700000762939453,25.035612106323242,110700
2021-10-27,26.510000228881836,26.510000228881836,25.75,25.950000762939453,24.33236312866211,31700
2021-10-28,26.1200008392334,26.6299991607666,26.1200008392334,26.549999237060547,24.894960403442383,54300
2021-10-29,26.600000381469727,26.75,26.459999084472656,26.68000030517578,25.016855239868164,48600
2021-11-01,26.75,27.399999618530273,26.709999084472656,27.030000686645508,25.345041275024414,75200
2021-11-02,26.989999771118164,26.989999771118164,26.459999084472656,26.6200008392334,24.960599899291992,21100
2021-11-03,26.530000686645508,27.6200008392334,26.530000686645508,27.360000610351562,25.65447235107422,43000
2021-11-04,27.489999771118164,27.489999771118164,26.709999084472656,27.040000915527344,25.35441780090332,23200
2021-11-05,27.280000686645508,28.190000534057617,27.215999603271484,27.8700008392334,26.13267707824707,42200
2021-11-08,27.829999923706055,28.610000610351562,27.715999603271484,28.260000228881836,26.498363494873047,43900
2021-11-09,28.149999618530273,28.774999618530273,28.149999618530273,28.420000076293945,26.648391723632812,27900
2021-11-10,28.290000915527344,29.18000030517578,28.290000915527344,28.860000610351562,27.06096649169922,55800
2021-11-11,28.850000381469727,28.959999084472656,28.6299991607666,28.760000228881836,26.967199325561523,24900
2021-11-12,28.700000762939453,28.700000762939453,27.920000076293945,28.290000915527344,26.637643814086914,63000
2021-11-15,28.290000915527344,28.290000915527344,27.709999084472656,28.020000457763672,26.383413314819336,28100
2021-11-16,27.899999618530273,28.0,27.260000228881836,27.8700008392334,26.242172241210938,29800
2021-11-17,27.799999237060547,27.920000076293945,27.5,27.75,26.129179000854492,19400
2021-11-18,27.6299991607666,28.190000534057617,27.535999298095703,28.100000381469727,26.458740234375,39200
2021-11-19,27.799999237060547,28.0,27.559999465942383,27.850000381469727,26.223342895507812,16100
2021-11-22,28.040000915527344,28.75,28.040000915527344,28.309999465942383,26.65647315979004,24200
2021-11-23,28.6299991607666,28.889999389648438,28.200000762939453,28.739999771118164,27.06135368347168,36100
2021-11-24,28.700000762939453,29.010000228881836,28.200000762939453,28.34000015258789,26.684720993041992,11100
2021-11-26,27.649999618530273,28.274999618530273,26.5,27.5,25.893781661987305,52500
2021-11-29,27.700000762939453,28.0,27.260000228881836,27.5,25.893781661987305,45900
2021-11-30,27.450000762939453,27.860000610351562,26.950000762939453,27.5,25.893781661987305,48900
2021-12-01,27.969999313354492,28.844999313354492,27.329999923706055,27.5,25.893781661987305,50600
2021-12-02,27.389999389648438,28.083999633789062,27.200000762939453,28.020000457763672,26.383413314819336,25300
2021-12-03,28.020000457763672,28.020000457763672,27.209999084472656,27.549999237060547,25.94086265563965,27100
2021-12-06,27.899999618530273,28.0,27.670000076293945,27.760000228881836,26.13859748840332,27800
2021-12-07,27.8700008392334,28.040000915527344,27.360000610351562,27.510000228881836,25.903200149536133,25700
2021-12-08,27.649999618530273,28.219999313354492,27.280000686645508,27.6200008392334,26.006772994995117,27800
2021-12-09,27.610000610351562,27.809999465942383,27.299999237060547,27.600000381469727,25.987943649291992,23400
2021-12-10,27.670000076293945,27.670000076293945,27.09000015258789,27.610000610351562,25.997360229492188,18400
2021-12-13,27.43000030517578,27.68000030517578,27.11199951171875,27.219999313354492,25.630138397216797,26100
2021-12-14,27.31999969482422,27.799999237060547,27.040000915527344,27.40999984741211,25.809040069580078,42500
2021-12-15,27.670000076293945,28.299999237060547,27.420000076293945,28.010000228881836,26.373994827270508,43600
2021-12-16,28.030000686645508,28.510000228881836,27.760000228881836,27.979999542236328,26.345745086669922,34000
2021-12-17,27.760000228881836,27.808000564575195,27.270000457763672,27.579999923706055,25.9691104888916,83300
2021-12-20,27.260000228881836,27.600000381469727,26.420000076293945,27.25,25.658384323120117,37100
2021-12-21,27.652999877929688,27.81999969482422,27.030000686645508,27.309999465942383,25.71488380432129,39100
2021-12-22,27.149999618530273,27.770000457763672,27.149999618530273,27.760000228881836,26.13859748840332,20900
2021-12-23,27.75,28.299999237060547,27.75,28.1299991607666,26.48698616027832,14800
2021-12-27,27.799999237060547,28.4950008392334,27.799999237060547,28.440000534057617,26.778879165649414,14200
2021-12-28,28.350000381469727,28.950000762939453,28.350000381469727,28.600000381469727,26.929533004760742,18800
2021-12-29,28.56999969482422,28.799999237060547,28.0,28.190000534057617,26.543481826782227,37900
2021-12-30,28.290000915527344,28.989999771118164,28.229999542236328,28.360000610351562,26.703548431396484,15800
2021-12-31,28.389999389648438,28.6200008392334,28.030000686645508,28.309999465942383,26.65647315979004,14900
2022-01-03,28.440000534057617,28.93000030517578,28.200000762939453,28.530000686645508,26.863622665405273,16000
2022-01-04,28.75,28.889999389648438,28.360000610351562,28.399999618530273,26.74121856689453,12600
2022-01-05,28.440000534057617,29.093000411987305,28.399999618530273,28.610000610351562,26.93895149230957,23000
2022-01-06,28.6299991607666,29.299999237060547,28.385000228881836,29.15999984741211,27.456825256347656,23100
2022-01-07,29.079999923706055,29.5,28.940000534057617,29.239999771118164,27.53215217590332,19400
2022-01-10,29.290000915527344,29.290000915527344,28.709999084472656,29.049999237060547,27.353252410888672,14200
2022-01-11,28.940000534057617,28.940000534057617,28.40999984741211,28.549999237060547,26.8824520111084,16700
2022-01-12,28.700000762939453,28.700000762939453,28.229999542236328,28.309999465942383,26.65647315979004,23100
2022-01-13,28.18000030517578,28.9060001373291,28.18000030517578,28.600000381469727,26.929533004760742,24000
2022-01-14,28.610000610351562,28.899999618530273,28.399999618530273,28.899999618530273,27.212011337280273,14000
2022-01-18,28.8799991607666,28.979999542236328,28.260000228881836,28.260000228881836,26.609390258789062,18000
2022-01-19,28.540000915527344,28.540000915527344,27.049999237060547,27.8700008392334,26.242172241210938,22200
2022-01-20,27.739999771118164,28.5,27.299999237060547,27.299999237060547,25.705463409423828,21600
2022-01-21,27.079999923706055,27.860000610351562,27.079999923706055,27.1299991607666,25.545394897460938,35200
2022-01-24,26.770000457763672,28.270000457763672,26.770000457763672,28.09000015258789,26.449321746826172,33400
2022-01-25,27.6299991607666,28.040000915527344,27.360000610351562,27.770000457763672,26.14801025390625,18100
2022-01-26,27.6299991607666,27.989999771118164,26.55900001525879,27.15999984741211,25.573638916015625,40000
2022-01-27,27.18000030517578,27.43000030517578,27.1200008392334,27.200000762939453,25.611305236816406,40800
2022-01-28,27.209999084472656,27.799999237060547,27.165000915527344,27.760000228881836,26.13859748840332,29000
2022-01-31,27.40999984741211,27.739999771118164,27.200000762939453,27.450000762939453,25.846704483032227,37900
2022-02-01,27.3700008392334,27.479999542236328,27.200000762939453,27.479999542236328,25.874948501586914,29800
2022-02-02,27.40999984741211,27.700000762939453,27.040000915527344,27.149999618530273,25.564224243164062,34600
2022-02-03,27.114999771118164,27.774999618530273,27.0,27.219999313354492,25.630138397216797,27700
2022-02-04,27.139999389648438,27.670000076293945,26.8799991607666,27.43000030517578,25.827869415283203,25300
2022-02-07,27.40999984741211,28.049999237060547,27.40999984741211,28.020000457763672,26.383413314819336,42100
2022-02-08,27.940000534057617,29.15999984741211,27.940000534057617,28.989999771118164,27.2967529296875,48600
2022-02-09,28.989999771118164,29.155000686645508,27.68000030517578,27.860000610351562,26.232751846313477,37500
2022-02-10,27.729999542236328,28.315000534057617,26.950000762939453,27.200000762939453,25.611305236816406,37100
2022-02-11,27.270000457763672,27.420000076293945,26.665000915527344,26.8799991607666,25.309993743896484,25200
2022-02-14,26.790000915527344,27.079999923706055,26.649999618530273,26.809999465942383,25.357284545898438,21900
2022-02-15,27.1200008392334,27.295000076293945,26.850000381469727,27.100000381469727,25.63157081604004,46300
2022-02-16,27.110000610351562,27.110000610351562,26.6200008392334,26.940000534057617,25.480243682861328,22500
2022-02-17,26.760000228881836,27.190000534057617,26.639999389648438,26.829999923706055,25.376201629638672,54900
2022-02-18,26.649999618530273,26.9950008392334,26.6299991607666,26.799999237060547,25.347827911376953,93800
2022-02-22,26.649999618530273,26.969999313354492,26.399999618530273,26.59000015258789,25.149208068847656,28200
2022-02-23,26.639999389648438,26.790000915527344,26.059999465942383,26.079999923706055,24.666839599609375,26900
2022-02-24,25.68000030517578,25.690000534057617,24.829999923706055,25.43000030517578,24.05206298828125,34000
2022-02-25,25.56999969482422,26.575000762939453,25.56999969482422,26.520000457763672,25.0830020904541,27600
2022-02-28,26.40999984741211,27.0,26.18000030517578,26.190000534057617,24.77088165283203,66700
2022-03-01,26.43000030517578,26.43000030517578,24.829999923706055,25.15999984741211,23.796688079833984,33500
2022-03-02,25.360000610351562,26.299999237060547,25.170000076293945,26.030000686645508,24.619552612304688,62300
2022-03-03,26.1299991607666,26.1299991607666,25.600000381469727,25.8799991607666,24.477676391601562,40700
2022-03-04,25.6299991607666,25.6299991607666,25.110000610351562,25.209999084472656,23.843978881835938,20900
2022-03-07,25.100000381469727,25.100000381469727,23.969999313354492,23.969999313354492,22.671173095703125,42400
2022-03-08,23.989999771118164,24.809999465942383,23.3700008392334,24.219999313354492,22.907625198364258,37400
2022-03-09,24.770000457763672,24.989999771118164,24.639999389648438,24.75,23.40890884399414,19400
2022-03-10,24.469999313354492,24.969999313354492,24.260000228881836,24.850000381469727,23.50349235534668,16600
2022-03-11,25.229999542236328,25.229999542236328,24.850000381469727,24.969999313354492,23.616985321044922,39700
2022-03-14,25.280000686645508,26.457000732421875,24.825000762939453,25.079999923706055,23.72102928161621,27800
2022-03-15,25.229999542236328,25.229999542236328,24.829999923706055,25.149999618530273,23.787235260009766,19000
2022-03-16,25.770000457763672,26.260000228881836,25.329999923706055,25.979999542236328,24.5722599029541,43100
2022-03-17,25.709999084472656,25.850000381469727,25.399999618530273,25.579999923706055,24.193931579589844,20000
2022-03-18,25.3700008392334,25.3700008392334,24.7549991607666,25.170000076293945,23.806150436401367,85600
2022-03-21,25.200000762939453,25.3700008392334,24.71500015258789,24.920000076293945,23.5696964263916,23200
2022-03-22,25.219999313354492,25.489999771118164,25.079999923706055,25.290000915527344,23.919649124145508,26200
2022-03-23,25.1200008392334,25.1200008392334,24.540000915527344,24.56999969482422,23.238662719726562,26200
2022-03-24,24.829999923706055,24.829999923706055,24.5,24.780000686645508,23.43728256225586,17600
2022-03-25,25.149999618530273,25.149999618530273,24.850000381469727,24.979999542236328,23.62644386291504,24700
2022-03-28,24.829999923706055,24.829999923706055,24.5,24.639999389648438,23.304866790771484,9800
2022-03-29,24.850000381469727,25.15999984741211,24.68000030517578,24.829999923706055,23.48457145690918,31500
2022-03-30,24.549999237060547,24.700000762939453,24.139999389648438,24.219999313354492,22.907625198364258,23400
2022-03-31,24.280000686645508,24.649999618530273,24.25,24.329999923706055,23.011667251586914,32000
2022-04-01,24.399999618530273,24.399999618530273,23.90999984741211,23.950000762939453,22.65225601196289,29600
2022-04-04,24.0,24.0,23.59000015258789,23.81999969482422,22.529296875,17900
2022-04-05,23.6299991607666,24.049999237060547,23.479999542236328,23.489999771118164,22.217182159423828,47800
2022-04-06,23.399999618530273,23.479999542236328,23.0,23.100000381469727,21.848312377929688,27400
2022-04-07,23.309999465942383,23.309999465942383,22.510000228881836,22.709999084472656,21.479446411132812,20400
2022-04-08,22.610000610351562,22.834999084472656,22.5,22.68000030517578,21.451072692871094,34900
2022-04-11,22.440000534057617,23.225000381469727,22.440000534057617,22.84000015258789,21.602399826049805,25900
2022-04-12,22.889999389648438,23.09000015258789,22.700000762939453,22.760000228881836,21.526737213134766,18100
2022-04-13,22.770000457763672,23.309999465942383,22.770000457763672,23.260000228881836,21.99964141845703,26500
2022-04-14,23.280000686645508,23.309999465942383,22.850000381469727,22.940000534057617,21.696983337402344,15900
2022-04-18,22.780000686645508,23.200000762939453,22.780000686645508,23.010000228881836,21.763193130493164,15300
2022-04-19,23.149999618530273,23.71500015258789,23.010000228881836,23.549999237060547,22.273929595947266,19300
2022-04-20,23.729999542236328,23.950000762939453,23.670000076293945,23.760000228881836,22.472551345825195,18200
2022-04-21,24.010000228881836,24.204999923706055,23.459999084472656,23.559999465942383,22.283388137817383,23900
2022-04-22,23.579999923706055,23.75,23.0049991607666,23.170000076293945,21.914520263671875,19200
2022-04-25,22.940000534057617,23.309999465942383,22.59000015258789,23.170000076293945,21.914520263671875,27700
2022-04-26,22.8700008392334,23.059999465942383,22.59000015258789,22.760000228881836,21.526737213134766,33900
2022-04-27,22.84000015258789,23.6200008392334,22.549999237060547,22.700000762939453,21.469985961914062,48700
2022-04-28,22.889999389648438,23.329999923706055,22.579999923706055,23.079999923706055,21.829397201538086,51300
2022-04-29,23.020000457763672,23.020000457763672,22.06999969482422,22.15999984741211,20.95924949645996,36600
2022-05-02,22.31999969482422,22.530000686645508,21.649999618530273,22.219999313354492,21.0159969329834,29400
2022-05-03,22.09000015258789,22.530000686645508,22.0,22.18000030517578,20.978164672851562,32700
2022-05-04,22.399999618530273,23.334999084472656,22.200000762939453,23.209999084472656,21.952356338500977,35100
2022-05-05,22.950000762939453,23.125,22.25,22.530000686645508,21.309200286865234,35200
2022-05-06,22.3700008392334,22.450000762939453,21.860000610351562,22.200000762939453,20.997085571289062,27500
2022-05-09,21.90999984741211,22.579999923706055,21.84000015258789,22.520000457763672,21.299741744995117,42300
2022-05-10,22.59000015258789,22.790000915527344,22.020000457763672,22.40999984741211,21.195703506469727,31200
2022-05-11,22.40999984741211,22.78499984741211,22.1200008392334,22.209999084472656,21.00653648376465,26200
2022-05-12,21.899999618530273,22.639999389648438,21.270000457763672,21.610000610351562,20.550085067749023,55600
2022-05-13,21.90999984741211,22.260000228881836,21.450000762939453,21.690000534057617,20.626157760620117,60100
2022-05-16,21.709999084472656,21.959999084472656,21.420000076293945,21.700000762939453,20.635669708251953,35000
2022-05-17,22.030000686645508,22.25,21.90999984741211,22.1299991607666,21.044578552246094,26700
2022-05-18,21.700000762939453,21.84000015258789,21.280000686645508,21.3700008392334,20.321853637695312,39500
2022-05-19,21.1299991607666,21.325000762939453,20.8799991607666,20.90999984741211,19.884416580200195,53500
2022-05-20,21.200000762939453,21.309999465942383,20.850000381469727,21.100000381469727,20.065095901489258,49800
2022-05-23,21.3700008392334,21.520000457763672,21.010000228881836,21.309999465942383,20.264795303344727,44500
2022-05-24,21.110000610351562,21.68000030517578,20.844999313354492,21.639999389648438,20.578611373901367,57800
2022-05-25,21.5,22.0,21.440000534057617,21.559999465942383,20.502532958984375,40000
2022-05-26,21.700000762939453,22.049999237060547,21.68000030517578,21.920000076293945,20.844877243041992,32100
2022-05-27,22.049999237060547,22.25,21.940000534057617,22.200000762939453,21.111146926879883,30400
2022-05-31,21.889999389648438,22.21500015258789,21.434999465942383,22.1299991607666,21.044578552246094,46400
2022-06-01,22.1299991607666,22.25,21.719999313354492,22.170000076293945,21.08261489868164,26900
2022-06-02,22.239999771118164,22.5,22.06999969482422,22.5,21.39642906188965,29600
2022-06-03,22.3799991607666,22.389999389648438,22.209999084472656,22.219999313354492,21.130163192749023,15300
2022-06-06,22.420000076293945,22.742000579833984,22.18000030517578,22.31999969482422,21.225257873535156,37700
2022-06-07,22.190000534057617,22.360000610351562,22.10300064086914,22.31999969482422,21.225257873535156,27700
2022-06-08,22.25,22.25,21.809999465942383,22.06999969482422,20.987518310546875,32800
2022-06-09,21.959999084472656,22.260000228881836,21.399999618530273,21.43000030517578,20.37891387939453,24500
2022-06-10,21.139999389648438,21.139999389648438,20.6299991607666,20.8799991607666,19.855886459350586,19400
2022-06-13,20.6200008392334,20.674999237060547,20.239999771118164,20.34000015258789,19.342374801635742,31300
2022-06-14,20.469999313354492,20.65999984741211,20.190000534057617,20.579999923706055,19.570600509643555,35600
2022-06-15,20.75,21.459999084472656,20.75,21.309999465942383,20.264795303344727,68300
2022-06-16,20.8700008392334,21.290000915527344,20.540000915527344,21.18000030517578,20.14117431640625,110100
2022-06-17,21.200000762939453,21.670000076293945,20.60300064086914,21.34000015258789,20.293325424194336,165700
2022-06-21,21.5,21.719999313354492,21.399999618530273,21.469999313354492,20.416948318481445,84800
2022-06-22,21.1200008392334,21.485000610351562,21.1200008392334,21.299999237060547,20.255281448364258,58000
2022-06-23,21.139999389648438,21.559999465942383,20.68000030517578,21.149999618530273,20.112646102905273,61000
2022-06-24,21.360000610351562,21.670000076293945,21.25,21.25,20.207740783691406,307600
2022-06-27,21.5,21.579999923706055,21.280000686645508,21.360000610351562,20.312345504760742,71100
2022-06-28,21.299999237060547,21.770000457763672,21.270000457763672,21.40999984741211,20.359893798828125,45800
2022-06-29,21.3799991607666,21.469999313354492,21.239999771118164,21.34000015258789,20.293325424194336,29000
2022-06-30,21.059999465942383,21.350000381469727,20.899999618530273,21.309999465942383,20.264795303344727,37000
2022-07-01,21.3799991607666,21.665000915527344,21.239999771118164,21.65999984741211,20.597627639770508,19100
2022-07-05,21.43000030517578,22.0,21.290000915527344,21.93000030517578,20.85438346862793,54400
2022-07-06,21.84000015258789,22.0,21.649999618530273,21.809999465942383,20.74027442932129,30400
2022-07-07,21.959999084472656,22.0,21.540000915527344,21.59000015258789,20.53106117248535,45200
2022-07-08,21.0,21.639999389648438,21.0,21.489999771118164,20.435964584350586,25600
2022-07-11,21.260000228881836,21.35300064086914,21.190000534057617,21.239999771118164,20.198230743408203,21200
2022-07-12,21.139999389648438,21.46500015258789,21.139999389648438,21.25,20.207740783691406,12400
2022-07-13,21.049999237060547,21.06999969482422,20.700000762939453,20.799999237060547,19.77981185913086,26000
2022-07-14,20.399999618530273,20.729999542236328,20.30500030517578,20.670000076293945,19.656187057495117,31100
2022-07-15,20.989999771118164,21.510000228881836,20.899999618530273,21.5,20.445478439331055,44300
2022-07-18,21.579999923706055,21.68000030517578,21.21500015258789,21.25,20.207740783691406,22900
2022-07-19,21.479999542236328,21.600000381469727,21.450000762939453,21.450000762939453,20.397930145263672,81700
2022-07-20,21.459999084472656,21.90999984741211,21.459999084472656,21.8799991607666,20.806838989257812,56600
2022-07-21,21.780000686645508,22.399999618530273,21.780000686645508,22.360000610351562,21.263296127319336,40600
2022-07-22,22.479999542236328,22.489999771118164,21.5,21.829999923706055,20.759288787841797,36000
2022-07-25,21.920000076293945,22.100000381469727,21.920000076293945,22.030000686645508,20.94948387145996,19500
2022-07-26,22.040000915527344,22.489999771118164,22.040000915527344,22.260000228881836,21.168201446533203,26200
2022-07-27,22.299999237060547,22.799999237060547,22.190000534057617,22.639999389648438,21.52956199645996,57600
2022-07-28,22.6299991607666,22.809999465942383,22.559999465942383,22.56999969482422,21.462995529174805,56300
2022-07-29,22.84000015258789,23.600000381469727,22.68000030517578,23.479999542236328,22.3283634185791,79000
2022-08-01,23.15999984741211,23.549999237060547,23.15999984741211,23.43000030517578,22.28081512451172,42300
2022-08-02,23.43000030517578,23.665000915527344,23.270000457763672,23.559999465942383,22.40443992614746,35900
2022-08-03,23.549999237060547,23.559999465942383,23.309999465942383,23.469999313354492,22.3188533782959,12900
2022-08-04,23.469999313354492,23.469999313354492,23.239999771118164,23.3799991607666,22.23326873779297,26900
2022-08-05,23.270000457763672,23.510000228881836,23.18000030517578,23.43000030517578,22.28081512451172,23500
2022-08-08,23.6299991607666,23.6299991607666,23.270000457763672,23.489999771118164,22.337875366210938,28700
2022-08-09,23.399999618530273,23.940000534057617,23.363000869750977,23.940000534057617,22.76580238342285,28200
2022-08-10,23.989999771118164,24.40999984741211,23.795000076293945,23.850000381469727,22.680213928222656,53800
2022-08-11,24.0,24.360000610351562,24.0,24.34000015258789,23.146181106567383,37700
2022-08-12,24.3700008392334,24.59000015258789,24.329999923706055,24.59000015258789,23.499778747558594,29900
2022-08-15,24.530000686645508,24.8700008392334,24.469999313354492,24.81999969482422,23.719579696655273,20800
2022-08-16,24.864999771118164,25.030000686645508,24.739999771118164,24.950000762939453,23.84381866455078,32600
2022-08-17,24.8799991607666,24.8799991607666,24.459999084472656,24.68000030517578,23.58578872680664,19400
2022-08-18,24.540000915527344,24.809999465942383,24.450000762939453,24.709999084472656,23.614456176757812,20300
2022-08-19,24.559999465942383,24.655000686645508,24.139999389648438,24.329999923706055,23.251306533813477,27800
2022-08-22,24.020000457763672,24.135000228881836,23.850000381469727,23.940000534057617,22.878597259521484,21500
2022-08-23,23.799999237060547,24.0,23.709999084472656,23.709999084472656,22.658790588378906,17500
2022-08-24,23.610000610351562,23.639999389648438,23.399999618530273,23.5,22.458105087280273,18300
2022-08-25,23.059999465942383,23.790000915527344,23.059999465942383,23.770000457763672,22.716135025024414,18400
2022-08-26,23.6299991607666,23.690000534057617,23.520000457763672,23.6299991607666,22.582338333129883,61200
2022-08-29,23.600000381469727,23.739999771118164,23.479999542236328,23.649999618530273,22.60145378112793,39300
2022-08-30,23.59000015258789,23.93000030517578,23.56999969482422,23.770000457763672,22.716135025024414,33500
2022-08-31,23.950000762939453,24.29400062561035,23.549999237060547,23.59000015258789,22.54411506652832,43900
2022-09-01,23.545000076293945,23.6200008392334,22.8700008392334,23.040000915527344,22.01849937438965,41300
2022-09-02,22.864999771118164,23.350000381469727,22.790000915527344,22.989999771118164,21.970714569091797,23800
2022-09-06,23.0,23.0,22.190000534057617,22.3799991607666,21.387758255004883,26300
2022-09-07,22.229999542236328,22.520000457763672,22.229999542236328,22.489999771118164,21.492883682250977,26600
2022-09-08,22.299999237060547,22.760000228881836,22.299999237060547,22.68000030517578,21.674461364746094,23900
2022-09-09,22.780000686645508,23.31999969482422,22.700000762939453,23.219999313354492,22.190519332885742,35900
2022-09-12,23.420000076293945,23.600000381469727,23.420000076293945,23.56999969482422,22.525001525878906,27900
2022-09-13,23.15999984741211,23.239999771118164,22.459999084472656,22.549999237060547,21.550222396850586,40500
2022-09-14,22.469999313354492,22.594999313354492,22.1200008392334,22.360000610351562,21.3686466217041,37000
2022-09-15,22.260000228881836,22.780000686645508,22.260000228881836,22.56999969482422,21.5693359375,30000
2022-09-16,22.489999771118164,23.549999237060547,22.091999053955078,23.260000228881836,22.228742599487305,143900
2022-09-19,23.049999237060547,23.5,22.8700008392334,23.239999771118164,22.209630966186523,56400
2022-09-20,23.020000457763672,23.079999923706055,22.530000686645508,22.8700008392334,21.856035232543945,38900
2022-09-21,23.06999969482422,23.389999389648438,22.770000457763672,22.799999237060547,21.78913688659668,36300
2022-09-22,22.270000457763672,22.489999771118164,22.25,22.459999084472656,21.464210510253906,18100
2022-09-23,22.15999984741211,22.229999542236328,21.913000106811523,22.219999313354492,21.234853744506836,25700
2022-09-26,21.969999313354492,22.274999618530273,21.969999313354492,22.1200008392334,21.1392879486084,29800
2022-09-27,22.200000762939453,22.200000762939453,21.690000534057617,21.770000457763672,20.804805755615234,24400
2022-09-28,21.850000381469727,22.200000762939453,21.469999313354492,22.020000457763672,21.04372215270996,32700
2022-09-29,21.860000610351562,21.90999984741211,21.469999313354492,21.700000762939453,20.737911224365234,25200
2022-09-30,21.739999771118164,22.040000915527344,21.530000686645508,21.530000686645508,20.57544708251953,29000
2022-10-03,21.600000381469727,22.059999465942383,21.600000381469727,22.020000457763672,21.04372215270996,35600
2022-10-04,22.139999389648438,22.790000915527344,22.139999389648438,22.770000457763672,21.760467529296875,31000
2022-10-05,22.450000762939453,22.690000534057617,22.34000015258789,22.43000030517578,21.435543060302734,17700
2022-10-06,22.31999969482422,22.440000534057617,22.139999389648438,22.18000030517578,21.196626663208008,14200
2022-10-07,21.875,21.959999084472656,21.639999389648438,21.739999771118164,20.776134490966797,26600
2022-10-10,21.760000228881836,22.229999542236328,21.760000228881836,21.920000076293945,20.94815444946289,43100
2022-10-11,21.899999618530273,22.290000915527344,21.8700008392334,22.049999237060547,21.072391510009766,18700
2022-10-12,21.969999313354492,22.110000610351562,21.829999923706055,21.979999542236328,21.0054931640625,31500
2022-10-13,21.25,21.90999984741211,21.25,21.520000457763672,20.56589126586914,201600
2022-10-14,21.709999084472656,21.774999618530273,21.43000030517578,21.489999771118164,20.537216186523438,142500
2022-10-17,21.81999969482422,22.8799991607666,21.469999313354492,22.700000762939453,21.693571090698242,186000
2022-10-18,23.149999618530273,23.559999465942383,22.3700008392334,22.969999313354492,21.951601028442383,171200
2022-10-19,22.799999237060547,23.1200008392334,22.450000762939453,22.940000534057617,21.922931671142578,53300
2022-10-20,22.899999618530273,22.969999313354492,21.950000762939453,22.290000915527344,21.3017520904541,39300
2022-10-21,22.360000610351562,22.920000076293945,22.030000686645508,22.739999771118164,21.731796264648438,40600
2022-10-24,22.90999984741211,22.90999984741211,22.709999084472656,22.8799991607666,21.865591049194336,32200
2022-10-25,22.8799991607666,23.350000381469727,22.839000701904297,23.190000534057617,22.161848068237305,56500
2022-10-26,23.229999542236328,23.360000610351562,22.969999313354492,23.1200008392334,22.094951629638672,34600
2022-10-27,23.329999923706055,23.6200008392334,22.979999542236328,23.3799991607666,22.343425750732422,56900
2022-10-28,23.530000686645508,24.7549991607666,23.530000686645508,24.709999084472656,23.614456176757812,70000
2022-10-31,24.739999771118164,25.0,24.520000457763672,24.780000686645508,23.681354522705078,53600
2022-11-01,24.809999465942383,24.899999618530273,24.139999389648438,24.149999618530273,23.079282760620117,42000
2022-11-02,24.18000030517578,24.3700008392334,23.59000015258789,23.639999389648438,22.591896057128906,48400
2022-11-03,23.3799991607666,23.59000015258789,23.15999984741211,23.299999237060547,22.266971588134766,25900
2022-11-04,23.559999465942383,23.93000030517578,23.239999771118164,23.860000610351562,22.802143096923828,50500
2022-11-07,23.979999542236328,24.18000030517578,23.799999237060547,23.959999084472656,22.897708892822266,59600
2022-11-08,23.860000610351562,24.18000030517578,23.860000610351562,24.079999923706055,23.012388229370117,58600
2022-11-09,23.950000762939453,24.184999465942383,23.799999237060547,23.829999923706055,22.773473739624023,58900
2022-11-10,24.459999084472656,24.459999084472656,23.81999969482422,23.940000534057617,22.878597259521484,232700
2022-11-11,24.09000015258789,24.170000076293945,23.729999542236328,23.8700008392334,22.81170082092285,89900
2022-11-14,23.809999465942383,23.940000534057617,23.700000762939453,23.719999313354492,22.782882690429688,67200
2022-11-15,23.940000534057617,23.954999923706055,23.549999237060547,23.760000228881836,22.821306228637695,61400
2022-11-16,23.829999923706055,23.915000915527344,23.690000534057617,23.8799991607666,22.936561584472656,52000
2022-11-17,23.799999237060547,23.815000534057617,23.3700008392334,23.56999969482422,22.638809204101562,47900
2022-11-18,23.920000076293945,23.920000076293945,23.260000228881836,23.40999984741211,22.485132217407227,109900
2022-11-21,23.56999969482422,23.625,23.40999984741211,23.530000686645508,22.600391387939453,95400
2022-11-22,23.75,23.75,23.440000534057617,23.6299991607666,22.696439743041992,115800
2022-11-23,23.68000030517578,23.690000534057617,23.25,23.360000610351562,22.43710708618164,56600
2022-11-25,23.489999771118164,23.905000686645508,23.479999542236328,23.790000915527344,22.85011863708496,21200
2022-11-28,23.770000457763672,23.770000457763672,22.979999542236328,23.040000915527344,22.12975311279297,41100
2022-11-29,23.110000610351562,23.219999313354492,22.889999389648438,22.959999084472656,22.05290985107422,59300
2022-11-30,23.020000457763672,23.68000030517578,22.65999984741211,23.520000457763672,22.59078598022461,489600
2022-12-01,23.6299991607666,24.225000381469727,23.469999313354492,24.010000228881836,23.06142807006836,83900
2022-12-02,23.780000686645508,24.209999084472656,23.68000030517578,24.190000534057617,23.234317779541016,47000
2022-12-05,24.049999237060547,24.049999237060547,23.149999618530273,23.40999984741211,22.485132217407227,62500
2022-12-06,23.440000534057617,23.6299991607666,23.31999969482422,23.549999237060547,22.619600296020508,85800
2022-12-07,23.6200008392334,23.860000610351562,23.174999237060547,23.440000534057617,22.513944625854492,58600
2022-12-08,23.450000762939453,23.59000015258789,23.15999984741211,23.209999084472656,22.293031692504883,56600
2022-12-09,23.219999313354492,23.450000762939453,23.049999237060547,23.31999969482422,22.39868927001953,41100
2022-12-12,23.420000076293945,23.420000076293945,22.989999771118164,23.059999465942383,22.14896011352539,54700
2022-12-13,23.540000915527344,23.670000076293945,22.969999313354492,23.15999984741211,22.245010375976562,102400
2022-12-14,23.1200008392334,23.1200008392334,21.90999984741211,22.1200008392334,21.246097564697266,128300
2022-12-15,21.959999084472656,21.959999084472656,21.100000381469727,21.190000534057617,20.35283660888672,107300
2022-12-16,21.079999923706055,21.350000381469727,20.90999984741211,21.110000610351562,20.275999069213867,473300
2022-12-19,21.010000228881836,21.739999771118164,21.010000228881836,21.649999618530273,20.794662475585938,107800
2022-12-20,21.579999923706055,21.635000228881836,21.329999923706055,21.43000030517578,20.583356857299805,88200
2022-12-21,21.489999771118164,22.076000213623047,21.489999771118164,21.899999618530273,21.034788131713867,55400
2022-12-22,21.719999313354492,21.84000015258789,21.440000534057617,21.84000015258789,20.977157592773438,43700
2022-12-23,21.780000686645508,22.040000915527344,21.649999618530273,21.979999542236328,21.11162567138672,36800
2022-12-27,21.969999313354492,22.010000228881836,21.770000457763672,22.0,21.130836486816406,31600
2022-12-28,22.040000915527344,22.079999923706055,21.78499984741211,21.829999923706055,20.967552185058594,37400
2022-12-29,21.889999389648438,22.290000915527344,21.889999389648438,22.209999084472656,21.33254051208496,43400
2022-12-30,22.06999969482422,22.219999313354492,21.954999923706055,22.139999389648438,21.26530647277832,55900
2023-01-03,22.190000534057617,22.309999465942383,21.760000228881836,21.940000534057617,21.073209762573242,71800
2023-01-04,22.0,22.239999771118164,21.760000228881836,21.829999923706055,20.967552185058594,51100
2023-01-05,21.43000030517578,21.43000030517578,20.510000228881836,20.959999084472656,20.13192367553711,75800
2023-01-06,21.1200008392334,21.399999618530273,20.886999130249023,21.25,20.41046905517578,71600
2023-01-09,21.360000610351562,21.3700008392334,20.8700008392334,20.979999542236328,20.15113639831543,42400
2023-01-10,20.979999542236328,21.459999084472656,20.760000228881836,21.450000762939453,20.602567672729492,47300
2023-01-11,21.299999237060547,21.540000915527344,21.280000686645508,21.5,20.650590896606445,44500
2023-01-12,21.579999923706055,22.030000686645508,21.510000228881836,21.790000915527344,20.929134368896484,41900
2023-01-13,21.56999969482422,21.950000762939453,21.459999084472656,21.799999237060547,20.938735961914062,48900
2023-01-17,21.790000915527344,21.8799991607666,21.59000015258789,21.6299991607666,20.775453567504883,37800
2023-01-18,21.6299991607666,21.6299991607666,20.889999389648438,20.950000762939453,20.122318267822266,165200
2023-01-19,20.950000762939453,21.049999237060547,20.68000030517578,20.979999542236328,20.15113639831543,76400
2023-01-20,21.149999618530273,21.450000762939453,20.989999771118164,21.100000381469727,20.266395568847656,115700
2023-01-23,21.15999984741211,21.350000381469727,21.014999389648438,21.25,20.41046905517578,88900
2023-01-24,21.270000457763672,21.290000915527344,21.030000686645508,21.059999465942383,20.22797393798828,37000
2023-01-25,21.040000915527344,21.040000915527344,20.475000381469727,20.920000076293945,20.093507766723633,55800
2023-01-26,21.84000015258789,21.84000015258789,20.709999084472656,20.829999923706055,20.007061004638672,99200
2023-01-27,20.670000076293945,20.68000030517578,20.40999984741211,20.5,19.690099716186523,55200
2023-01-30,20.31999969482422,20.559999465942383,20.260000228881836,20.280000686645508,19.478790283203125,45200
2023-01-31,20.334999084472656,20.860000610351562,20.25,20.739999771118164,19.920616149902344,73000
2023-02-01,20.75,21.18000030517578,20.649999618530273,21.0,20.17034339904785,129500
2023-02-02,20.969999313354492,21.290000915527344,20.881999969482422,21.190000534057617,20.35283660888672,81400
2023-02-03,21.079999923706055,21.3799991607666,20.979999542236328,21.299999237060547,20.458492279052734,66700
2023-02-06,21.209999084472656,21.31999969482422,21.100000381469727,21.229999542236328,20.391258239746094,41800
2023-02-07,21.18000030517578,21.315000534057617,20.969999313354492,21.299999237060547,20.458492279052734,96100
2023-02-08,21.1200008392334,21.309999465942383,20.850000381469727,21.040000915527344,20.208765029907227,68800
2023-02-09,21.094999313354492,21.1200008392334,20.690000534057617,20.75,19.930221557617188,36200
2023-02-10,20.780000686645508,20.809999465942383,20.606000900268555,20.719999313354492,19.90140724182129,33400
2023-02-13,20.75,20.934999465942383,20.670000076293945,20.68000030517578,19.86298942565918,93500
2023-02-14,20.520000457763672,20.649999618530273,20.229999542236328,20.25,19.563495635986328,100900
2023-02-15,20.110000610351562,20.510000228881836,20.110000610351562,20.510000228881836,19.81468391418457,194800
2023-02-16,20.389999389648438,20.440000534057617,19.979999542236328,20.0,19.321971893310547,134100
2023-02-17,20.110000610351562,20.399999618530273,20.010000228881836,20.100000381469727,19.418582916259766,298100
2023-02-21,20.040000915527344,20.729999542236328,19.8799991607666,20.59000015258789,19.891971588134766,196900
2023-02-22,20.6299991607666,20.670000076293945,20.200000762939453,20.420000076293945,19.727733612060547,167300
2023-02-23,20.489999771118164,20.760000228881836,20.420000076293945,20.670000076293945,19.96925926208496,153300
2023-02-24,20.540000915527344,20.649999618530273,20.3799991607666,20.469999313354492,19.776037216186523,277800
2023-02-27,20.600000381469727,20.790000915527344,20.559999465942383,20.760000228881836,20.05620574951172,129100
2023-02-28,20.850000381469727,20.947999954223633,20.700000762939453,20.84000015258789,20.133493423461914,129200
2023-03-01,20.739999771118164,20.739999771118164,20.219999313354492,20.229999542236328,19.544172286987305,86400
2023-03-02,20.06999969482422,20.079999923706055,19.829999923706055,20.06999969482422,19.389598846435547,84100
2023-03-03,20.139999389648438,20.5,19.969999313354492,20.469999313354492,19.776037216186523,99800
2023-03-06,20.479999542236328,20.68000030517578,20.469999313354492,20.610000610351562,19.911293029785156,138800
2023-03-07,20.530000686645508,20.530000686645508,19.81999969482422,19.950000762939453,19.273666381835938,91800
2023-03-08,19.989999771118164,20.1200008392334,19.719999313354492,19.850000381469727,19.17705726623535,69600
2023-03-09,19.75,19.75,18.450000762939453,18.450000762939453,17.82451820373535,111900
2023-03-10,18.209999084472656,18.489999771118164,17.610000610351562,17.989999771118164,17.38011360168457,141500
2023-03-13,17.600000381469727,17.610000610351562,16.520000457763672,16.75,16.18214988708496,239400
2023-03-14,17.5,18.329999923706055,17.290000915527344,17.600000381469727,17.00333595275879,291900
2023-03-15,17.229999542236328,17.65999984741211,17.030000686645508,17.600000381469727,17.00333595275879,127000
2023-03-16,17.219999313354492,18.229999542236328,17.040000915527344,18.100000381469727,17.486385345458984,112500
2023-03-17,18.010000228881836,18.010000228881836,16.93000030517578,17.079999923706055,16.500965118408203,195400
2023-03-20,17.290000915527344,17.579999923706055,16.940000534057617,16.979999542236328,16.40435218811035,72300
2023-03-21,17.1299991607666,17.780000686645508,16.915000915527344,17.770000457763672,17.167573928833008,119700
2023-03-22,17.799999237060547,18.030000686645508,17.1200008392334,17.1200008392334,16.539609909057617,116600
2023-03-23,17.309999465942383,17.309999465942383,16.670000076293945,16.700000762939453,16.133848190307617,83600
2023-03-24,16.559999465942383,16.94499969482422,16.450000762939453,16.90999984741211,16.33672523498535,117500
2023-03-27,17.15999984741211,17.55500030517578,17.149999618530273,17.350000381469727,16.761812210083008,76800
2023-03-28,17.31999969482422,17.527000427246094,17.135000228881836,17.270000457763672,16.68452262878418,72500
2023-03-29,17.309999465942383,17.309999465942383,16.860000610351562,17.18000030517578,16.59757423400879,72300
2023-03-30,17.170000076293945,17.3700008392334,16.739999771118164,16.829999923706055,16.259437561035156,49400
2023-03-31,16.940000534057617,17.219999313354492,16.809999465942383,17.1299991607666,16.54926872253418,193000
2023-04-03,17.190000534057617,17.190000534057617,16.729999542236328,17.020000457763672,16.442996978759766,84600
2023-04-04,16.979999542236328,16.979999542236328,16.219999313354492,16.459999084472656,15.901981353759766,56500
2023-04-05,16.219999313354492,16.440000534057617,16.09000015258789,16.1200008392334,15.573509216308594,51600
2023-04-06,16.1299991607666,16.520000457763672,16.09000015258789,16.399999618530273,15.844017028808594,52500
2023-04-10,16.56999969482422,16.799999237060547,16.270000457763672,16.700000762939453,16.133848190307617,75500
2023-04-11,16.709999084472656,16.825000762939453,16.420000076293945,16.510000228881836,15.950289726257324,59200
2023-04-12,16.600000381469727,16.770000457763672,16.209999084472656,16.25,15.699102401733398,53600
2023-04-13,16.31999969482422,16.510000228881836,16.235000610351562,16.360000610351562,15.805375099182129,41000
2023-04-14,16.40999984741211,16.530000686645508,15.920000076293945,16.030000686645508,15.48656177520752,65900
2023-04-17,16.049999237060547,16.229999542236328,15.75,16.190000534057617,15.641136169433594,35000
2023-04-18,16.219999313354492,16.219999313354492,15.680000305175781,15.720000267028809,15.187070846557617,45400
2023-04-19,15.779999732971191,16.30500030517578,15.779999732971191,16.139999389648438,15.592830657958984,46300
2023-04-20,16.0,16.170000076293945,15.84000015258789,15.930000305175781,15.3899507522583,41900
2023-04-21,15.90999984741211,16.059999465942383,15.8100004196167,15.930000305175781,15.3899507522583,86500
2023-04-24,16.010000228881836,16.06999969482422,15.760000228881836,15.779999732971191,15.245035171508789,41200
2023-04-25,15.65999984741211,15.6899995803833,15.329999923706055,15.359999656677246,14.839274406433105,44400
2023-04-26,15.25,15.5,15.220000267028809,15.300000190734863,14.7813081741333,70800
2023-04-27,15.380000114440918,15.819999694824219,15.329999923706055,15.779999732971191,15.245035171508789,50200
2023-04-28,16.149999618530273,16.3799991607666,15.279999732971191,15.420000076293945,14.897239685058594,69800
2023-05-01,15.4399995803833,15.850000381469727,15.09000015258789,15.130000114440918,14.617072105407715,59300
2023-05-02,15.079999923706055,15.336999893188477,14.09000015258789,14.25,13.766904830932617,83700
2023-05-03,14.25,14.869999885559082,14.0,14.039999961853027,13.564023971557617,132000
2023-05-04,13.979999542236328,14.109999656677246,13.050000190734863,13.65999984741211,13.196907043457031,123900
2023-05-05,13.920000076293945,14.149999618530273,13.770000457763672,14.109999656677246,13.631650924682617,84900
2023-05-08,14.369999885559082,14.550000190734863,14.100000381469727,14.489999771118164,13.99876880645752,70100
2023-05-09,14.489999771118164,14.520000457763672,13.8100004196167,14.140000343322754,13.660634994506836,66900
2023-05-10,14.3100004196167,14.3100004196167,13.779999732971191,13.979999542236328,13.506057739257812,46500
2023-05-11,13.859999656677246,14.15999984741211,13.399999618530273,14.010000228881836,13.535040855407715,124300
2023-05-12,14.100000381469727,14.119999885559082,13.75,13.890000343322754,13.535040855407715,46100
2023-05-15,14.130000114440918,14.470000267028809,14.109999656677246,14.300000190734863,13.934564590454102,58100
2023-05-16,14.329999923706055,14.510000228881836,13.90999984741211,13.970000267028809,13.612997055053711,59300
2023-05-17,14.149999618530273,14.64900016784668,14.149999618530273,14.59000015258789,14.217151641845703,143200
2023-05-18,14.640000343322754,15.010000228881836,14.390000343322754,14.960000038146973,14.577696800231934,85400
2023-05-19,15.149999618530273,15.25,14.6899995803833,14.75,14.373064041137695,67300
2023-05-22,14.819999694824219,15.220000267028809,14.699999809265137,15.130000114440918,14.743353843688965,53600
2023-05-23,15.199999809265137,15.819999694824219,15.199999809265137,15.329999923706055,14.938241958618164,70300
2023-05-24,15.25,15.305000305175781,15.100000381469727,15.140000343322754,14.753097534179688,78100
2023-05-25,15.010000228881836,15.010000228881836,14.729999542236328,14.789999961853027,14.412041664123535,60100
2023-05-26,14.84000015258789,14.960000038146973,14.6850004196167,14.84000015258789,14.460762977600098,27600
2023-05-30,14.850000381469727,15.0,14.619999885559082,14.699999809265137,14.324341773986816,40400
2023-05-31,14.680000305175781,14.741999626159668,14.260000228881836,14.569999694824219,14.197663307189941,102300
2023-06-01,14.5600004196167,14.859999656677246,14.350000381469727,14.680000305175781,14.304852485656738,40000
2023-06-02,14.699999809265137,15.739999771118164,14.699999809265137,15.6899995803833,15.289042472839355,64800
2023-06-05,15.649999618530273,15.720999717712402,14.789999961853027,14.829999923706055,14.451019287109375,83800
2023-06-06,14.869999885559082,15.800000190734863,14.869999885559082,15.75,15.34750747680664,66400
2023-06-07,15.880000114440918,16.68000030517578,15.880000114440918,16.479999542236328,16.058853149414062,79900
2023-06-08,16.43000030517578,16.459999084472656,16.030000686645508,16.09000015258789,15.678820610046387,53400
2023-06-09,16.020000457763672,16.229999542236328,15.819999694824219,15.869999885559082,15.464441299438477,32400
2023-06-12,15.880000114440918,16.079999923706055,15.619999885559082,15.699999809265137,15.298786163330078,36100
2023-06-13,15.65999984741211,16.579999923706055,15.420000076293945,16.440000534057617,16.01987648010254,65000
2023-06-14,16.399999618530273,16.579999923706055,15.989999771118164,16.100000381469727,15.68856430053711,53900
2023-06-15,15.90999984741211,16.299999237060547,15.90999984741211,16.290000915527344,15.873709678649902,47700
2023-06-16,16.450000762939453,17.15999984741211,15.9399995803833,17.149999618530273,16.71173095703125,344900
2023-06-20,17.1299991607666,17.1299991607666,16.079999923706055,16.239999771118164,15.824987411499023,81700
2023-06-21,16.209999084472656,16.350000381469727,16.049999237060547,16.059999465942383,15.649585723876953,44200
2023-06-22,15.680000305175781,15.739999771118164,15.279999732971191,15.649999618530273,15.2500638961792,48100
2023-06-23,15.449999809265137,15.789999961853027,15.069999694824219,15.729999542236328,15.328020095825195,300400
2023-06-26,15.720000267028809,16.010000228881836,15.369999885559082,15.399999618530273,15.006453514099121,72100
2023-06-27,15.430000305175781,15.649999618530273,15.260000228881836,15.319999694824219,14.928497314453125,56200
2023-06-28,15.300000190734863,15.399999618530273,15.109999656677246,15.350000381469727,14.957730293273926,36700
2023-06-29,15.479999542236328,15.960000038146973,15.369999885559082,15.390000343322754,14.996707916259766,36300
2023-06-30,15.460000038146973,15.460000038146973,15.050000190734863,15.069999694824219,14.684885025024414,35100
2023-07-03,15.069999694824219,15.399999618530273,15.069999694824219,15.300000190734863,14.909008026123047,32300
2023-07-05,15.119999885559082,15.279999732971191,14.859999656677246,14.899999618530273,14.519229888916016,42100
2023-07-06,14.84000015258789,14.84000015258789,14.390000343322754,14.529999732971191,14.158685684204102,69500
2023-07-07,14.5600004196167,15.09000015258789,14.5600004196167,14.819999694824219,14.441274642944336,95200
2023-07-10,14.75,15.180000305175781,14.710000038146973,14.779999732971191,14.402297019958496,35400
2023-07-11,14.890000343322754,15.130000114440918,14.880000114440918,15.100000381469727,14.714120864868164,60700
2023-07-12,15.430000305175781,15.680000305175781,15.369999885559082,15.430000305175781,15.035685539245605,62100
2023-07-13,15.505000114440918,15.6899995803833,15.359999656677246,15.380000114440918,14.986964225769043,38600
2023-07-14,15.510000228881836,15.510000228881836,14.920000076293945,15.039999961853027,14.65565299987793,72600
2023-07-17,15.029999732971191,15.425000190734863,15.029999732971191,15.270000457763672,14.879776000976562,60900
2023-07-18,15.279999732971191,16.1200008392334,15.279999732971191,15.970000267028809,15.56188678741455,70500
2023-07-19,15.890000343322754,16.31999969482422,15.890000343322754,16.280000686645508,15.863965034484863,61400
2023-07-20,16.270000457763672,16.389999389648438,16.100000381469727,16.270000457763672,15.85422134399414,83000
2023-07-21,16.290000915527344,16.290000915527344,15.979999542236328,16.020000457763672,15.610608100891113,45500
2023-07-24,16.030000686645508,16.420000076293945,16.030000686645508,16.329999923706055,15.912688255310059,51600
2023-07-25,16.229999542236328,16.43000030517578,16.114999771118164,16.299999237060547,15.883451461791992,66700
2023-07-26,16.5,16.96500015258789,16.5,16.8700008392334,16.438886642456055,64400
2023-07-27,17.0,17.200000762939453,16.915000915527344,17.010000228881836,16.57530975341797,57700
2023-07-28,19.850000381469727,22.489999771118164,18.8799991607666,20.950000762939453,20.414621353149414,302900
2023-07-31,21.229999542236328,21.690000534057617,20.3700008392334,20.450000762939453,19.927400588989258,115500
2023-08-01,20.600000381469727,21.26300048828125,20.149999618530273,21.219999313354492,20.67772102355957,200000
2023-08-02,20.90999984741211,21.219999313354492,20.5,20.579999923706055,20.0540771484375,65300
2023-08-03,20.559999465942383,20.860000610351562,20.25,20.770000457763672,20.23922348022461,68100
2023-08-04,20.700000762939453,21.09000015258789,19.829999923706055,20.600000381469727,20.073564529418945,65400
2023-08-07,20.59000015258789,21.100000381469727,20.19300079345703,21.049999237060547,20.512065887451172,62200
2023-08-08,20.420000076293945,20.649999618530273,20.059999465942383,20.6299991607666,20.102800369262695,126300
2023-08-09,20.600000381469727,20.959999084472656,20.239999771118164,20.8700008392334,20.336666107177734,128200
2023-08-10,20.709999084472656,21.329999923706055,20.540000915527344,21.290000915527344,20.745933532714844,128200
2023-08-11,21.06999969482422,21.329999923706055,20.860000610351562,21.049999237060547,20.512065887451172,126800
2023-08-14,20.75,21.0,20.645000457763672,20.8799991607666,20.463064193725586,69700
2023-08-15,20.6299991607666,21.020000457763672,20.479999542236328,20.75,20.335662841796875,86900
2023-08-16,20.65999984741211,20.770000457763672,20.209999084472656,20.209999084472656,19.80644416809082,74800
2023-08-17,20.34000015258789,20.459999084472656,20.059999465942383,20.110000610351562,19.70844268798828,41700
2023-08-18,19.889999389648438,20.31999969482422,19.8700008392334,19.90999984741211,19.512434005737305,137500
2023-08-21,19.84000015258789,20.010000228881836,19.760000228881836,19.899999618530273,19.502634048461914,61400
2023-08-22,19.93000030517578,20.030000686645508,19.700000762939453,19.75,19.355628967285156,67400
2023-08-23,19.709999084472656,20.0049991607666,19.709999084472656,19.979999542236328,19.581035614013672,58000
2023-08-24,19.850000381469727,20.34000015258789,19.76300048828125,20.219999313354492,19.816242218017578,53200
2023-08-25,20.270000457763672,20.350000381469727,20.010000228881836,20.149999618530273,19.74764060974121,59900
2023-08-28,20.190000534057617,20.5,20.110000610351562,20.209999084472656,19.80644416809082,37400
2023-08-29,20.25,20.43000030517578,20.059999465942383,20.149999618530273,19.74764060974121,31500
2023-08-30,20.09000015258789,20.219999313354492,20.059999465942383,20.139999389648438,19.737842559814453,44000
2023-08-31,20.25,20.489999771118164,20.010000228881836,20.450000762939453,20.04165267944336,72000
2023-09-01,20.5,21.25,20.489999771118164,20.809999465942383,20.39446258544922,87800
2023-09-05,20.739999771118164,20.739999771118164,20.260000228881836,20.290000915527344,19.88484764099121,59900
2023-09-06,20.3700008392334,20.479999542236328,19.809999465942383,19.850000381469727,19.45363426208496,34800
2023-09-07,19.770000457763672,19.920000076293945,19.45199966430664,19.670000076293945,19.277225494384766,77500
2023-09-08,19.780000686645508,19.94499969482422,19.530000686645508,19.829999923706055,19.434032440185547,28800
2023-09-11,20.100000381469727,20.100000381469727,19.3700008392334,19.40999984741211,19.022417068481445,67700
2023-09-12,19.440000534057617,19.55500030517578,19.100000381469727,19.170000076293945,18.78721046447754,65800
2023-09-13,19.219999313354492,19.256000518798828,18.940000534057617,19.139999389648438,18.757810592651367,59000
2023-09-14,19.25,19.604999542236328,19.18000030517578,19.5,19.11062240600586,37000
2023-09-15,19.540000915527344,19.6560001373291,18.940000534057617,19.110000610351562,18.728408813476562,317500
2023-09-18,19.1299991607666,19.219999313354492,18.719999313354492,18.739999771118164,18.36579704284668,38900
2023-09-19,18.291000366210938,19.06999969482422,18.176000595092773,18.510000228881836,18.140390396118164,42300
2023-09-20,18.6299991607666,18.8700008392334,18.389999389648438,18.389999389648438,18.022785186767578,33500
2023-09-21,18.329999923706055,18.389999389648438,18.09000015258789,18.110000610351562,17.74837875366211,31300
2023-09-22,18.18000030517578,18.290000915527344,17.8799991607666,18.219999313354492,17.85618019104004,37000
2023-09-25,18.329999923706055,18.59000015258789,18.329999923706055,18.559999465942383,18.189390182495117,37200
2023-09-26,18.19099998474121,18.709999084472656,18.19099998474121,18.450000762939453,18.081586837768555,37900
2023-09-27,18.5,18.790000915527344,18.450000762939453,18.639999389648438,18.267793655395508,39100
2023-09-28,18.670000076293945,19.059999465942383,18.670000076293945,18.889999389648438,18.512802124023438,46300
2023-09-29,19.010000228881836,19.43000030517578,18.739999771118164,18.760000228881836,18.38539695739746,55500
2023-10-02,18.649999618530273,18.839000701904297,18.530000686645508,18.709999084472656,18.336395263671875,49500
2023-10-03,18.6299991607666,18.639999389648438,18.239999771118164,18.59000015258789,18.218791961669922,38200
2023-10-04,18.350000381469727,18.899999618530273,18.350000381469727,18.860000610351562,18.483402252197266,45700
2023-10-05,18.8799991607666,19.165000915527344,18.68000030517578,18.950000762939453,18.571605682373047,58800
2023-10-06,18.81999969482422,19.083999633789062,18.65999984741211,18.65999984741211,18.287395477294922,46000
2023-10-09,18.520000457763672,18.760000228881836,18.520000457763672,18.719999313354492,18.3461971282959,33600
2023-10-10,18.84000015258789,19.15999984741211,18.270000457763672,18.860000610351562,18.483402252197266,70800
2023-10-11,18.829999923706055,19.0,18.579999923706055,18.790000915527344,18.4148006439209,43400
2023-10-12,18.6200008392334,18.81999969482422,18.43000030517578,18.790000915527344,18.4148006439209,34200
2023-10-13,18.649999618530273,18.760000228881836,18.280000686645508,18.459999084472656,18.091388702392578,71600
2023-10-16,18.610000610351562,18.889999389648438,18.5,18.760000228881836,18.38539695739746,42900
2023-10-17,18.6299991607666,19.301000595092773,18.6299991607666,19.06999969482422,18.689208984375,68800
2023-10-18,18.940000534057617,18.940000534057617,18.524999618530273,18.6200008392334,18.248193740844727,40900
2023-10-19,18.540000915527344,18.829999923706055,18.479999542236328,18.559999465942383,18.189390182495117,32800
2023-10-20,18.59000015258789,18.59000015258789,18.040000915527344,18.100000381469727,17.738576889038086,63300
2023-10-23,18.0,18.389999389648438,17.90399932861328,18.209999084472656,17.846378326416016,49700
2023-10-24,18.329999923706055,18.549999237060547,17.950000762939453,18.25,17.885581970214844,45700
2023-10-25,18.09000015258789,18.670000076293945,17.989999771118164,18.420000076293945,18.052186965942383,69200
2023-10-26,18.43000030517578,18.729999542236328,18.43000030517578,18.56999969482422,18.19919204711914,56400
2023-10-27,20.0,20.0,18.805999755859375,19.110000610351562,18.728408813476562,120000
2023-10-30,19.100000381469727,19.844999313354492,19.049999237060547,19.510000228881836,19.12042236328125,75700
2023-10-31,19.459999084472656,19.65999984741211,19.450000762939453,19.540000915527344,19.149822235107422,40500
2023-11-01,19.520000457763672,19.700000762939453,19.350000381469727,19.6200008392334,19.228227615356445,42400
2023-11-02,19.770000457763672,20.25,19.770000457763672,20.200000762939453,19.79664421081543,76900
2023-11-03,20.469999313354492,21.200000762939453,20.469999313354492,20.889999389648438,20.472864151000977,73000
2023-11-06,20.8700008392334,20.8700008392334,20.55500030517578,20.729999542236328,20.31606101989746,40500
2023-11-07,20.68000030517578,20.68000030517578,20.329999923706055,20.559999465942383,20.149456024169922,29300
2023-11-08,20.639999389648438,20.639999389648438,20.049999237060547,20.329999923706055,19.924047470092773,41200
2023-11-09,20.489999771118164,20.549999237060547,20.049999237060547,20.200000762939453,19.79664421081543,33800
2023-11-10,20.299999237060547,20.530000686645508,20.100000381469727,20.420000076293945,20.012250900268555,32900
2023-11-13,20.31999969482422,20.440000534057617,20.16200065612793,20.360000610351562,19.953449249267578,18800
2023-11-14,20.84000015258789,21.56999969482422,20.84000015258789,21.56999969482422,21.28565216064453,105300
2023-11-15,21.579999923706055,21.899999618530273,21.309999465942383,21.479999542236328,21.19683837890625,58500
2023-11-16,21.219999313354492,21.549999237060547,20.940000534057617,21.25,20.969871520996094,111600
2023-11-17,21.479999542236328,21.670000076293945,20.959999084472656,21.049999237060547,20.772506713867188,81000
2023-11-20,21.049999237060547,21.049999237060547,20.579999923706055,20.799999237060547,20.525802612304688,51600
2023-11-21,20.510000228881836,20.690000534057617,20.059999465942383,20.479999542236328,20.210020065307617,49200
2023-11-22,20.6299991607666,20.6299991607666,20.25,20.299999237060547,20.032394409179688,24100
2023-11-24,20.200000762939453,20.520000457763672,20.200000762939453,20.520000457763672,20.249494552612305,17200
2023-11-27,20.399999618530273,20.399999618530273,19.979999542236328,20.149999618530273,19.884370803833008,30100
2023-11-28,20.219999313354492,20.229999542236328,19.770000457763672,19.809999465942383,19.548852920532227,32900
2023-11-29,20.0,20.420000076293945,20.0,20.260000228881836,19.992921829223633,34400
2023-11-30,20.5,20.5,20.059999465942383,20.229999542236328,19.96331787109375,90200
2023-12-01,20.239999771118164,21.110000610351562,20.145000457763672,21.040000915527344,20.76264190673828,60400
2023-12-04,21.040000915527344,22.040000915527344,21.025999069213867,21.93000030517578,21.640907287597656,82600
2023-12-05,21.56999969482422,21.940000534057617,21.350000381469727,21.93000030517578,21.640907287597656,61100
2023-12-06,22.0,22.3799991607666,21.399999618530273,21.399999618530273,21.11789321899414,34200
2023-12-07,21.40999984741211,21.860000610351562,21.149999618530273,21.860000610351562,21.57183074951172,32100
2023-12-08,21.829999923706055,22.219999313354492,21.780000686645508,21.860000610351562,21.57183074951172,44300
2023-12-11,21.989999771118164,22.059999465942383,21.860000610351562,21.959999084472656,21.670509338378906,36500
2023-12-12,22.0,22.040000915527344,21.690000534057617,21.940000534057617,21.650775909423828,25500
2023-12-13,21.989999771118164,23.149999618530273,21.799999237060547,22.969999313354492,22.66719627380371,126000
2023-12-14,23.389999389648438,23.81999969482422,23.110000610351562,23.549999237060547,23.23954963684082,89300
2023-12-15,23.93000030517578,23.93000030517578,23.200000762939453,23.670000076293945,23.357969284057617,164400
2023-12-18,23.780000686645508,23.93000030517578,23.479999542236328,23.719999313354492,23.407310485839844,55800
2023-12-19,23.850000381469727,24.459999084472656,23.489999771118164,24.399999618530273,24.078344345092773,72600
2023-12-20,24.09000015258789,24.899999618530273,23.860000610351562,23.90999984741211,23.594804763793945,79000
2023-12-21,24.239999771118164,24.260000228881836,23.889999389648438,24.200000762939453,23.880983352661133,51000
2023-12-22,24.450000762939453,24.670000076293945,24.350000381469727,24.65999984741211,24.334918975830078,50300
2023-12-26,24.790000915527344,25.270000457763672,24.645000457763672,25.229999542236328,24.897403717041016,58700
2023-12-27,25.25,25.56999969482422,25.059999465942383,25.34000015258789,25.00595474243164,47900
2023-12-28,25.100000381469727,25.389999389648438,24.989999771118164,25.059999465942383,24.729644775390625,67400
2023-12-29,25.1299991607666,25.26300048828125,24.649999618530273,24.649999618530273,24.325050354003906,40000
2024-01-02,24.440000534057617,24.969999313354492,24.31999969482422,24.510000228881836,24.1868953704834,45900
2024-01-03,24.420000076293945,24.510000228881836,23.68000030517578,23.719999313354492,23.407310485839844,66700
2024-01-04,23.8799991607666,23.93000030517578,23.489999771118164,23.760000228881836,23.4467830657959,69800
2024-01-05,22.719999313354492,24.040000915527344,22.719999313354492,23.65999984741211,23.348100662231445,147200
2024-01-08,23.639999389648438,23.719999313354492,23.40999984741211,23.639999389648438,23.3283634185791,43000
2024-01-09,23.31999969482422,23.34000015258789,23.09000015258789,23.15999984741211,22.854692459106445,37500
2024-01-10,23.030000686645508,23.1299991607666,22.760000228881836,23.100000381469727,22.79548454284668,55900
2024-01-11,23.040000915527344,23.040000915527344,22.530000686645508,22.899999618530273,22.598119735717773,41400
2024-01-12,23.09000015258789,23.68000030517578,22.559999465942383,22.93000030517578,22.62772560119629,79700
2024-01-16,22.639999389648438,22.709999084472656,22.219999313354492,22.299999237060547,22.00602912902832,41200
2024-01-17,21.93000030517578,22.510000228881836,21.899999618530273,22.479999542236328,22.183656692504883,40600
2024-01-18,22.520000457763672,22.700000762939453,22.469999313354492,22.670000076293945,22.371152877807617,30400
2024-01-19,22.770000457763672,22.924999237060547,22.450000762939453,22.889999389648438,22.5882511138916,33900
2024-01-22,23.15999984741211,23.780000686645508,23.139999389648438,23.770000457763672,23.45665168762207,79300
2024-01-23,23.709999084472656,23.860000610351562,23.3700008392334,23.399999618530273,23.091527938842773,48700
2024-01-24,23.93000030517578,24.139999389648438,22.75,23.030000686645508,22.72640609741211,62300
2024-01-25,23.3799991607666,23.399999618530273,23.03499984741211,23.309999465942383,23.002714157104492,57900
2024-01-26,23.5,23.725000381469727,23.440000534057617,23.510000228881836,23.2000789642334,61600
2024-01-29,23.56999969482422,23.8799991607666,23.408000946044922,23.8700008392334,23.555334091186523,43300
2024-01-30,23.729999542236328,23.969999313354492,23.649999618530273,23.709999084472656,23.397441864013672,21300
2024-01-31,23.3700008392334,23.420000076293945,22.549999237060547,22.549999237060547,22.25273323059082,60300
2024-02-01,22.850000381469727,22.850000381469727,21.719999313354492,22.40999984741211,22.114580154418945,65200
2024-02-02,22.040000915527344,22.489999771118164,22.030000686645508,22.239999771118164,21.946821212768555,50200
2024-02-05,21.989999771118164,21.989999771118164,21.6200008392334,21.75,21.463279724121094,45800
2024-02-06,21.700000762939453,21.905000686645508,21.260000228881836,21.450000762939453,21.167236328125,47900
2024-02-07,21.510000228881836,21.600000381469727,20.600000381469727,21.329999923706055,21.048816680908203,61300
2024-02-08,21.389999389648438,21.459999084472656,21.229999542236328,21.3799991607666,21.098155975341797,32600
2024-02-09,21.420000076293945,21.8700008392334,21.299999237060547,21.809999465942383,21.52248764038086,37200
2024-02-12,22.195999145507812,22.670000076293945,22.195999145507812,22.43000030517578,22.134315490722656,53900
2024-02-13,21.719999313354492,21.719999313354492,20.959999084472656,21.18000030517578,20.900793075561523,87700
2024-02-14,21.34000015258789,21.399999618530273,21.040000915527344,21.399999618530273,21.258411407470703,44100
2024-02-15,21.649999618530273,22.360000610351562,21.600000381469727,22.299999237060547,22.152456283569336,58100
2024-02-16,22.149999618530273,22.510000228881836,21.979999542236328,22.309999465942383,22.162391662597656,62800
2024-02-20,22.09000015258789,22.385000228881836,22.09000015258789,22.360000610351562,22.212060928344727,37400
2024-02-21,22.25,22.25,21.790000915527344,21.959999084472656,21.814706802368164,43800
2024-02-22,21.889999389648438,21.950000762939453,21.520000457763672,21.709999084472656,21.566360473632812,44600
2024-02-23,21.729999542236328,22.149999618530273,21.510000228881836,21.860000610351562,21.715370178222656,26200
2024-02-26,21.81999969482422,21.979999542236328,21.649999618530273,21.760000228881836,21.616031646728516,27900
2024-02-27,21.81999969482422,22.110000610351562,21.719999313354492,21.889999389648438,21.74517059326172,26600
2024-02-28,21.860000610351562,22.079999923706055,21.55500030517578,21.639999389648438,21.496824264526367,28000
2024-02-29,22.030000686645508,22.459999084472656,21.8799991607666,22.450000762939453,22.30146598815918,76600
2024-03-01,22.170000076293945,22.450000762939453,21.700000762939453,21.889999389648438,21.74517059326172,41600
2024-03-04,21.81999969482422,22.30500030517578,21.729999542236328,21.84000015258789,21.69550132751465,27600
2024-03-05,21.84000015258789,22.600000381469727,21.84000015258789,22.5,22.35113525390625,39500
2024-03-06,22.530000686645508,22.530000686645508,21.770000457763672,22.1299991607666,21.98358154296875,57100
2024-03-07,22.31999969482422,22.670000076293945,22.270000457763672,22.329999923706055,22.18225860595703,26600
2024-03-08,22.56999969482422,22.719999313354492,22.273000717163086,22.469999313354492,22.321332931518555,28300
2024-03-11,22.309999465942383,22.610000610351562,22.25,22.3700008392334,22.221996307373047,30200
2024-03-12,22.31999969482422,22.34000015258789,22.079999923706055,22.149999618530273,22.003450393676758,22700
2024-03-13,22.059999465942383,22.469999313354492,22.059999465942383,22.3799991607666,22.2319278717041,45200
2024-03-14,22.239999771118164,22.239999771118164,21.479999542236328,21.670000076293945,21.526626586914062,45700
2024-03-15,21.469999313354492,21.850000381469727,21.079999923706055,21.239999771118164,21.099470138549805,240300
2024-03-18,21.229999542236328,21.68000030517578,21.030000686645508,21.09000015258789,20.950464248657227,37000
2024-03-19,21.299999237060547,21.565000534057617,21.100000381469727,21.43000030517578,21.2882137298584,38200
2024-03-20,21.34000015258789,22.34000015258789,21.280000686645508,22.18000030517578,22.033252716064453,39800
2024-03-21,22.190000534057617,22.510000228881836,22.034000396728516,22.389999389648438,22.24186134338379,43600
2024-03-22,22.5,22.540000915527344,21.579999923706055,21.690000534057617,21.546493530273438,35200
2024-03-25,21.809999465942383,22.219999313354492,21.549999237060547,21.780000686645508,21.63589859008789,23600
2024-03-26,21.940000534057617,21.940000534057617,21.31999969482422,21.3700008392334,21.22861099243164,36400
2024-03-27,21.579999923706055,22.420000076293945,21.579999923706055,22.350000381469727,22.20212745666504,52600
2024-03-28,22.229999542236328,22.4950008392334,21.959999084472656,22.280000686645508,22.132591247558594,98700
2024-04-01,22.270000457763672,22.360000610351562,21.59000015258789,21.709999084472656,21.566360473632812,40800
2024-04-02,21.440000534057617,21.56999969482422,20.65999984741211,20.8700008392334,20.73192024230957,47800
2024-04-03,20.690000534057617,20.940000534057617,20.459999084472656,20.739999771118164,20.602779388427734,53000
2024-04-04,21.020000457763672,21.260000228881836,20.670000076293945,20.84000015258789,20.702117919921875,37300
2024-04-05,20.700000762939453,21.010000228881836,20.700000762939453,20.8700008392334,20.73192024230957,30900
2024-04-08,20.81999969482422,21.479999542236328,20.816999435424805,21.1200008392334,20.980266571044922,37300
2024-04-09,21.309999465942383,21.540000915527344,21.299999237060547,21.40999984741211,21.268346786499023,31300
2024-04-10,20.700000762939453,20.950000762939453,19.959999084472656,20.149999618530273,20.016681671142578,68700
2024-04-11,20.024999618530273,20.260000228881836,19.8799991607666,20.209999084472656,20.076284408569336,32500
2024-04-12,20.059999465942383,20.399999618530273,20.059999465942383,20.399999618530273,20.26502799987793,28300
2024-04-15,20.559999465942383,20.56999969482422,20.170000076293945,20.260000228881836,20.12595558166504,30200
2024-04-16,20.0,20.459999084472656,19.854999542236328,20.200000762939453,20.06635284423828,35200
2024-04-17,20.1200008392334,20.405000686645508,20.110000610351562,20.170000076293945,20.036550521850586,43400
2024-04-18,20.18000030517578,20.729999542236328,20.18000030517578,20.56999969482422,20.43390464782715,54400
2024-04-19,20.489999771118164,21.190000534057617,20.489999771118164,21.049999237060547,20.91072654724121,74900
2024-04-22,21.389999389648438,21.780000686645508,21.389999389648438,21.56999969482422,21.427288055419922,53100
2024-04-23,21.84000015258789,22.190000534057617,21.809999465942383,21.940000534057617,21.79483985900879,50900
2024-04-24,21.739999771118164,22.1200008392334,21.530000686645508,22.040000915527344,21.89417839050293,48200
2024-04-25,21.920000076293945,21.920000076293945,21.625,21.770000457763672,21.625965118408203,49600
2024-04-26,21.510000228881836,21.510000228881836,20.549999237060547,20.65999984741211,20.52330780029297,64600
2024-04-29,20.729999542236328,20.799999237060547,20.360000610351562,20.540000915527344,20.404104232788086,47000
2024-04-30,20.3799991607666,20.459999084472656,20.190000534057617,20.190000534057617,20.056419372558594,46300
2024-05-01,20.299999237060547,20.889999389648438,20.299999237060547,20.700000762939453,20.563045501708984,55900
2024-05-02,20.93000030517578,21.389999389648438,20.770000457763672,20.899999618530273,20.761720657348633,51700
2024-05-03,21.0,21.209999084472656,20.864999771118164,21.0,20.861059188842773,81000
2024-05-06,21.200000762939453,21.399999618530273,20.93000030517578,21.34000015258789,21.198810577392578,66200
2024-05-07,21.440000534057617,21.645000457763672,21.170000076293945,21.280000686645508,21.13920783996582,45900
2024-05-08,21.049999237060547,21.469999313354492,21.049999237060547,21.440000534057617,21.29814910888672,132500
2024-05-09,21.350000381469727,21.610000610351562,21.34000015258789,21.479999542236328,21.33788299560547,58700
2024-05-10,21.350000381469727,21.790000915527344,21.06999969482422,21.100000381469727,20.960397720336914,60500
2024-05-13,21.31999969482422,21.31999969482422,21.110000610351562,21.15999984741211,21.020000457763672,23300
2024-05-14,21.309999465942383,21.450000762939453,21.079999923706055,21.239999771118164,21.239999771118164,51000
2024-05-15,21.389999389648438,21.399999618530273,21.18000030517578,21.280000686645508,21.280000686645508,43800
2024-05-16,21.309999465942383,21.569000244140625,21.16200065612793,21.350000381469727,21.350000381469727,72000
2024-05-17,21.299999237060547,21.760000228881836,21.299999237060547,21.75,21.75,58700
2024-05-20,21.690000534057617,21.854999542236328,21.299999237060547,21.299999237060547,21.299999237060547,35200
2024-05-21,21.229999542236328,21.530000686645508,21.229999542236328,21.510000228881836,21.510000228881836,24100
2024-05-22,21.489999771118164,21.690000534057617,21.25,21.43000030517578,21.43000030517578,53000
2024-05-23,21.459999084472656,21.459999084472656,20.709999084472656,20.969999313354492,20.969999313354492,57800
2024-05-24,21.100000381469727,21.34000015258789,20.84000015258789,21.010000228881836,21.010000228881836,36000
2024-05-28,21.18000030517578,21.239999771118164,20.889999389648438,21.040000915527344,21.040000915527344,35600
2024-05-29,20.530000686645508,20.625,20.31999969482422,20.389999389648438,20.389999389648438,40900
2024-05-30,20.6299991607666,21.139999389648438,20.579999923706055,21.09000015258789,21.09000015258789,52600
2024-05-31,21.350000381469727,21.6299991607666,21.211000442504883,21.450000762939453,21.450000762939453,119700
2024-06-03,21.639999389648438,21.639999389648438,20.760000228881836,20.809999465942383,20.809999465942383,39600
2024-06-04,20.579999923706055,20.649999618530273,20.260000228881836,20.56999969482422,20.56999969482422,28200
2024-06-05,20.68000030517578,20.68000030517578,20.268999099731445,20.600000381469727,20.600000381469727,26400
2024-06-06,20.489999771118164,20.639999389648438,20.34000015258789,20.600000381469727,20.600000381469727,26500
2024-06-07,20.3799991607666,20.739999771118164,20.290000915527344,20.56999969482422,20.56999969482422,31400
2024-06-10,20.43000030517578,20.43000030517578,20.09000015258789,20.270000457763672,20.270000457763672,43600
2024-06-11,20.049999237060547,20.260000228881836,19.920000076293945,20.219999313354492,20.219999313354492,41600
2024-06-12,20.940000534057617,21.079999923706055,18.969999313354492,20.530000686645508,20.530000686645508,49200
2024-06-13,20.469999313354492,20.469999313354492,19.979999542236328,20.1200008392334,20.1200008392334,21000
2024-06-14,19.940000534057617,20.03499984741211,19.6200008392334,19.719999313354492,19.719999313354492,32300
2024-06-17,19.649999618530273,20.1200008392334,19.400999069213867,20.1200008392334,20.1200008392334,25000
2024-06-18,20.344999313354492,20.610000610351562,20.280000686645508,20.420000076293945,20.420000076293945,30300
2024-06-20,20.25,20.524999618530273,20.229999542236328,20.280000686645508,20.280000686645508,16500
2024-06-21,20.270000457763672,20.270000457763672,19.8799991607666,20.040000915527344,20.040000915527344,105800
2024-06-24,20.309999465942383,20.559999465942383,20.117000579833984,20.239999771118164,20.239999771118164,29200
2024-06-25,20.059999465942383,20.43000030517578,20.059999465942383,20.360000610351562,20.360000610351562,43200
2024-06-26,20.209999084472656,20.739999771118164,20.209999084472656,20.43000030517578,20.43000030517578,38100
2024-06-27,20.559999465942383,21.03499984741211,20.489999771118164,21.020000457763672,21.020000457763672,28500
2024-06-28,21.079999923706055,21.790000915527344,21.065000534057617,21.760000228881836,21.760000228881836,288500
2024-07-01,21.829999923706055,21.829999923706055,21.309999465942383,21.510000228881836,21.510000228881836,36300
2024-07-02,21.59000015258789,21.700000762939453,21.329999923706055,21.59000015258789,21.59000015258789,44700
2024-07-03,21.5,21.5,21.0,21.239999771118164,21.239999771118164,19400
2024-07-05,21.15999984741211,21.19499969482422,20.530000686645508,20.549999237060547,20.549999237060547,44200
2024-07-08,20.829999923706055,20.9950008392334,20.690000534057617,20.8799991607666,20.8799991607666,31400
2024-07-09,20.850000381469727,21.209999084472656,20.799999237060547,21.170000076293945,21.170000076293945,11800
2024-07-10,21.25,21.670000076293945,21.111000061035156,21.6200008392334,21.6200008392334,29500
2024-07-11,21.920000076293945,22.934999465942383,21.799999237060547,22.90999984741211,22.90999984741211,117500
2024-07-12,23.229999542236328,23.229999542236328,22.68000030517578,22.75,22.75,72000
2024-07-15,23.040000915527344,23.40999984741211,22.729999542236328,23.260000228881836,23.260000228881836,103000
2024-07-16,23.5,24.68000030517578,23.200000762939453,24.299999237060547,24.299999237060547,166700
2024-07-17,24.040000915527344,25.0,22.06999969482422,24.420000076293945,24.420000076293945,159100
2024-07-18,24.149999618530273,24.6299991607666,23.566999435424805,23.790000915527344,23.790000915527344,87400
2024-07-19,23.81999969482422,24.290000915527344,23.584999084472656,23.600000381469727,23.600000381469727,53100
2024-07-22,23.639999389648438,24.350000381469727,23.31999969482422,24.059999465942383,24.059999465942383,164000
2024-07-23,23.739999771118164,25.0,23.645000457763672,24.93000030517578,24.93000030517578,113600
2024-07-24,24.770000457763672,25.389999389648438,24.604999542236328,24.68000030517578,24.68000030517578,158500
2024-07-25,24.8799991607666,25.739999771118164,24.8799991607666,25.219999313354492,25.219999313354492,104700
2024-07-26,25.440000534057617,26.68000030517578,25.29199981689453,26.219999313354492,26.219999313354492,130600
2024-07-29,26.229999542236328,26.229999542236328,25.329999923706055,25.40999984741211,25.40999984741211,66200
2024-07-30,25.639999389648438,25.950000762939453,25.19499969482422,25.510000228881836,25.510000228881836,134700
2024-07-31,25.489999771118164,26.28499984741211,22.969999313354492,25.420000076293945,25.420000076293945,116000
2024-08-01,25.399999618530273,25.760000228881836,24.049999237060547,24.170000076293945,24.170000076293945,88900
2024-08-02,23.170000076293945,23.260000228881836,22.69499969482422,22.860000610351562,22.860000610351562,93718
