Date,Open,High,Low,Close,Adj Close,Volume
1997-01-31,12.25,12.375,12.0,12.125,12.125,1241000
1997-02-03,12.375,12.375,12.125,12.25,12.25,179700
1997-02-04,12.25,12.375,12.0,12.0,12.0,113200
1997-02-05,12.0,12.375,12.0,12.0,12.0,236100
1997-02-06,12.0,12.25,12.0,12.0,12.0,191600
1997-02-07,12.0,12.125,10.625,11.75,11.75,103200
1997-02-10,11.5,11.875,11.5,11.5,11.5,45900
1997-02-11,11.5,11.75,9.875,10.125,10.125,91100
1997-02-12,10.5,10.5,10.0,10.4375,10.4375,80800
1997-02-13,10.5,10.5,10.375,10.5,10.5,36100
1997-02-14,10.375,10.5,9.125,9.125,9.125,109700
1997-02-18,9.125,9.25,9.125,9.125,9.125,7900
1997-02-19,9.125,9.125,8.25,8.25,8.25,124400
1997-02-20,8.5,8.5,7.75,7.75,7.75,24100
1997-02-21,7.75,8.25,7.75,7.875,7.875,28100
1997-02-24,8.25,8.4375,8.0,8.375,8.375,94300
1997-02-25,9.625,11.375,9.375,11.125,11.125,333700
1997-02-26,11.5,11.625,10.875,11.375,11.375,137700
1997-02-27,11.375,11.375,10.875,10.875,10.875,71000
1997-02-28,11.0,11.0,9.875,9.875,9.875,73500
1997-03-03,10.125,10.125,9.5,9.5,9.5,53300
1997-03-04,9.5,10.0,9.5,9.6875,9.6875,36500
1997-03-05,9.5,9.75,9.125,9.5,9.5,57500
1997-03-06,9.125,9.5,9.125,9.375,9.375,9400
1997-03-07,9.75,9.75,9.375,9.375,9.375,3100
1997-03-10,9.75,11.125,9.75,10.625,10.625,74800
1997-03-11,11.25,11.625,11.0,11.625,11.625,45500
1997-03-12,11.625,11.875,11.375,11.5,11.5,57600
1997-03-13,11.75,11.75,11.375,11.375,11.375,9100
1997-03-14,11.625,11.625,10.625,10.875,10.875,19700
1997-03-17,10.625,10.75,10.5,10.625,10.625,48600
1997-03-18,10.5,10.625,9.75,9.875,9.875,14000
1997-03-19,9.75,10.0,9.75,9.75,9.75,9800
1997-03-20,10.0,10.0,9.25,9.5,9.5,17900
1997-03-21,9.25,9.75,9.25,9.375,9.375,5100
1997-03-24,9.75,9.875,9.375,9.875,9.875,24700
1997-03-25,9.875,10.125,9.625,9.875,9.875,18500
1997-03-26,10.25,11.25,10.0,11.015625,11.015625,50300
1997-03-27,11.125,11.625,11.0,11.125,11.125,57200
1997-03-31,11.25,11.25,10.875,10.875,10.875,18900
1997-04-01,10.875,11.0,10.875,10.875,10.875,12900
1997-04-02,10.875,11.125,10.75,10.75,10.75,36700
1997-04-03,11.125,11.125,10.875,10.9375,10.9375,7600
1997-04-04,10.875,11.25,10.875,11.125,11.125,8900
1997-04-07,11.25,11.5,11.0,11.125,11.125,8600
1997-04-08,11.5,12.0,11.25,12.0,12.0,17600
1997-04-09,12.0,12.75,11.875,11.875,11.875,42800
1997-04-10,11.5,12.25,11.375,12.0,12.0,31000
1997-04-11,11.875,12.5,11.875,12.25,12.25,24000
1997-04-14,12.5,12.5,11.5,11.875,11.875,18000
1997-04-15,11.5,12.0,11.5,11.625,11.625,51100
1997-04-16,11.625,11.625,11.5,11.5,11.5,3900
1997-04-17,11.625,11.75,11.125,11.125,11.125,5100
1997-04-18,11.0,11.0,10.875,10.875,10.875,3900
1997-04-21,11.25,11.375,11.0,11.125,11.125,5500
1997-04-22,11.125,11.125,11.125,11.125,11.125,0
1997-04-23,10.875,11.25,10.875,11.25,11.25,7400
1997-04-24,10.875,11.25,10.75,10.875,10.875,35500
1997-04-25,10.875,11.25,10.875,10.875,10.875,9100
1997-04-28,10.875,11.25,10.875,11.25,11.25,5100
1997-04-29,10.875,11.25,10.875,10.875,10.875,9800
1997-04-30,11.125,11.25,11.125,11.25,11.25,5500
1997-05-01,11.0,11.25,11.0,11.25,11.25,2300
1997-05-02,11.0,11.25,11.0,11.25,11.25,2500
1997-05-05,11.375,12.25,11.0,12.0,12.0,19300
1997-05-06,11.875,12.25,11.875,11.875,11.875,3800
1997-05-07,12.25,12.25,11.0,11.0,11.0,30600
1997-05-08,11.0,11.375,10.25,11.0,11.0,45400
1997-05-09,11.0,11.125,10.875,11.125,11.125,7500
1997-05-12,11.125,11.125,10.75,10.75,10.75,7600
1997-05-13,11.125,11.125,10.75,11.125,11.125,3600
1997-05-14,11.25,11.25,10.75,10.875,10.875,3800
1997-05-15,11.125,11.125,10.75,10.75,10.75,800
1997-05-16,10.75,11.25,10.75,11.0,11.0,12400
1997-05-19,11.25,11.25,11.0,11.125,11.125,1700
1997-05-20,11.25,11.25,11.25,11.25,11.25,5000
1997-05-21,11.25,11.5,11.0,11.5,11.5,4400
1997-05-22,11.75,12.125,11.625,11.625,11.625,5700
1997-05-23,12.25,12.25,11.75,12.125,12.125,4100
1997-05-27,12.25,12.375,11.75,12.0,12.0,9000
1997-05-28,12.0,12.0,12.0,12.0,12.0,2900
1997-05-29,12.5,12.5,11.75,11.75,11.75,9600
1997-05-30,11.75,12.0,11.625,11.875,11.875,5100
1997-06-02,11.375,11.75,11.375,11.75,11.75,1900
1997-06-03,11.125,11.75,11.125,11.125,11.125,1900
1997-06-04,11.75,11.75,11.0,11.25,11.25,6200
1997-06-05,11.375,11.5,11.25,11.375,11.375,6700
1997-06-06,11.0,11.5,11.0,11.25,11.25,1400
1997-06-09,11.0,11.0,11.0,11.0,11.0,1000
1997-06-10,11.5,11.5,10.875,10.875,10.875,1900
1997-06-11,10.875,11.625,10.875,11.25,11.25,8500
1997-06-12,11.25,11.625,11.25,11.625,11.625,1000
1997-06-13,11.25,11.625,11.25,11.5,11.5,7800
1997-06-16,11.5,11.5,11.25,11.25,11.25,600
1997-06-17,11.75,11.75,11.125,11.125,11.125,8000
1997-06-18,11.0,11.5,11.0,11.0,11.0,2800
1997-06-19,11.5,11.5,11.0,11.0,11.0,6100
1997-06-20,11.5,11.5,11.5,11.5,11.5,2000
1997-06-23,11.5,11.5,11.125,11.125,11.125,2200
1997-06-24,11.5,11.5,11.125,11.125,11.125,6300
1997-06-25,11.125,11.375,10.75,10.75,10.75,35500
1997-06-26,11.0,11.0,10.75,10.75,10.75,5500
1997-06-27,10.625,10.75,9.5625,9.875,9.875,61400
1997-06-30,10.25,10.25,8.5,9.25,9.25,42700
1997-07-01,9.25,9.25,8.0,8.0,8.0,20100
1997-07-02,8.75,9.875,8.125,9.875,9.875,17900
1997-07-03,9.875,10.375,9.875,10.375,10.375,5400
1997-07-07,9.875,11.125,9.875,10.25,10.25,36100
1997-07-08,10.625,10.875,10.0,10.25,10.25,7900
1997-07-09,10.875,11.5,10.375,11.5,11.5,151500
1997-07-10,11.5,11.5,10.8125,11.5,11.5,19100
1997-07-11,11.5,11.75,11.125,11.75,11.75,38900
1997-07-14,11.625,12.0,11.125,12.0,12.0,25200
1997-07-15,11.625,12.75,11.625,12.75,12.75,52000
1997-07-16,12.25,14.875,12.25,13.625,13.625,76600
1997-07-17,14.375,15.25,13.625,14.75,14.75,29100
1997-07-18,14.75,15.375,13.875,14.75,14.75,20800
1997-07-21,14.0,15.0,14.0,15.0,15.0,8900
1997-07-22,15.0,15.875,14.5,15.75,15.75,24100
1997-07-23,15.875,16.0,15.0,15.625,15.625,26400
1997-07-24,15.625,15.75,15.0,15.75,15.75,5500
1997-07-25,15.75,15.75,14.875,15.125,15.125,16500
1997-07-28,15.25,15.25,14.75,14.75,14.75,14200
1997-07-29,14.75,15.125,13.875,14.5,14.5,11200
1997-07-30,14.625,14.625,12.875,13.4375,13.4375,30600
1997-07-31,13.625,14.0,13.25,14.0,14.0,14900
1997-08-01,13.5,14.0,13.5,14.0,14.0,7500
1997-08-04,14.0,14.0,13.5,14.0,14.0,5400
1997-08-05,14.625,15.625,14.5,15.5,15.5,81700
1997-08-06,15.625,17.5,15.375,16.5,16.5,128400
1997-08-07,17.25,17.75,15.875,15.875,15.875,52000
1997-08-08,16.125,16.5,15.25,16.5,16.5,31200
1997-08-11,16.5,16.5,15.75,16.375,16.375,23000
1997-08-12,15.875,16.5,15.75,15.75,15.75,6800
1997-08-13,16.375,16.5,15.5,16.0,16.0,15400
1997-08-14,16.375,16.5,15.5,15.75,15.75,6800
1997-08-15,15.625,16.25,15.625,16.25,16.25,5400
1997-08-18,16.25,16.5,15.5,16.0,16.0,7000
1997-08-19,15.75,17.0,15.75,17.0,17.0,14600
1997-08-20,17.0,17.0,16.125,16.125,16.125,13300
1997-08-21,16.75,17.125,16.125,16.625,16.625,34300
1997-08-22,17.0,17.0,16.125,16.75,16.75,20400
1997-08-25,17.0,17.0,16.75,17.0,17.0,16200
1997-08-26,16.625,17.125,16.625,16.625,16.625,14400
1997-08-27,16.625,17.125,16.625,16.625,16.625,8000
1997-08-28,17.0,17.0,16.625,16.875,16.875,17000
1997-08-29,17.0,17.0,16.625,16.6875,16.6875,27400
1997-09-02,17.0,17.125,16.75,17.0,17.0,84200
1997-09-03,17.25,18.125,17.125,17.9375,17.9375,122700
1997-09-04,18.125,18.125,17.75,17.75,17.75,42200
1997-09-05,17.75,18.0,17.75,18.0,18.0,26700
1997-09-08,17.75,18.0,17.25,17.5,17.5,20500
1997-09-09,17.875,17.875,17.125,17.125,17.125,26700
1997-09-10,17.125,17.625,17.125,17.25,17.25,18000
1997-09-11,17.25,17.75,17.125,17.125,17.125,16300
1997-09-12,17.75,17.75,17.125,17.375,17.375,5600
1997-09-15,17.4375,17.75,17.125,17.125,17.125,8700
1997-09-16,17.625,17.75,17.125,17.25,17.25,13400
1997-09-17,17.75,17.75,17.125,17.125,17.125,7000
1997-09-18,17.125,17.625,17.125,17.125,17.125,5500
1997-09-19,17.625,17.75,17.25,17.25,17.25,9200
1997-09-22,17.5,17.5,17.25,17.25,17.25,7700
1997-09-23,17.25,17.5,17.25,17.375,17.375,7300
1997-09-24,17.25,17.75,17.25,17.75,17.75,30500
1997-09-25,17.75,17.75,17.25,17.75,17.75,4200
1997-09-26,17.75,17.75,17.375,17.375,17.375,4900
1997-09-29,17.375,17.75,17.375,17.625,17.625,7700
1997-09-30,17.5,17.625,17.375,17.375,17.375,15900
1997-10-01,17.375,17.625,17.375,17.5,17.5,17700
1997-10-02,17.375,17.625,17.375,17.625,17.625,3300
1997-10-03,17.75,17.75,17.375,17.5,17.5,17200
1997-10-06,17.375,17.5,16.875,17.0,17.0,31000
1997-10-07,17.0,17.375,17.0,17.375,17.375,10400
1997-10-08,18.125,18.25,17.5,17.75,17.75,169100
1997-10-09,18.0,18.25,17.75,18.25,18.25,39800
1997-10-10,18.25,20.375,18.25,20.25,20.25,85900
1997-10-13,21.125,22.875,20.75,21.5,21.5,103200
1997-10-14,21.75,21.75,20.75,20.875,20.875,33000
1997-10-15,20.5,21.0,20.375,20.8125,20.8125,20800
1997-10-16,20.5,21.0,20.0,20.625,20.625,32200
1997-10-17,21.25,21.25,17.5,19.0,19.0,87000
1997-10-20,19.0,20.125,18.25,20.125,20.125,24400
1997-10-21,20.375,21.75,20.0,21.625,21.625,21700
1997-10-22,23.75,23.75,22.0,22.375,22.375,102100
1997-10-23,21.5,22.5,20.5,21.5,21.5,48000
1997-10-24,22.0,22.25,21.25,21.75,21.75,31400
1997-10-27,21.5,21.75,21.125,21.25,21.25,29100
1997-10-28,19.25,22.75,19.125,22.1875,22.1875,95500
1997-10-29,22.125,22.75,21.75,21.75,21.75,73700
1997-10-30,21.25,21.75,21.0,21.125,21.125,19400
1997-10-31,21.75,21.75,20.875,21.0,21.0,4900
1997-11-03,21.0,21.75,20.875,21.0,21.0,8500
1997-11-04,21.0,22.0,21.0,21.5,21.5,2100
1997-11-05,22.0,22.25,21.25,21.75,21.75,3600
1997-11-06,21.25,21.75,21.25,21.75,21.75,1400
1997-11-07,21.0,21.875,20.0,21.875,21.875,27900
1997-11-10,22.0,22.5,21.75,22.0,22.0,11700
1997-11-11,21.75,21.75,21.25,21.375,21.375,6500
1997-11-12,20.75,22.25,20.75,22.25,22.25,23300
1997-11-13,22.625,22.875,21.875,22.25,22.25,46500
1997-11-14,22.875,23.0,22.0,23.0,23.0,10500
1997-11-17,23.0,25.25,22.75,24.5,24.5,104400
1997-11-18,24.0,25.375,22.75,22.75,22.75,31400
1997-11-19,23.5,23.5,22.75,22.75,22.75,17200
1997-11-20,23.375,23.75,22.625,23.75,23.75,23500
1997-11-21,24.0,24.625,23.875,24.0,24.0,12200
1997-11-24,24.0,24.0,23.25,23.25,23.25,3200
1997-11-25,23.25,24.0,23.25,24.0,24.0,4500
1997-11-26,23.5,23.875,23.0,23.0,23.0,39100
1997-11-28,23.0,23.0,23.0,23.0,23.0,0
1997-12-01,22.5625,23.25,22.5625,22.875,22.875,4100
1997-12-02,23.25,23.25,22.5625,22.75,22.75,27200
1997-12-03,22.75,23.0,22.75,23.0,23.0,15500
1997-12-04,23.0,24.75,23.0,24.0,24.0,11800
1997-12-05,23.75,25.0,23.75,24.75,24.75,3500
1997-12-08,25.125,25.125,24.0,24.5,24.5,33900
1997-12-09,25.5,25.5,23.875,24.5,24.5,5900
1997-12-10,25.0,25.0,23.875,24.0,24.0,4700
1997-12-11,23.75,24.0,23.25,24.0,24.0,8900
1997-12-12,24.375,24.375,23.5,23.875,23.875,10900
1997-12-15,23.5,23.5,23.5,23.5,23.5,500
1997-12-16,23.625,24.5,23.375,23.5,23.5,28000
1997-12-17,23.0,23.0,22.0,22.25,22.25,32600
1997-12-18,22.5,22.5,22.25,22.25,22.25,4200
1997-12-19,22.5,22.5,21.25,21.5,21.5,16800
1997-12-22,22.0,22.0,21.25,21.25,21.25,9800
1997-12-23,21.5,21.75,21.25,21.25,21.25,5900
1997-12-24,21.5,22.0,21.5,22.0,22.0,25600
1997-12-26,22.5,22.5,22.5,22.5,22.5,300
1997-12-29,22.25,22.5,22.0,22.0,22.0,5800
1997-12-30,22.0,22.0,22.0,22.0,22.0,4000
1997-12-31,22.0,22.0,22.0,22.0,22.0,0
1998-01-02,22.0,22.5,22.0,22.0,22.0,8300
1998-01-05,22.5,22.5,22.0,22.0,22.0,11500
1998-01-06,22.0,22.5,22.0,22.0,22.0,2800
1998-01-07,22.0,22.0,22.0,22.0,22.0,2200
1998-01-08,22.0,22.0,21.625,21.625,21.625,6500
1998-01-09,21.625,21.625,19.875,19.9375,19.9375,29200
1998-01-12,20.375,20.375,19.875,20.0,20.0,2600
1998-01-13,20.5,20.5,20.125,20.3125,20.3125,2600
1998-01-14,20.3125,20.3125,20.3125,20.3125,20.3125,400
1998-01-15,20.5,20.5,20.5,20.5,20.5,300
1998-01-16,20.5,20.5,19.875,19.875,19.875,6800
1998-01-20,20.375,20.375,18.125,18.125,18.125,30000
1998-01-21,19.0,19.0,18.125,18.25,18.25,10100
1998-01-22,19.0,19.0,18.25,18.25,18.25,2000
1998-01-23,18.75,18.75,17.0,17.5,17.5,33900
1998-01-26,17.5,18.125,17.5,18.0,18.0,3800
1998-01-27,18.125,18.125,17.75,17.9375,17.9375,7200
1998-01-28,16.875,17.0,16.1875,16.375,16.375,37400
1998-01-29,16.0,16.0,14.5,15.375,15.375,70300
1998-01-30,16.0,17.125,15.125,17.0,17.0,50400
1998-02-02,17.25,17.25,17.0,17.0,17.0,38100
1998-02-03,17.0,17.25,16.8125,17.25,17.25,35700
1998-02-04,17.25,17.875,17.0,17.625,17.625,75000
1998-02-05,18.0,18.0,17.5,17.75,17.75,13800
1998-02-06,17.5,18.0,17.5,18.0,18.0,2800
1998-02-09,18.5,18.5,18.0,18.0,18.0,5400
1998-02-10,18.5,19.0,18.0,18.875,18.875,25100
1998-02-11,19.0,19.25,18.5,19.0,19.0,16800
1998-02-12,19.5,20.25,19.375,19.375,19.375,22200
1998-02-13,19.5,19.5,19.25,19.375,19.375,10500
1998-02-17,19.625,19.625,19.0,19.0,19.0,2800
1998-02-18,18.75,19.25,18.75,19.0,19.0,2700
1998-02-19,18.75,18.75,17.875,18.5,18.5,14200
1998-02-20,18.0,18.25,18.0,18.0,18.0,6600
1998-02-23,18.0,18.0,17.5,17.5,17.5,8500
1998-02-24,17.25,17.5,16.75,16.75,16.75,10200
1998-02-25,17.25,17.25,16.5,17.0,17.0,21000
1998-02-26,16.25,16.25,15.5,16.0,16.0,67100
1998-02-27,15.875,16.125,15.875,16.125,16.125,28800
1998-03-02,16.125,16.125,15.875,16.125,16.125,24000
1998-03-03,16.25,17.25,16.25,16.75,16.75,11700
1998-03-04,17.25,17.25,17.0,17.0,17.0,8400
1998-03-05,17.25,17.5,16.5,17.25,17.25,23500
1998-03-06,17.25,17.375,17.0,17.375,17.375,15000
1998-03-09,17.75,17.75,16.75,17.5,17.5,3200
1998-03-10,16.5,17.5,16.5,17.5,17.5,2200
1998-03-11,16.5,16.75,16.5,16.5,16.5,8300
1998-03-12,17.5,17.5,16.5,16.625,16.625,7600
1998-03-13,16.0,17.0,16.0,16.375,16.375,3100
1998-03-16,16.25,17.0,16.0,16.75,16.75,18400
1998-03-17,17.0,17.25,16.25,17.0,17.0,14400
1998-03-18,17.1875,17.25,17.125,17.125,17.125,7400
1998-03-19,16.75,17.25,16.75,17.25,17.25,4200
1998-03-20,17.5,17.5,17.0,17.0,17.0,5000
1998-03-23,17.0,17.6875,16.75,16.75,16.75,18500
1998-03-24,17.0,17.625,17.0,17.0625,17.0625,10200
1998-03-25,16.75,17.0,16.75,17.0,17.0,400
1998-03-26,17.5,17.5,16.75,17.125,17.125,4700
1998-03-27,16.75,17.25,16.75,17.125,17.125,2500
1998-03-30,17.0,17.0,16.75,16.75,16.75,12200
1998-03-31,17.0,17.0,16.25,16.5,16.5,12100
1998-04-01,16.5,16.5,16.0,16.0,16.0,2300
1998-04-02,16.0,16.875,16.0,16.5,16.5,30000
1998-04-03,15.875,16.5,15.875,15.875,15.875,4700
1998-04-06,16.125,16.125,15.125,15.5,15.5,32300
1998-04-07,15.125,15.5,14.75,15.0,15.0,25900
1998-04-08,15.15625,15.15625,14.875,15.0,15.0,10900
1998-04-09,15.0,15.25,14.75,15.0,15.0,25300
1998-04-13,14.75,15.125,14.75,14.8125,14.8125,6900
1998-04-14,14.75,15.0,14.3125,14.3125,14.3125,18200
1998-04-15,14.25,14.875,13.75,13.75,13.75,62600
1998-04-16,13.8125,14.125,13.5,13.5,13.5,31900
1998-04-17,14.0,14.0,13.5,13.75,13.75,43800
1998-04-20,14.0,14.0,13.75,13.9375,13.9375,7300
1998-04-21,14.0,14.0,13.375,13.625,13.625,79100
1998-04-22,13.25,13.25,12.0,12.0,12.0,75300
1998-04-23,12.0,12.875,12.0,12.5,12.5,177900
1998-04-24,12.625,12.6875,12.375,12.625,12.625,80700
1998-04-27,12.75,12.75,12.125,12.25,12.25,12700
1998-04-28,12.75,12.75,12.625,12.625,12.625,46600
1998-04-29,12.5,12.75,12.5,12.75,12.75,15200
1998-04-30,12.75,13.0,12.25,12.5,12.5,144200
1998-05-01,13.0,13.0,12.5,13.0,13.0,28500
1998-05-04,13.25,13.75,12.75,13.375,13.375,47300
1998-05-05,13.75,13.75,13.0,13.5,13.5,11800
1998-05-06,13.75,13.875,13.0,13.875,13.875,57000
1998-05-07,13.875,14.0,13.5,13.5,13.5,26700
1998-05-08,13.625,13.875,13.375,13.625,13.625,29600
1998-05-11,13.5,14.0,13.125,13.625,13.625,89800
1998-05-12,13.625,13.875,13.625,13.875,13.875,16700
1998-05-13,14.0,15.125,13.9375,15.125,15.125,101100
1998-05-14,15.125,15.125,14.875,15.0,15.0,32500
1998-05-15,14.75,15.125,14.75,15.125,15.125,38300
1998-05-18,15.0,15.25,15.0,15.0,15.0,57400
1998-05-19,15.125,15.375,15.0,15.25,15.25,25500
1998-05-20,15.25,15.5,15.25,15.25,15.25,12600
1998-05-21,15.25,15.875,15.25,15.625,15.625,33400
1998-05-22,15.875,16.375,15.75,16.25,16.25,24000
1998-05-26,16.75,16.75,15.75,15.75,15.75,30100
1998-05-27,15.0,15.875,15.0,15.5,15.5,14300
1998-05-28,15.375,16.0,15.0,15.5,15.5,16500
1998-05-29,15.0,15.875,15.0,15.5,15.5,14900
1998-06-01,15.0,15.625,15.0,15.625,15.625,5900
1998-06-02,15.375,15.625,15.0,15.0,15.0,5100
1998-06-03,15.625,15.625,14.75,15.375,15.375,3200
1998-06-04,15.0,15.125,15.0,15.0,15.0,9800
1998-06-05,15.25,15.25,15.125,15.25,15.25,2600
1998-06-08,15.0,15.25,14.625,15.125,15.125,49600
1998-06-09,15.375,15.375,14.625,15.125,15.125,7300
1998-06-10,14.875,14.875,14.875,14.875,14.875,1000
1998-06-11,14.875,14.875,14.0,14.125,14.125,24600
1998-06-12,14.125,14.125,13.875,14.0,14.0,57500
1998-06-15,13.875,13.875,13.375,13.375,13.375,56900
1998-06-16,13.5,14.0,13.5,13.625,13.625,2600
1998-06-17,14.0,14.0,13.75,14.0,14.0,9900
1998-06-18,13.875,14.0,13.875,13.875,13.875,2000
1998-06-19,13.875,14.125,13.875,14.0625,14.0625,5500
1998-06-22,13.625,13.875,13.625,13.625,13.625,2400
1998-06-23,14.125,14.125,13.625,13.875,13.875,7500
1998-06-24,13.75,13.875,12.75,13.1875,13.1875,26700
1998-06-25,12.75,13.25,12.75,13.25,13.25,1600
1998-06-26,13.125,13.25,13.0,13.0,13.0,6200
1998-06-29,13.25,13.25,12.75,13.0,13.0,1200
1998-06-30,13.25,14.0,12.5,14.0,14.0,43000
1998-07-01,13.5,14.25,13.5,14.25,14.25,3500
1998-07-02,14.375,14.75,14.0,14.75,14.75,10000
1998-07-06,14.75,14.75,13.75,14.625,14.625,16900
1998-07-07,14.75,15.875,14.75,15.25,15.25,31600
1998-07-08,16.0,16.0,15.25,15.9375,15.9375,3700
1998-07-09,16.0,18.375,16.0,17.5,17.5,82500
1998-07-10,18.0,18.75,17.875,18.5,18.5,42000
1998-07-13,18.75,19.0,18.25,19.0,19.0,15200
1998-07-14,19.5,21.0,19.0,19.75,19.75,85000
1998-07-15,20.5,21.9375,19.625,21.875,21.875,103000
1998-07-16,21.75,24.625,21.75,23.75,23.75,212800
1998-07-17,23.75,25.0,22.75,23.375,23.375,149300
1998-07-20,23.25,23.25,20.75,20.75,20.75,41500
1998-07-21,21.25,22.375,20.375,22.125,22.125,23300
1998-07-22,22.125,22.125,20.0,21.0,21.0,16600
1998-07-23,21.5,21.5,20.25,20.5,20.5,8100
1998-07-24,20.0,21.0,20.0,21.0,21.0,7000
1998-07-27,20.875,21.5,20.0,20.0,20.0,24900
1998-07-28,20.0,20.75,19.75,20.25,20.25,15500
1998-07-29,21.25,21.25,20.0,21.0,21.0,5700
1998-07-30,20.0,20.75,20.0,20.75,20.75,2400
1998-07-31,20.0,20.0,18.25,18.25,18.25,13700
1998-08-03,19.25,19.25,18.0,18.5,18.5,7600
1998-08-04,18.0,18.0,16.75,17.25,17.25,8900
1998-08-05,17.5,17.5,16.25,17.5,17.5,11600
1998-08-06,17.5,17.5,17.0,17.25,17.25,5900
1998-08-07,17.0,17.5,16.5,17.0625,17.0625,3600
1998-08-10,17.5,17.5,16.75,16.75,16.75,1600
1998-08-11,15.375,17.5,15.375,16.75,16.75,24000
1998-08-12,16.75,17.5,16.75,17.0,17.0,900
1998-08-13,17.75,17.75,17.125,17.375,17.375,5500
1998-08-14,17.75,17.75,17.75,17.75,17.75,200
1998-08-17,16.875,17.0625,16.875,17.0625,17.0625,1200
1998-08-18,17.25,19.0,17.0,18.75,18.75,33400
1998-08-19,18.75,19.0,18.0,18.4375,18.4375,6000
1998-08-20,18.0,18.125,17.25,17.25,17.25,12900
1998-08-21,17.25,17.5,17.0,17.0,17.0,9100
1998-08-24,16.875,18.9375,16.875,18.9375,18.9375,9900
1998-08-25,18.6875,19.25,18.4375,18.5,18.5,7200
1998-08-26,18.25,18.25,17.5,18.25,18.25,10600
1998-08-27,17.375,17.875,16.5,16.5625,16.5625,44800
1998-08-28,18.25,18.25,16.0,17.0,17.0,9300
1998-08-31,17.875,17.875,13.5,14.0,14.0,35300
1998-09-01,14.375,14.75,13.25,13.875,13.875,28600
1998-09-02,15.25,15.25,14.5,15.0,15.0,27300
1998-09-03,15.5,15.5,14.0,15.0,15.0,19500
1998-09-04,14.875,15.25,14.875,14.875,14.875,5000
1998-09-08,15.53125,16.0,15.0,15.0,15.0,9700
1998-09-09,15.125,15.125,15.0,15.0,15.0,1800
1998-09-10,15.0,15.0625,14.25,14.25,14.25,10700
1998-09-11,14.0,14.0,13.5,13.625,13.625,6900
1998-09-14,14.625,14.625,14.0,14.5,14.5,1900
1998-09-15,14.625,15.125,14.0,15.125,15.125,4600
1998-09-16,15.0,15.0,14.25,14.25,14.25,1100
1998-09-17,14.5,15.0,14.5,15.0,15.0,1400
1998-09-18,15.0,15.0,15.0,15.0,15.0,1200
1998-09-21,15.25,15.25,14.125,15.25,15.25,1900
1998-09-22,14.5,15.5,14.5,15.5,15.5,2200
1998-09-23,15.5,16.0625,15.5,16.0,16.0,9600
1998-09-24,16.0,16.0,16.0,16.0,16.0,200
1998-09-25,15.5625,15.5625,15.5,15.5,15.5,2300
1998-09-28,15.125,16.0,15.125,16.0,16.0,800
1998-09-29,15.25,15.4375,15.0,15.375,15.375,5400
1998-09-30,15.0,15.8125,14.5,15.25,15.25,9800
1998-10-01,14.5,15.0,13.75,15.0,15.0,10700
1998-10-02,13.75,14.9375,13.75,14.9375,14.9375,600
1998-10-05,14.5,14.5,13.25,14.4375,14.4375,6000
1998-10-06,13.25,14.0,13.25,14.0,14.0,13600
1998-10-07,13.25,13.75,12.75,12.875,12.875,20600
1998-10-08,12.25,12.25,11.625,12.0,12.0,34700
1998-10-09,11.75,12.25,11.25,12.25,12.25,69200
1998-10-12,11.75,13.5,11.75,12.875,12.875,6300
1998-10-13,12.375,12.5,12.375,12.375,12.375,1600
1998-10-14,12.75,14.25,12.375,13.25,13.25,42400
1998-10-15,13.0,13.25,13.0,13.0,13.0,3700
1998-10-16,13.25,14.0,13.25,13.5,13.5,8100
1998-10-19,14.375,14.375,14.0,14.0,14.0,20100
1998-10-20,14.0,14.875,14.0,14.0,14.0,16900
1998-10-21,14.25,15.5,14.0,15.5,15.5,11500
1998-10-22,15.5,15.5,15.5,15.5,15.5,1000
1998-10-23,15.375,15.75,15.25,15.25,15.25,2900
1998-10-26,15.375,15.875,15.375,15.875,15.875,300
1998-10-27,15.5,17.5,15.5,17.375,17.375,5000
1998-10-28,16.625,17.5,16.625,17.5,17.5,3300
1998-10-29,17.5,17.75,17.5,17.75,17.75,14100
1998-10-30,17.5,18.75,17.5,18.75,18.75,9800
1998-11-02,17.875,18.5,17.875,18.25,18.25,7300
1998-11-03,17.75,18.0,17.5,17.625,17.625,26900
1998-11-04,17.375,17.75,15.0,15.5,15.5,19200
1998-11-05,15.5,16.5,15.0,16.125,16.125,43300
1998-11-06,16.125,16.125,15.4375,15.75,15.75,41200
1998-11-09,15.875,16.125,15.25,15.75,15.75,40400
1998-11-10,16.125,16.125,15.0,15.5,15.5,2900
1998-11-11,16.125,16.125,15.0,15.75,15.75,67200
1998-11-12,15.125,15.625,15.125,15.25,15.25,47600
1998-11-13,16.0,16.0,15.5,15.5,15.5,6300
1998-11-16,16.0,16.0,15.125,15.5,15.5,33000
1998-11-17,15.25,15.875,15.25,15.75,15.75,3800
1998-11-18,15.5,15.5,15.25,15.5,15.5,4600
1998-11-19,15.375,16.5,15.25,15.75,15.75,85900
1998-11-20,16.0,16.125,15.5,16.0,16.0,57500
1998-11-23,16.25,16.625,16.0,16.625,16.625,58900
1998-11-24,16.8125,17.125,16.75,16.875,16.875,64100
1998-11-25,16.875,16.875,16.5,16.75,16.75,11500
1998-11-27,16.875,16.875,16.875,16.875,16.875,1500
1998-11-30,16.875,16.875,16.75,16.75,16.75,700
1998-12-01,16.625,16.625,16.0,16.5,16.5,6900
1998-12-02,16.875,16.875,14.8125,14.875,14.875,17800
1998-12-03,15.25,15.625,15.0,15.625,15.625,26100
1998-12-04,15.5,16.125,15.0,15.125,15.125,9600
1998-12-07,16.25,17.25,15.75,17.125,17.125,140700
1998-12-08,17.25,17.25,16.625,16.625,16.625,19600
1998-12-09,16.875,17.125,16.875,16.875,16.875,4700
1998-12-10,16.875,17.25,16.875,17.125,17.125,44100
1998-12-11,16.9375,17.25,16.9375,17.25,17.25,12800
1998-12-14,17.25,17.25,16.375,16.375,16.375,15400
1998-12-15,17.0,17.0,16.625,16.75,16.75,2000
1998-12-16,17.0,18.5,16.75,18.5,18.5,121500
1998-12-17,19.5,19.5,18.25,18.5,18.5,65800
1998-12-18,19.125,19.625,18.5,19.625,19.625,14200
1998-12-21,19.25,20.0,19.0,20.0,20.0,79100
1998-12-22,20.0,20.25,19.75,20.0,20.0,57500
1998-12-23,20.125,20.25,19.6875,20.0,20.0,16400
1998-12-24,20.125,20.125,19.5,19.75,19.75,1500
1998-12-28,20.0,20.125,19.75,20.0,20.0,29100
1998-12-29,20.0,20.0,19.75,20.0,20.0,2700
1998-12-30,19.75,20.125,19.75,20.0,20.0,48500
1998-12-31,19.625,21.0,19.625,21.0,21.0,14000
1999-01-04,20.875,21.0,20.5,20.5,20.5,10800
1999-01-05,20.75,21.0,20.375,20.4375,20.4375,43300
1999-01-06,20.5,21.875,20.5,21.5,21.5,93800
1999-01-07,21.5,21.875,20.125,20.25,20.25,36000
1999-01-08,20.625,21.0625,20.5,21.0,21.0,26200
1999-01-11,20.875,21.125,20.5,20.5625,20.5625,15600
1999-01-12,21.125,21.5,21.0,21.5,21.5,123100
1999-01-13,21.875,26.0,21.0,24.5625,24.5625,162400
1999-01-14,24.5,27.0,24.5,26.0,26.0,123100
1999-01-15,29.375,30.25,27.0,29.5,29.5,173200
1999-01-19,32.0,33.875,28.625,30.625,30.625,171400
1999-01-20,32.125,32.125,28.75,29.625,29.625,74100
1999-01-21,30.0,30.25,28.25,28.25,28.25,54600
1999-01-22,27.625,29.75,27.625,29.4375,29.4375,38100
1999-01-25,28.0,32.0,28.0,31.25,31.25,70400
1999-01-26,31.0,33.0,30.5,31.25,31.25,36500
1999-01-27,29.375,30.0,26.0,28.0,28.0,155900
1999-01-28,28.5,29.0,26.625,28.0,28.0,54500
1999-01-29,29.0,29.125,27.5,27.5,27.5,37000
1999-02-01,27.0,28.5,27.0,28.5,28.5,50800
1999-02-02,28.5,29.25,28.5,29.25,29.25,6400
1999-02-03,28.0,30.0,28.0,28.875,28.875,18200
1999-02-04,28.0,30.0,28.0,29.875,29.875,9800
1999-02-05,29.875,29.875,28.5625,28.75,28.75,4800
1999-02-08,29.0,30.125,28.625,30.0,30.0,14300
1999-02-09,29.625,30.25,29.25,29.5,29.5,45600
1999-02-10,29.5,30.0,29.5,30.0,30.0,19200
1999-02-11,30.0,30.0,29.25,29.25,29.25,7400
1999-02-12,28.0,28.75,27.5,28.25,28.25,17900
1999-02-16,27.375,28.75,27.375,27.375,27.375,17600
1999-02-17,27.375,28.25,27.125,27.25,27.25,6400
1999-02-18,27.625,28.25,27.0,27.0,27.0,7100
1999-02-19,27.0,27.5,27.0,27.5,27.5,3000
1999-02-22,27.0,27.875,27.0,27.5,27.5,37100
1999-02-23,27.75,28.75,27.0,27.5,27.5,17900
1999-02-24,27.25,27.25,26.625,27.0,27.0,8300
1999-02-25,27.0,27.0,26.75,27.0,27.0,9800
1999-02-26,26.625,26.625,26.125,26.625,26.625,5800
1999-03-01,25.0,27.0,25.0,26.0,26.0,46600
1999-03-02,25.75,26.625,25.75,26.625,26.625,6800
1999-03-03,26.625,26.625,24.75,25.5,25.5,14800
1999-03-04,26.5,26.5,25.125,25.1875,25.1875,15400
1999-03-05,25.5,26.0,25.0,25.0,25.0,7500
1999-03-08,25.125,25.125,24.5,24.75,24.75,14500
1999-03-09,24.5,24.75,24.125,24.125,24.125,9700
1999-03-10,24.375,24.75,24.0,24.0,24.0,15400
1999-03-11,24.0,25.0,23.84375,23.84375,23.84375,17500
1999-03-12,23.875,24.25,23.875,23.875,23.875,26300
1999-03-15,25.0,25.0,23.875,24.0,24.0,3900
1999-03-16,24.875,24.875,23.0,23.0,23.0,21600
1999-03-17,23.0,24.5,23.0,23.5,23.5,11700
1999-03-18,24.0,24.0,23.0,24.0,24.0,16400
1999-03-19,23.375,24.0,22.75,22.75,22.75,14000
1999-03-22,23.0,24.0,23.0,24.0,24.0,15700
1999-03-23,24.0,24.125,23.25,23.25,23.25,8700
1999-03-24,24.0,24.125,23.5,23.5,23.5,15800
1999-03-25,24.25,24.25,23.75,23.75,23.75,4400
1999-03-26,23.5,23.625,23.0,23.25,23.25,10200
1999-03-29,23.0,23.25,22.8125,23.0,23.0,11800
1999-03-30,22.8125,23.125,19.0,22.25,22.25,51000
1999-03-31,22.0,22.875,21.0,22.25,22.25,132900
1999-04-01,21.0,21.734375,20.75,21.0625,21.0625,1796300
1999-04-05,21.0625,21.25,20.5,20.6875,20.6875,194900
1999-04-06,20.75,21.0,19.0,19.0,19.0,121900
1999-04-07,19.0,19.75,18.0,18.375,18.375,114400
1999-04-08,18.25,18.25,17.0,17.875,17.875,445500
1999-04-09,18.25,18.375,17.375,17.375,17.375,66600
1999-04-12,17.25,17.625,16.25,16.875,16.875,143600
1999-04-13,17.0,18.25,17.0,17.625,17.625,206400
1999-04-14,18.125,18.375,17.25,17.25,17.25,212000
1999-04-15,17.25,17.875,17.125,17.5,17.5,70500
1999-04-16,17.875,17.875,17.25,17.5,17.5,64900
1999-04-19,18.25,18.25,17.5,17.5,17.5,42600
1999-04-20,17.5,18.0,16.875,17.0,17.0,76600
1999-04-21,16.875,17.25,16.25,16.375,16.375,93900
1999-04-22,16.75,16.75,16.375,16.375,16.375,59100
1999-04-23,16.875,16.875,16.125,16.1875,16.1875,37800
1999-04-26,16.125,16.5,15.25,15.4375,15.4375,123200
1999-04-27,15.9375,16.0,15.375,15.75,15.75,109900
1999-04-28,16.0,18.25,16.0,17.875,17.875,146800
1999-04-29,17.375,17.875,16.625,16.875,16.875,48400
1999-04-30,16.75,17.0,16.0,16.375,16.375,119600
1999-05-03,16.125,16.375,16.0,16.375,16.375,65200
1999-05-04,16.25,16.375,15.75,16.0,16.0,119500
1999-05-05,16.625,16.625,15.75,15.75,15.75,101900
1999-05-06,16.0,16.25,16.0,16.125,16.125,93900
1999-05-07,16.25,17.5,15.875,17.4375,17.4375,91100
1999-05-10,17.5,18.25,17.375,17.5625,17.5625,25700
1999-05-11,18.0,18.25,16.25,16.25,16.25,112100
1999-05-12,17.625,19.0625,17.0,19.0,19.0,99300
1999-05-13,19.0,19.125,18.5,19.0,19.0,56400
1999-05-14,19.0,19.0,17.375,17.875,17.875,51600
1999-05-17,18.25,18.25,17.5,17.875,17.875,18200
1999-05-18,17.75,18.625,17.375,17.5,17.5,31400
1999-05-19,17.5,17.5,16.625,16.625,16.625,27400
1999-05-20,16.5,17.75,16.5,17.75,17.75,69900
1999-05-21,17.5,17.875,17.25,17.5,17.5,20100
1999-05-24,17.5,17.8125,17.125,17.125,17.125,32700
1999-05-25,17.3125,17.8125,17.125,17.125,17.125,22300
1999-05-26,17.375,17.375,16.875,17.0,17.0,57800
1999-05-27,17.125,17.125,17.0,17.0625,17.0625,61700
1999-05-28,17.0,17.25,16.875,17.125,17.125,50400
1999-06-01,17.0,17.1875,17.0,17.125,17.125,5300
1999-06-02,17.0,17.125,16.5,17.125,17.125,127600
1999-06-03,17.125,19.875,17.125,19.125,19.125,101000
1999-06-04,18.875,19.25,17.75,18.75,18.75,77000
1999-06-07,18.5,18.75,18.5,18.75,18.75,30700
1999-06-08,18.75,19.0,18.5,18.75,18.75,144900
1999-06-09,19.0,19.0,18.5,18.6875,18.6875,71900
1999-06-10,18.6875,19.375,18.5625,19.375,19.375,61000
1999-06-11,19.0,19.375,18.75,19.25,19.25,68300
1999-06-14,19.0,19.125,18.75,19.0,19.0,48800
1999-06-15,18.875,19.5,18.875,19.1875,19.1875,111300
1999-06-16,19.25,20.4375,19.0,20.0625,20.0625,102800
1999-06-17,20.5,21.6875,20.375,21.125,21.125,179000
1999-06-18,21.25,21.8125,21.125,21.6875,21.6875,118600
1999-06-21,21.875,21.9375,21.5,21.875,21.875,95300
1999-06-22,21.75,21.875,21.6875,21.8125,21.8125,73600
1999-06-23,21.75,21.875,21.25,21.25,21.25,52000
1999-06-24,21.25,21.375,19.3125,20.9375,20.9375,42200
1999-06-25,21.0,21.125,20.75,21.0,21.0,21100
1999-06-28,21.125,23.875,20.75,23.25,23.25,91300
1999-06-29,22.875,24.75,22.25,23.125,23.125,206300
1999-06-30,22.625,23.0,21.5,22.0,22.0,125700
1999-07-01,21.875,23.0,21.875,22.9375,22.9375,131800
1999-07-02,23.0,23.0,22.625,22.75,22.75,14000
1999-07-06,22.625,23.625,22.5,22.875,22.875,60800
1999-07-07,23.0,23.0,20.75,21.25,21.25,40500
1999-07-08,21.25,22.1875,21.21875,22.1875,22.1875,28200
1999-07-09,22.1875,22.375,21.875,22.375,22.375,7500
1999-07-12,22.5,23.625,22.0,23.625,23.625,23000
1999-07-13,23.625,23.625,22.125,22.5,22.5,34200
1999-07-14,22.875,22.875,22.5,22.5,22.5,8900
1999-07-15,23.0,24.375,22.75,24.0,24.0,34200
1999-07-16,23.875,24.125,23.25,23.5,23.5,20500
1999-07-19,24.125,24.125,22.5,23.125,23.125,36000
1999-07-20,22.5,23.5,22.5,23.125,23.125,34900
1999-07-21,22.75,23.1875,22.5,22.5,22.5,22800
1999-07-22,22.75,23.375,22.75,23.25,23.25,28500
1999-07-23,23.375,23.375,22.875,23.0625,23.0625,11800
1999-07-26,23.0,24.5625,22.625,24.25,24.25,36100
1999-07-27,24.125,24.4375,23.625,24.1875,24.1875,38200
1999-07-28,24.0625,24.25,23.75,24.125,24.125,30500
1999-07-29,23.875,23.875,23.375,23.875,23.875,74100
1999-07-30,23.875,24.125,23.75,24.125,24.125,30000
1999-08-02,24.25,24.25,23.75,24.25,24.25,18400
1999-08-03,23.75,24.5,23.75,24.5,24.5,32800
1999-08-04,24.75,25.75,24.75,25.375,25.375,52500
1999-08-05,25.125,27.125,25.125,27.125,27.125,42500
1999-08-06,26.375,27.75,26.375,27.375,27.375,47900
1999-08-09,27.25,29.375,26.875,26.875,26.875,156600
1999-08-10,26.75,27.0,23.875,25.75,25.75,90500
1999-08-11,25.6875,26.0,24.75,25.125,25.125,21200
1999-08-12,25.25,26.0,24.9375,24.9375,24.9375,29800
1999-08-13,25.0,25.0,24.8125,24.8125,24.8125,13500
1999-08-16,24.90625,26.75,24.8125,26.25,26.25,34100
1999-08-17,26.25,26.25,25.8125,26.25,26.25,26600
1999-08-18,26.125,27.5,26.0,27.25,27.25,29500
1999-08-19,27.0,28.5,26.125,28.5,28.5,30800
1999-08-20,27.875,28.25,27.875,28.0,28.0,7200
1999-08-23,27.5,28.75,27.5,27.875,27.875,23900
1999-08-24,27.5,28.0,27.25,27.5,27.5,36000
1999-08-25,27.25,28.6875,27.25,28.125,28.125,39500
1999-08-26,28.125,28.625,27.875,27.875,27.875,24200
1999-08-27,27.875,28.25,27.1875,27.1875,27.1875,9900
1999-08-30,27.0,27.1875,26.5,26.5,26.5,9600
1999-08-31,26.5,27.125,26.0,26.375,26.375,16300
1999-09-01,27.0,27.5,26.375,26.625,26.625,36500
1999-09-02,26.25,26.5,26.0,26.25,26.25,4900
1999-09-03,27.75,27.9375,27.125,27.1875,27.1875,26300
1999-09-07,27.0,27.0,26.125,26.25,26.25,11600
1999-09-08,26.125,26.625,26.0,26.625,26.625,7800
1999-09-09,26.0,27.0,26.0,26.75,26.75,14200
1999-09-10,26.0,26.5,25.625,25.75,25.75,14100
1999-09-13,25.5,27.625,25.0,26.625,26.625,50700
1999-09-14,26.5,26.625,24.0,24.5,24.5,56200
1999-09-15,24.0,24.625,23.5,23.5,23.5,32400
1999-09-16,24.25,24.25,20.375,22.25,22.25,120000
1999-09-17,22.125,24.0,22.125,22.9375,22.9375,27200
1999-09-20,23.625,23.625,22.8125,23.0,23.0,23100
1999-09-21,22.8125,23.75,22.8125,22.875,22.875,76900
1999-09-22,23.5,23.5,22.875,22.875,22.875,23900
1999-09-23,22.875,23.5,22.875,22.875,22.875,17000
1999-09-24,22.75,23.0,22.25,22.25,22.25,3800
1999-09-27,22.875,23.125,21.9375,22.125,22.125,103000
1999-09-28,21.9375,21.9375,20.6875,21.125,21.125,49600
1999-09-29,20.75,21.25,20.75,21.25,21.25,68800
1999-09-30,20.75,24.0,20.75,23.25,23.25,60200
1999-10-01,22.875,23.75,21.5,21.625,21.625,39800
1999-10-04,21.625,22.25,21.625,22.125,22.125,19000
1999-10-05,22.375,23.125,22.25,22.5625,22.5625,27500
1999-10-06,23.0,25.75,22.9375,23.875,23.875,82400
1999-10-07,24.5,24.5,23.0,23.5,23.5,28300
1999-10-08,23.375,24.5,23.25,24.5,24.5,14700
1999-10-11,24.0,25.0,23.875,24.8125,24.8125,50600
1999-10-12,25.0,25.125,24.75,24.8125,24.8125,49800
1999-10-13,25.0,25.0,24.375,24.4375,24.4375,2300
1999-10-14,24.5,24.5,22.75,23.75,23.75,53800
1999-10-15,24.25,24.3125,23.625,24.25,24.25,42500
1999-10-18,24.0,24.5,23.125,23.75,23.75,25500
1999-10-19,24.3125,24.3125,20.8125,23.0,23.0,42500
1999-10-20,24.25,24.4375,23.5,24.125,24.125,21400
1999-10-21,23.625,24.375,23.125,23.90625,23.90625,13200
1999-10-22,23.75,24.0,23.625,23.625,23.625,4200
1999-10-25,23.4375,23.4375,22.0,22.5,22.5,13900
1999-10-26,23.25,24.625,23.25,23.875,23.875,37700
1999-10-27,24.375,27.0,23.875,26.25,26.25,57400
1999-10-28,26.75,27.125,26.25,26.5,26.5,29700
1999-10-29,27.5,28.5,26.625,27.6875,27.6875,39200
1999-11-01,27.5,27.75,26.75,27.0625,27.0625,20000
1999-11-02,27.0,27.25,25.625,26.25,26.25,12200
1999-11-03,25.625,29.25,25.5,29.0625,29.0625,112800
1999-11-04,29.625,30.375,29.0,29.75,29.75,99900
1999-11-05,29.625,30.25,28.25,28.5,28.5,23200
1999-11-08,28.0,29.5,28.0,28.625,28.625,100100
1999-11-09,28.125,29.5,28.125,29.0,29.0,8500
1999-11-10,28.0,29.125,27.0,28.0,28.0,16000
1999-11-11,27.5,29.0,27.0,27.0625,27.0625,29400
1999-11-12,27.0,30.375,27.0,30.3125,30.3125,40000
1999-11-15,30.375,30.75,29.625,29.875,29.875,83100
1999-11-16,29.625,31.0625,29.625,30.25,30.25,56800
1999-11-17,30.25,30.25,29.0625,29.0625,29.0625,12800
1999-11-18,29.0,29.9375,28.75,29.375,29.375,8500
1999-11-19,28.75,29.375,28.5,29.0,29.0,10000
1999-11-22,28.375,31.0,28.0,31.0,31.0,41900
1999-11-23,31.0,31.0,29.125,29.25,29.25,13500
1999-11-24,30.5,30.5,29.125,30.125,30.125,13200
1999-11-26,30.125,30.125,29.0,30.0,30.0,7500
1999-11-29,30.125,30.125,26.75,27.25,27.25,149200
1999-11-30,27.625,28.5,26.0,26.25,26.25,52100
1999-12-01,28.125,29.375,26.125,26.875,26.875,48600
1999-12-02,26.5,28.125,26.125,28.125,28.125,52300
1999-12-03,27.75,29.25,27.75,28.875,28.875,76000
1999-12-06,29.5,29.5,28.875,29.25,29.25,20400
1999-12-07,29.5,31.125,28.25,29.5,29.5,46500
1999-12-08,29.375,29.375,28.0,28.0,28.0,19200
1999-12-09,28.125,28.625,28.0,28.0,28.0,14300
1999-12-10,28.0625,30.25,27.6875,30.125,30.125,116500
1999-12-13,30.0625,30.125,27.0,28.75,28.75,55900
1999-12-14,28.25,28.375,26.625,27.625,27.625,35500
1999-12-15,27.875,28.75,27.75,28.75,28.75,23500
1999-12-16,28.875,29.0,27.5,27.5,27.5,34700
1999-12-17,27.375,29.0,27.125,27.125,27.125,35100
1999-12-20,28.5,28.5,26.375,26.4375,26.4375,44500
1999-12-21,26.5,26.5,25.0,25.0,25.0,66500
1999-12-22,25.625,25.75,25.25,25.5,25.5,69100
1999-12-23,25.625,26.0,25.375,25.75,25.75,92800
1999-12-27,26.0,26.5,25.5,25.625,25.625,27200
1999-12-28,26.0,27.0,25.75,27.0,27.0,38800
1999-12-29,27.25,27.75,26.75,27.375,27.375,37000
1999-12-30,27.625,28.0,27.0,27.25,27.25,39400
1999-12-31,27.625,27.625,26.5,26.5,26.5,33500
2000-01-03,27.0,27.0,24.625,24.875,24.875,74000
2000-01-04,24.75,26.0,24.75,25.0,25.0,67300
2000-01-05,25.625,25.75,25.0,25.75,25.75,13800
2000-01-06,25.5,25.75,25.125,25.6875,25.6875,19200
2000-01-07,25.75,26.0,25.0,26.0,26.0,25500
2000-01-10,26.0,26.75,25.5,26.75,26.75,25500
2000-01-11,27.375,30.375,27.375,30.0,30.0,130100
2000-01-12,30.375,34.125,30.0,34.0,34.0,238900
2000-01-13,35.25,35.375,32.375,32.375,32.375,103500
2000-01-14,33.3125,39.5,33.3125,37.125,37.125,178500
2000-01-18,38.0,38.75,37.0,37.625,37.625,100800
2000-01-19,37.375,38.5,37.0,37.0,37.0,38000
2000-01-20,37.25,38.125,37.25,37.5,37.5,50100
2000-01-21,37.25,38.0,36.625,37.75,37.75,31400
2000-01-24,38.5,42.5,38.375,42.25,42.25,109000
2000-01-25,42.75,42.75,39.875,41.0,41.0,81800
2000-01-26,41.0,41.25,39.0,39.5,39.5,25900
2000-01-27,39.5,41.0,38.625,39.25,39.25,30800
2000-01-28,38.5625,38.5625,34.875,36.875,36.875,70200
2000-01-31,36.25,38.5,36.25,37.0,37.0,38900
2000-02-01,36.0,36.0625,34.875,35.625,35.625,67900
2000-02-02,36.25,36.375,33.25,35.25,35.25,38700
2000-02-03,35.375,39.125,34.0,37.625,37.625,52500
2000-02-04,37.3125,38.5,37.0,37.0,37.0,15500
2000-02-07,37.5,39.25,37.5,38.3125,38.3125,24400
2000-02-08,38.3125,41.375,38.125,40.375,40.375,120900
2000-02-09,40.375,42.0,40.0,41.5,41.5,92500
2000-02-10,42.0,42.0,38.875,38.875,38.875,57600
2000-02-11,39.5,39.5,37.0,38.5,38.5,56100
2000-02-14,37.875,38.5,34.625,35.125,35.125,51400
2000-02-15,35.5,37.5,35.0,36.75,36.75,55400
2000-02-16,37.0,40.875,37.0,40.5,40.5,54600
2000-02-17,41.125,46.75,40.6875,46.0,46.0,140200
2000-02-18,50.75,52.625,48.625,49.125,49.125,211700
2000-02-22,50.0,50.75,47.0625,49.5,49.5,87200
2000-02-23,48.875,49.5,47.0,48.0625,48.0625,44700
2000-02-24,47.125,48.625,47.125,48.0,48.0,36400
2000-02-25,48.0,49.0,46.75,46.75,46.75,48400
2000-02-28,47.75,47.75,46.125,47.25,47.25,45800
2000-02-29,46.125,50.0,46.125,48.25,48.25,62400
2000-03-01,47.875,49.0,47.875,49.0,49.0,63400
2000-03-02,48.75,56.875,48.75,56.875,56.875,265700
2000-03-03,57.0,59.5,56.5,58.125,58.125,178800
2000-03-06,58.5,69.75,58.5,67.0,67.0,190600
2000-03-07,67.125,78.5,66.5,70.0,70.0,279800
2000-03-08,72.0,72.0,61.25,69.5,69.5,194000
2000-03-09,70.375,70.375,66.0,68.625,68.625,166000
2000-03-10,68.625,69.0,58.0,58.625,58.625,126100
2000-03-13,58.125,59.5,52.0,54.125,54.125,134200
2000-03-14,55.0,56.5,51.625,51.625,51.625,89800
2000-03-15,53.0,53.0,46.5,47.25,47.25,124700
2000-03-16,48.0,50.75,47.75,49.25,49.25,79200
2000-03-17,51.125,56.875,50.25,53.875,53.875,39000
2000-03-20,55.0,56.0,38.5,50.9375,50.9375,73000
2000-03-21,51.5,51.5,44.125,44.5,44.5,83200
2000-03-22,44.25,55.25,44.25,50.0,50.0,139100
2000-03-23,50.0,55.625,49.0,50.5,50.5,41900
2000-03-24,50.0,55.625,49.0,49.0,49.0,41000
2000-03-27,49.75,52.0,49.0,50.25,50.25,15100
2000-03-28,52.0,52.0,47.0,48.0625,48.0625,32700
2000-03-29,48.125,50.75,46.5,48.1875,48.1875,33600
2000-03-30,47.0,49.0,44.75,49.0,49.0,39500
2000-03-31,47.5,48.5625,44.75,48.25,48.25,37800
2000-04-03,48.5,48.5,45.0,45.0,45.0,18200
2000-04-04,47.3125,47.375,35.0,39.875,39.875,103600
2000-04-05,37.0,41.75,37.0,40.125,40.125,47500
2000-04-06,41.0,48.25,41.0,42.375,42.375,47100
2000-04-07,45.5,47.25,45.0,46.0,46.0,28500
2000-04-10,46.0625,47.5,44.0,45.75,45.75,16800
2000-04-11,46.0,46.0,43.9375,44.75,44.75,17100
2000-04-12,43.5,44.5,38.5,38.5,38.5,33500
2000-04-13,41.0,43.6875,40.75,43.0,43.0,38500
2000-04-14,43.0,43.75,31.5,32.6875,32.6875,88700
2000-04-17,33.0,33.0,28.5,29.0,29.0,169400
2000-04-18,29.5,33.375,25.0,31.75,31.75,160900
2000-04-19,32.0,39.75,31.75,37.875,37.875,64900
2000-04-20,37.0,37.25,34.75,37.0,37.0,45900
2000-04-24,34.5,37.5,33.25,37.25,37.25,41200
2000-04-25,37.0,37.875,33.0,35.0,35.0,35800
2000-04-26,34.5,37.0,34.5,35.5,35.5,14000
2000-04-27,34.5,36.0,34.5,35.5,35.5,13100
2000-04-28,38.0,41.25,36.75,37.0,37.0,155000
2000-05-01,38.625,39.25,38.0,38.5,38.5,27700
2000-05-02,38.5,40.0,36.9375,38.0,38.0,20600
2000-05-03,38.625,38.625,37.125,37.5,37.5,8000
2000-05-04,37.875,39.5,35.75,39.0,39.0,10500
2000-05-05,39.75,40.0,38.75,39.75,39.75,84700
2000-05-08,39.75,40.0,39.0,40.0,40.0,9500
2000-05-09,40.25,40.25,39.0,40.125,40.125,9900
2000-05-10,40.0,40.0,38.0,39.875,39.875,16000
2000-05-11,39.875,39.875,38.75,38.875,38.875,10200
2000-05-12,38.75,39.875,37.5,39.125,39.125,30600
2000-05-15,39.75,40.25,39.5,40.0625,40.0625,13000
2000-05-16,40.25,40.25,39.0,39.0625,39.0625,23000
2000-05-17,40.0,40.5,39.0,40.5,40.5,10700
2000-05-18,40.5,40.5,40.0,40.5,40.5,13300
2000-05-19,40.5,40.5,39.5,40.375,40.375,11700
2000-05-22,40.0,40.0,38.125,38.75,38.75,28400
2000-05-23,39.25,42.375,38.75,40.0,40.0,34600
2000-05-24,39.0,40.0,37.125,38.5,38.5,21100
2000-05-25,38.25,40.625,38.0,39.25,39.25,33300
2000-05-26,38.875,39.0,38.125,39.0,39.0,8900
2000-05-30,39.625,39.625,34.5,39.59375,39.59375,72700
2000-05-31,39.5,39.5,38.25,39.0,39.0,21200
2000-06-01,38.90625,40.375,38.90625,39.625,39.625,17900
2000-06-02,39.5,40.375,39.25,40.015625,40.015625,95400
2000-06-05,40.0,44.0,39.25,42.5,42.5,81500
2000-06-06,43.0,47.0,42.75,45.5,45.5,81100
2000-06-07,45.0,46.0,44.5,45.0,45.0,18200
2000-06-08,46.0,46.0625,42.5,44.4375,44.4375,36300
2000-06-09,44.75,45.375,43.0,44.25,44.25,42000
2000-06-12,44.25,46.125,42.0,42.75,42.75,36700
2000-06-13,42.0,42.6875,40.75,41.625,41.625,113800
2000-06-14,42.1875,44.5,41.375,44.0,44.0,35600
2000-06-15,43.5,44.375,41.75,44.1875,44.1875,49900
2000-06-16,44.25,44.25,43.75,43.75,43.75,12600
2000-06-19,43.75,44.125,42.625,42.625,42.625,25600
2000-06-20,43.5,45.125,42.875,44.0,44.0,29700
2000-06-21,44.125,47.0,44.125,46.125,46.125,35200
2000-06-22,47.25,47.375,43.0,43.4375,43.4375,62800
2000-06-23,44.25,47.375,43.375,45.875,45.875,30000
2000-06-26,45.625,50.0,45.375,47.875,47.875,47100
2000-06-27,47.25,49.25,46.875,48.75,48.75,40700
2000-06-28,48.75,50.25,48.75,49.75,49.75,58100
2000-06-29,50.25,54.875,49.5,53.6875,53.6875,133300
2000-06-30,53.625,55.4375,47.75,51.1875,51.1875,196100
2000-07-03,51.25,52.25,48.5625,49.5,49.5,17300
2000-07-05,50.125,51.0,48.5,50.0,50.0,20600
2000-07-06,49.875,53.5,49.8125,53.0,53.0,56400
2000-07-07,54.0,54.5,52.625,53.125,53.125,43200
2000-07-10,53.0,53.75,52.75,53.75,53.75,16300
2000-07-11,54.0,54.125,53.5,53.9375,53.9375,27500
2000-07-12,53.125,55.125,53.125,54.875,54.875,57700
2000-07-13,54.75,58.0,54.75,57.0625,57.0625,46200
2000-07-14,57.21875,58.5,57.125,58.375,58.375,36900
2000-07-17,58.625,59.75,57.5625,59.6875,59.6875,44100
2000-07-18,59.875,64.0,59.0,62.1875,62.1875,119000
2000-07-19,61.5,62.25,60.0,61.875,61.875,36200
2000-07-20,60.25,64.5,59.5,63.625,63.625,41300
2000-07-21,60.5,61.0,58.875,59.875,59.875,51800
2000-07-24,60.0,63.0,59.125,60.5,60.5,57400
2000-07-25,61.375,61.375,58.0,58.5,58.5,17300
2000-07-26,58.0,59.125,55.75,58.75,58.75,62000
2000-07-27,58.875,59.625,58.0,58.0,58.0,67100
2000-07-28,57.75,58.5,53.25,54.9375,54.9375,71500
2000-07-31,55.375,57.25,54.625,56.0,56.0,101400
2000-08-01,55.375,55.75,54.25,54.5,54.5,60600
2000-08-02,54.875,56.125,54.25,56.0,56.0,37500
2000-08-03,55.25,60.5,55.25,58.1875,58.1875,42800
2000-08-04,59.0,59.0,56.5,57.75,57.75,21000
2000-08-07,58.875,59.875,58.5,59.625,59.625,11200
2000-08-08,59.625,61.125,59.0,59.875,59.875,42400
2000-08-09,59.5,59.5,53.0,54.375,54.375,182200
2000-08-10,55.0,55.375,54.6875,55.3125,55.3125,89900
2000-08-11,55.0,56.625,53.40625,56.625,56.625,81600
2000-08-14,56.625,56.75,55.875,56.0,56.0,86600
2000-08-15,56.125,56.5,55.375,55.375,55.375,237600
2000-08-16,55.25,55.625,54.3125,54.375,54.375,14400
2000-08-17,54.75,56.0,54.75,55.0,55.0,72400
2000-08-18,55.125,55.125,54.75,54.8125,54.8125,34200
2000-08-21,54.5,56.0,54.5,55.375,55.375,12300
2000-08-22,56.0,56.5,54.75,55.0,55.0,25500
2000-08-23,55.1875,55.1875,54.6875,54.6875,54.6875,28600
2000-08-24,54.6875,56.359375,54.6875,54.9375,54.9375,29000
2000-08-25,54.75,55.125,54.75,55.0625,55.0625,38500
2000-08-28,54.875,55.125,54.75,55.0,55.0,28600
2000-08-29,54.875,55.3125,54.75,54.75,54.75,107300
2000-08-30,55.0,55.0,52.0,53.125,53.125,47700
2000-08-31,53.875,54.125,52.875,53.0625,53.0625,103800
2000-09-01,53.3125,53.5,49.0,49.0,49.0,41800
2000-09-05,49.5,51.25,49.0625,51.125,51.125,103500
2000-09-06,51.0,51.5625,47.75,47.75,47.75,37000
2000-09-07,48.625,49.0625,47.875,48.75,48.75,57100
2000-09-08,48.75,48.875,47.6875,48.0,48.0,57500
2000-09-11,48.28125,48.625,47.5625,47.875,47.875,16700
2000-09-12,48.125,48.375,47.0,47.125,47.125,13100
2000-09-13,47.375,47.625,46.375,47.1875,47.1875,55300
2000-09-14,47.3125,51.125,47.3125,48.6875,48.6875,298700
2000-09-15,47.75,48.25,47.625,48.0,48.0,48000
2000-09-18,47.8125,48.0,42.5,43.0,43.0,34300
2000-09-19,45.0,47.0,43.5,46.25,46.25,172500
2000-09-20,46.75,48.375,46.5,46.5,46.5,87900
2000-09-21,47.6875,47.6875,45.75,45.90625,45.90625,33100
2000-09-22,45.1875,46.125,43.6875,46.0,46.0,57100
2000-09-25,46.5,47.0,45.875,46.6875,46.6875,71200
2000-09-26,46.0,47.125,46.0,46.875,46.875,48800
2000-09-27,48.375,48.375,47.5,48.125,48.125,80500
2000-09-28,48.0,55.375,48.0,55.375,55.375,84700
2000-09-29,53.0,56.5,53.0,55.5,55.5,75900
2000-10-02,55.5,56.125,52.625,52.6875,52.6875,39400
2000-10-03,53.625,53.6875,52.875,53.25,53.25,19800
2000-10-04,52.75,53.875,51.625,51.625,51.625,17700
2000-10-05,51.625,53.625,49.0,49.125,49.125,24300
2000-10-06,49.8125,49.8125,48.0,49.125,49.125,14700
2000-10-09,49.6875,49.734375,47.75,47.75,47.75,15400
2000-10-10,47.9375,49.90625,46.75,47.0,47.0,43200
2000-10-11,48.375,48.375,43.875,44.0,44.0,43800
2000-10-12,45.625,46.875,43.75,43.75,43.75,33100
2000-10-13,43.375,46.875,42.75,46.875,46.875,34100
2000-10-16,46.859375,48.875,46.0,48.375,48.375,99700
2000-10-17,48.0,48.75,47.5625,48.25,48.25,50300
2000-10-18,48.25,52.0,47.75,49.25,49.25,88300
2000-10-19,49.0,59.75,49.0,57.5,57.5,78700
2000-10-20,57.75,57.75,52.0,53.5625,53.5625,30500
2000-10-23,52.25,56.25,51.75,55.0,55.0,29700
2000-10-24,54.625,58.125,54.625,56.875,56.875,54800
2000-10-25,57.625,57.875,56.25,56.59375,56.59375,79200
2000-10-26,56.9375,58.25,56.625,57.625,57.625,40800
2000-10-27,58.75,59.6875,53.875,56.3125,56.3125,42500
2000-10-30,55.0,56.375,49.0,53.375,53.375,43500
2000-10-31,54.0,55.875,53.125,55.875,55.875,28900
2000-11-01,55.9375,57.625,53.5,54.625,54.625,36100
2000-11-02,55.125,59.5,55.125,59.0,59.0,89000
2000-11-03,62.1875,62.25,58.625,59.375,59.375,79700
2000-11-06,61.125,61.125,59.25,59.4375,59.4375,30200
2000-11-07,58.75,60.5,58.75,59.125,59.125,169800
2000-11-08,59.0,62.125,59.0,61.875,61.875,87300
2000-11-09,60.375,61.5,60.375,60.625,60.625,36700
2000-11-10,60.5,60.625,59.125,59.125,59.125,81500
2000-11-13,54.75,56.5,54.6875,55.375,55.375,61800
2000-11-14,55.75,57.625,55.25,56.125,56.125,116000
2000-11-15,55.875,59.1875,55.875,56.5,56.5,65800
2000-11-16,56.25,59.75,56.25,58.875,58.875,47300
2000-11-17,60.5,60.5,58.5,58.9375,58.9375,66800
2000-11-20,58.25,59.875,58.25,58.609375,58.609375,85700
2000-11-21,58.375,59.0625,58.0,58.46875,58.46875,40500
2000-11-22,58.5,58.5,53.875,55.0,55.0,87500
2000-11-24,56.0,56.6875,55.0,56.125,56.125,5800
2000-11-27,56.75,59.75,55.875,57.75,57.75,35000
2000-11-28,56.75,59.625,56.625,58.75,58.75,33800
2000-11-29,58.0,62.25,58.0,61.5,61.5,61900
2000-11-30,60.0,60.75,58.625,59.75,59.75,28200
2000-12-01,59.9375,63.0,57.625,62.25,62.25,84400
2000-12-04,62.125,62.1875,58.875,58.9375,58.9375,54800
2000-12-05,59.640625,64.1875,59.640625,62.375,62.375,100100
2000-12-06,63.125,65.0,60.25,60.9375,60.9375,76400
2000-12-07,64.375,66.875,62.5,63.9375,63.9375,251000
2000-12-08,64.375,70.0,64.265625,67.875,67.875,108600
2000-12-11,68.25,68.375,66.75,66.75,66.75,73900
2000-12-12,66.0,66.125,63.875,63.875,63.875,87200
2000-12-13,65.0,67.0,62.875,62.875,62.875,97200
2000-12-14,62.875,65.25,60.375,63.0,63.0,107300
2000-12-15,61.734375,64.125,61.4375,63.875,63.875,26100
2000-12-18,63.375,64.0,63.0,63.875,63.875,60800
2000-12-19,63.515625,68.4375,63.25,68.4375,68.4375,134900
2000-12-20,64.375,66.0,63.5,63.9375,63.9375,65700
2000-12-21,64.0,70.0,64.0,70.0,70.0,44200
2000-12-22,72.0,72.625,70.0,71.5,71.5,50200
2000-12-26,71.375,77.4375,71.28125,77.25,77.25,148900
2000-12-27,77.5,80.0625,77.25,79.75,79.75,147700
2000-12-28,79.75,81.25,79.25,80.5,80.5,165000
2000-12-29,81.875,81.875,71.5,75.25,75.25,167800
2001-01-02,76.5625,76.5625,69.0,69.75,69.75,92400
2001-01-03,68.75,71.5625,64.078125,70.0,70.0,156400
2001-01-04,70.0,74.0,69.25,72.125,72.125,110800
2001-01-05,71.4375,71.875,58.4375,60.75,60.75,213400
2001-01-08,60.5,60.5,55.25,56.5,56.5,212300
2001-01-09,55.25,56.875,53.25,54.875,54.875,123600
2001-01-10,53.5,57.0,53.0,56.1875,56.1875,253800
2001-01-11,56.0625,61.5,56.0625,60.5,60.5,131400
2001-01-12,60.0,67.75,60.0,64.0,64.0,119200
2001-01-16,65.5,66.5,59.0,65.8125,65.8125,68900
2001-01-17,66.3125,68.0,62.0,62.0,62.0,133700
2001-01-18,62.0,62.0,59.25,60.0,60.0,113400
2001-01-19,60.3125,61.0,58.125,59.6875,59.6875,61000
2001-01-22,59.6875,60.625,57.9375,59.875,59.875,153100
2001-01-23,60.6875,67.75,60.625,67.0,67.0,143600
2001-01-24,68.0,70.25,66.25,70.0,70.0,90400
2001-01-25,67.25,70.1875,67.0,67.875,67.875,46200
2001-01-26,69.25,69.25,66.625,67.625,67.625,34100
2001-01-29,66.75,71.75,66.75,71.0,71.0,53100
2001-01-30,70.3125,71.25,69.0,70.875,70.875,34500
2001-01-31,70.625,71.875,67.75,68.5,68.5,94700
2001-02-01,69.0,70.0,68.25,69.5,69.5,76000
2001-02-02,70.0,70.0,67.25,67.5,67.5,44700
2001-02-05,68.5625,68.5625,63.0625,65.9375,65.9375,47700
2001-02-06,65.5,67.9375,65.5,66.6875,66.6875,62400
2001-02-07,65.5,68.25,65.5,68.25,68.25,21000
2001-02-08,68.125,68.25,66.25,66.5,66.5,69300
2001-02-09,66.5,66.875,62.0,63.0,63.0,110800
2001-02-12,63.875,65.0,62.5625,63.59375,63.59375,44800
2001-02-13,63.5,63.5,61.0,63.0,63.0,39100
2001-02-14,62.9375,62.9375,60.875,62.5,62.5,19200
2001-02-15,61.375,62.5,61.375,62.5,62.5,30000
2001-02-16,62.0,62.25,60.4375,61.375,61.375,24100
2001-02-20,62.375,62.5,60.625,60.875,60.875,74700
2001-02-21,58.75,62.0,58.75,61.9375,61.9375,117900
2001-02-22,60.8125,61.5625,56.75,58.0625,58.0625,95800
2001-02-23,58.0,58.0,50.0,55.25,55.25,162800
2001-02-26,55.9375,61.75,55.8125,60.875,60.875,73200
2001-02-27,60.0,63.75,59.875,60.0,60.0,64100
2001-02-28,61.0,61.0,56.25,57.9375,57.9375,92500
2001-03-01,57.25,58.0,53.25,55.0625,55.0625,146500
2001-03-02,54.75,57.0,54.625,56.6875,56.6875,21900
2001-03-05,57.125,57.75,54.5,55.4375,55.4375,23600
2001-03-06,55.6875,57.75,55.5,57.1875,57.1875,44600
2001-03-07,57.875,60.3125,57.859375,59.375,59.375,57000
2001-03-08,58.3125,59.75,58.25,58.875,58.875,37700
2001-03-09,58.875,60.25,58.5625,58.75,58.75,100400
2001-03-12,57.3125,57.375,53.25,53.25,53.25,79300
2001-03-13,54.875,56.3125,53.25,55.8125,55.8125,100400
2001-03-14,54.375,57.125,53.6875,54.4375,54.4375,47600
2001-03-15,55.25,56.0,52.0,52.25,52.25,80200
2001-03-16,53.625,53.625,48.25,49.625,49.625,58200
2001-03-19,50.125,50.125,44.5625,46.75,46.75,78800
2001-03-20,46.765625,48.5,46.765625,47.4375,47.4375,42500
2001-03-21,48.375,48.375,37.75,38.1875,38.1875,134500
2001-03-22,37.25,43.5,31.6875,43.25,43.25,478200
2001-03-23,43.25,47.625,43.234375,43.5625,43.5625,118300
2001-03-26,45.5,48.625,44.40625,44.625,44.625,119500
2001-03-27,43.375,45.125,43.375,44.4375,44.4375,32300
2001-03-28,43.0,44.3125,41.4375,41.5,41.5,64700
2001-03-29,37.0,41.25,36.75,40.5625,40.5625,216600
2001-03-30,41.5625,44.1875,40.75,44.125,44.125,61900
2001-04-02,43.375,44.0,37.125,39.0,39.0,177800
2001-04-03,37.0,38.75,34.5,35.6875,35.6875,99400
2001-04-04,35.8125,36.0625,32.25,33.625,33.625,140700
2001-04-05,35.75,38.25,33.828125,37.0,37.0,297200
2001-04-06,36.0,39.125,34.5,36.0,36.0,94900
2001-04-09,36.150001525878906,40.290000915527344,36.0,40.290000915527344,40.290000915527344,105000
2001-04-10,40.29999923706055,42.95000076293945,40.29999923706055,41.77000045776367,41.77000045776367,100200
2001-04-11,43.310001373291016,45.20000076293945,42.9900016784668,44.5099983215332,44.5099983215332,70400
2001-04-12,44.849998474121094,45.29999923706055,43.22999954223633,43.9900016784668,43.9900016784668,34400
2001-04-16,44.0,44.939998626708984,41.900001525878906,42.119998931884766,42.119998931884766,34200
2001-04-17,41.619998931884766,44.900001525878906,41.150001525878906,44.790000915527344,44.790000915527344,84600
2001-04-18,45.900001525878906,48.25,45.650001525878906,48.25,48.25,59500
2001-04-19,47.810001373291016,48.11000061035156,46.31999969482422,47.0099983215332,47.0099983215332,103000
2001-04-20,47.59000015258789,48.31999969482422,46.5,48.31999969482422,48.31999969482422,60400
2001-04-23,48.27000045776367,48.27000045776367,46.470001220703125,46.869998931884766,46.869998931884766,50500
2001-04-24,46.470001220703125,47.970001220703125,46.470001220703125,47.970001220703125,47.970001220703125,59600
2001-04-25,49.47999954223633,50.9900016784668,45.5,49.400001525878906,49.400001525878906,202100
2001-04-26,50.38999938964844,51.790000915527344,49.20000076293945,51.29999923706055,51.29999923706055,48100
2001-04-27,54.790000915527344,55.0,53.099998474121094,54.900001525878906,54.900001525878906,71200
2001-04-30,54.9900016784668,57.08000183105469,53.150001525878906,55.54999923706055,55.54999923706055,125300
2001-05-01,55.79999923706055,57.25,55.20000076293945,57.25,57.25,63000
2001-05-02,56.900001525878906,61.150001525878906,52.7599983215332,59.95000076293945,59.95000076293945,135500
2001-05-03,59.900001525878906,59.900001525878906,56.599998474121094,57.880001068115234,57.880001068115234,121100
2001-05-04,58.349998474121094,58.349998474121094,53.25,57.54999923706055,57.54999923706055,150900
2001-05-07,57.75,58.70000076293945,56.459999084472656,56.849998474121094,56.849998474121094,24500
2001-05-08,58.75,58.75,54.54999923706055,57.790000915527344,57.790000915527344,52300
2001-05-09,56.36000061035156,60.0,56.36000061035156,57.47999954223633,57.47999954223633,31600
2001-05-10,58.88999938964844,60.0,57.22999954223633,57.75,57.75,41500
2001-05-11,57.2599983215332,57.439998626708984,52.18000030517578,52.9900016784668,52.9900016784668,95000
2001-05-14,52.130001068115234,55.060001373291016,52.130001068115234,54.7400016784668,54.7400016784668,49100
2001-05-15,54.0099983215332,54.130001068115234,53.0,54.04999923706055,54.04999923706055,20300
2001-05-16,52.77000045776367,59.25,52.77000045776367,58.41999816894531,58.41999816894531,49300
2001-05-17,58.5,59.25,57.36000061035156,59.0,59.0,47400
2001-05-18,59.099998474121094,60.5,58.400001525878906,60.189998626708984,60.189998626708984,30900
2001-05-21,60.9900016784668,60.9900016784668,58.25,60.4900016784668,60.4900016784668,40000
2001-05-22,60.97999954223633,62.9900016784668,59.79999923706055,62.11000061035156,62.11000061035156,64900
2001-05-23,62.279998779296875,62.279998779296875,59.25,60.869998931884766,60.869998931884766,25400
2001-05-24,60.869998931884766,64.08999633789062,60.5,63.560001373291016,63.560001373291016,32900
2001-05-25,63.560001373291016,65.0,63.25,64.25,64.25,19500
2001-05-29,64.23999786376953,65.0,63.0099983215332,63.84000015258789,63.84000015258789,20000
2001-05-30,63.650001525878906,63.9900016784668,59.79999923706055,60.529998779296875,60.529998779296875,39500
2001-05-31,59.75,63.40999984741211,59.75,62.650001525878906,62.650001525878906,31100
2001-06-01,62.5,66.0,62.5,66.0,66.0,49400
2001-06-04,68.25,68.5,66.16000366210938,67.80999755859375,67.80999755859375,65500
2001-06-05,70.30999755859375,74.5,70.05000305175781,73.6500015258789,73.6500015258789,288900
2001-06-06,72.73999786376953,76.0,72.0,75.0999984741211,75.0999984741211,262000
2001-06-07,74.6500015258789,75.9000015258789,74.05000305175781,75.2699966430664,75.2699966430664,237900
2001-06-08,75.5,75.5,72.48999786376953,73.12999725341797,73.12999725341797,67800
2001-06-11,71.30000305175781,74.19999694824219,70.61000061035156,73.13999938964844,73.13999938964844,151600
2001-06-12,71.4000015258789,72.2699966430664,71.05000305175781,71.4800033569336,71.4800033569336,99400
2001-06-13,72.0,72.25,71.27999877929688,71.98999786376953,71.98999786376953,30600
2001-06-14,71.1500015258789,72.0999984741211,67.05000305175781,70.45999908447266,70.45999908447266,68400
2001-06-15,68.98999786376953,71.0199966430664,68.30999755859375,69.6500015258789,69.6500015258789,64900
2001-06-18,69.0,70.5,66.25,66.25,66.25,56100
2001-06-19,68.22000122070312,69.0,67.12000274658203,67.80000305175781,67.80000305175781,38000
2001-06-20,68.0,70.05000305175781,67.79000091552734,69.5,69.5,42100
2001-06-21,69.5999984741211,70.38999938964844,67.61000061035156,68.93000030517578,68.93000030517578,31000
2001-06-22,69.5,69.5,66.5,67.4800033569336,67.4800033569336,21000
2001-06-25,67.0,67.51000213623047,66.0,66.08000183105469,66.08000183105469,23800
2001-06-26,65.51000213623047,68.88999938964844,65.51000213623047,68.45999908447266,68.45999908447266,40900
2001-06-27,68.69999694824219,69.68000030517578,67.62999725341797,68.20999908447266,68.20999908447266,25800
2001-06-28,68.5999984741211,72.25,68.5999984741211,71.5,71.5,49700
2001-06-29,72.73999786376953,73.80000305175781,72.1500015258789,72.56999969482422,72.56999969482422,80200
2001-07-02,72.9800033569336,74.41000366210938,72.94999694824219,73.5,73.5,43200
2001-07-03,73.30000305175781,75.5,73.30000305175781,75.3499984741211,75.3499984741211,57700
2001-07-05,75.5,75.58999633789062,74.76000213623047,75.2699966430664,75.2699966430664,49700
2001-07-06,75.80000305175781,75.80000305175781,68.69999694824219,70.0,70.0,99900
2001-07-09,70.11000061035156,72.77999877929688,70.02999877929688,71.23999786376953,71.23999786376953,92800
2001-07-10,71.01000213623047,71.25,68.4800033569336,69.5,69.5,108800
2001-07-11,68.05000305175781,69.0,62.04999923706055,66.55000305175781,66.55000305175781,127100
2001-07-12,66.55999755859375,68.41000366210938,65.73999786376953,68.0,68.0,107800
2001-07-13,67.0,70.0,67.0,69.25,69.25,101700
2001-07-16,69.9000015258789,69.9000015258789,65.8499984741211,65.8499984741211,65.8499984741211,56100
2001-07-17,65.80000305175781,70.41000366210938,65.80000305175781,70.3499984741211,70.3499984741211,64000
2001-07-18,70.19000244140625,71.5999984741211,69.16999816894531,71.30999755859375,71.30999755859375,80700
2001-07-19,71.69000244140625,74.16000366210938,71.37999725341797,73.27999877929688,73.27999877929688,60800
2001-07-20,71.75,73.0,69.97000122070312,71.0999984741211,71.0999984741211,68800
2001-07-23,70.02999877929688,71.63999938964844,68.16000366210938,68.16000366210938,68.16000366210938,43600
2001-07-24,68.0,68.51000213623047,66.01000213623047,67.1500015258789,67.1500015258789,40000
2001-07-25,64.94999694824219,67.69000244140625,64.2699966430664,67.16000366210938,67.16000366210938,71300
2001-07-26,66.70999908447266,68.0,65.05000305175781,66.5999984741211,66.5999984741211,87800
2001-07-27,66.3499984741211,66.38999938964844,63.70000076293945,64.04000091552734,64.04000091552734,89300
2001-07-30,63.650001525878906,64.0,61.5,62.619998931884766,62.619998931884766,56000
2001-07-31,62.33000183105469,63.0,60.5099983215332,60.900001525878906,60.900001525878906,122400
2001-08-01,61.70000076293945,64.0999984741211,59.83000183105469,63.900001525878906,63.900001525878906,139500
2001-08-02,64.80999755859375,68.05000305175781,63.0,66.05000305175781,66.05000305175781,107100
2001-08-03,67.16000366210938,67.16000366210938,64.01000213623047,64.30999755859375,64.30999755859375,101000
2001-08-06,64.01000213623047,64.19000244140625,63.0,63.099998474121094,63.099998474121094,171600
2001-08-07,64.0,65.05000305175781,62.75,62.79999923706055,62.79999923706055,297400
2001-08-08,63.25,63.25,62.04999923706055,62.849998474121094,62.849998474121094,329600
2001-08-09,63.04999923706055,63.04999923706055,59.0,62.79999923706055,62.79999923706055,170900
2001-08-10,62.31999969482422,63.75,61.0,63.0,63.0,50700
2001-08-13,60.86000061035156,62.95000076293945,60.86000061035156,62.43000030517578,62.43000030517578,54000
2001-08-14,61.52000045776367,63.0,60.31999969482422,61.63999938964844,61.63999938964844,70600
2001-08-15,60.5099983215332,61.72999954223633,56.7599983215332,57.54999923706055,57.54999923706055,244100
2001-08-16,56.25,59.4900016784668,55.599998474121094,58.45000076293945,58.45000076293945,115000
2001-08-17,60.06999969482422,60.099998474121094,57.349998474121094,57.54999923706055,57.54999923706055,542800
2001-08-20,59.880001068115234,61.779998779296875,56.790000915527344,60.0099983215332,60.0099983215332,311500
2001-08-21,59.68000030517578,60.13999938964844,59.150001525878906,59.2599983215332,59.2599983215332,114900
2001-08-22,59.2599983215332,61.0,58.75,59.79999923706055,59.79999923706055,147800
2001-08-23,59.970001220703125,60.88999938964844,59.5,60.0,60.0,56700
2001-08-24,59.90999984741211,60.34000015258789,56.790000915527344,59.0,59.0,497900
2001-08-27,58.04999923706055,59.2400016784668,58.04999923706055,58.939998626708984,58.939998626708984,136400
2001-08-28,58.2400016784668,59.2599983215332,56.5,57.130001068115234,57.130001068115234,170400
2001-08-29,58.099998474121094,58.150001525878906,56.380001068115234,56.75,56.75,152100
2001-08-30,56.36000061035156,56.650001525878906,54.65999984741211,55.29999923706055,55.29999923706055,140000
2001-08-31,55.02000045776367,55.75,53.2400016784668,53.81999969482422,53.81999969482422,133700
2001-09-04,54.04999923706055,56.0,52.0099983215332,52.61000061035156,52.61000061035156,148700
2001-09-05,51.81999969482422,53.099998474121094,51.81999969482422,52.380001068115234,52.380001068115234,181900
2001-09-06,52.400001525878906,52.400001525878906,49.90999984741211,50.58000183105469,50.58000183105469,159300
2001-09-07,49.720001220703125,50.20000076293945,48.75,49.86000061035156,49.86000061035156,213300
2001-09-10,49.79999923706055,52.68000030517578,49.54999923706055,50.91999816894531,50.91999816894531,210200
2001-09-17,48.0,50.9900016784668,47.900001525878906,50.06999969482422,50.06999969482422,163800
2001-09-18,49.5,49.900001525878906,46.470001220703125,46.5,46.5,197900
2001-09-19,47.369998931884766,49.0,42.0099983215332,49.0,49.0,296300
2001-09-20,46.5,48.59000015258789,44.849998474121094,47.47999954223633,47.47999954223633,417500
2001-09-21,46.59000015258789,47.20000076293945,44.93000030517578,45.060001373291016,45.060001373291016,151700
2001-09-24,46.599998474121094,47.279998779296875,44.63999938964844,45.0,45.0,125900
2001-09-25,45.4900016784668,45.5,43.54999923706055,43.81999969482422,43.81999969482422,108300
2001-09-26,44.849998474121094,45.18000030517578,43.029998779296875,44.95000076293945,44.95000076293945,152900
2001-09-27,45.150001525878906,45.15999984741211,41.63999938964844,45.04999923706055,45.04999923706055,236800
2001-09-28,45.13999938964844,48.09000015258789,44.900001525878906,47.25,47.25,248000
2001-10-01,49.4900016784668,50.369998931884766,45.459999084472656,45.70000076293945,45.70000076293945,175900
2001-10-02,45.04999923706055,47.349998474121094,45.0,46.20000076293945,46.20000076293945,93400
2001-10-03,45.61000061035156,47.61000061035156,45.61000061035156,46.150001525878906,46.150001525878906,83400
2001-10-04,47.0,47.38999938964844,45.599998474121094,46.25,46.25,158900
2001-10-05,46.029998779296875,47.459999084472656,44.0,46.25,46.25,98600
2001-10-08,45.880001068115234,46.84000015258789,43.79999923706055,43.9900016784668,43.9900016784668,174000
2001-10-09,43.810001373291016,45.38999938964844,43.61000061035156,44.70000076293945,44.70000076293945,84800
2001-10-10,44.95000076293945,47.88999938964844,44.400001525878906,47.36000061035156,47.36000061035156,90300
2001-10-11,47.599998474121094,52.2400016784668,47.5,51.150001525878906,51.150001525878906,271900
2001-10-12,49.84000015258789,52.0,49.75,52.0,52.0,150500
2001-10-15,50.95000076293945,52.04999923706055,50.5099983215332,51.86000061035156,51.86000061035156,51800
2001-10-16,51.36000061035156,53.45000076293945,51.36000061035156,52.099998474121094,52.099998474121094,87300
2001-10-17,53.5,53.5,49.04999923706055,49.04999923706055,49.04999923706055,115400
2001-10-18,50.4900016784668,50.90999984741211,48.02000045776367,50.5,50.5,44300
2001-10-19,51.0,52.93000030517578,50.400001525878906,52.27000045776367,52.27000045776367,46600
2001-10-22,51.849998474121094,54.29999923706055,51.7400016784668,53.9900016784668,53.9900016784668,51700
2001-10-23,53.9900016784668,57.40999984741211,53.9900016784668,54.16999816894531,54.16999816894531,303200
2001-10-24,47.41999816894531,49.7400016784668,46.400001525878906,48.900001525878906,48.900001525878906,754800
2001-10-25,46.75,48.68000030517578,46.7400016784668,48.2599983215332,48.2599983215332,169500
2001-10-26,48.0,48.75,47.63999938964844,48.47999954223633,48.47999954223633,77400
2001-10-29,48.029998779296875,48.900001525878906,48.029998779296875,48.25,48.25,52600
2001-10-30,47.0,48.06999969482422,46.29999923706055,47.88999938964844,47.88999938964844,97800
2001-10-31,47.290000915527344,48.25,45.470001220703125,45.93000030517578,45.93000030517578,126300
2001-11-01,46.099998474121094,46.25,44.72999954223633,45.25,45.25,178400
2001-11-02,45.43000030517578,47.5,45.400001525878906,47.06999969482422,47.06999969482422,134600
2001-11-05,47.95000076293945,47.95000076293945,46.470001220703125,46.560001373291016,46.560001373291016,41500
2001-11-06,47.150001525878906,47.20000076293945,46.099998474121094,47.04999923706055,47.04999923706055,60600
2001-11-07,46.209999084472656,47.2400016784668,46.209999084472656,46.40999984741211,46.40999984741211,30600
2001-11-08,46.9900016784668,47.099998474121094,46.349998474121094,46.97999954223633,46.97999954223633,87600
2001-11-09,46.599998474121094,47.04999923706055,45.099998474121094,45.72999954223633,45.72999954223633,44600
2001-11-12,45.75,45.75,43.400001525878906,44.25,44.25,96100
2001-11-13,44.11000061035156,46.380001068115234,44.11000061035156,45.95000076293945,45.95000076293945,107500
2001-11-14,46.04999923706055,46.45000076293945,44.349998474121094,45.25,45.25,56300
2001-11-15,45.75,45.75,44.25,44.709999084472656,44.709999084472656,137600
2001-11-16,45.400001525878906,45.400001525878906,44.11000061035156,44.88999938964844,44.88999938964844,91000
2001-11-19,44.88999938964844,45.91999816894531,44.560001373291016,45.83000183105469,45.83000183105469,23000
2001-11-20,46.0,46.349998474121094,44.70000076293945,45.5,45.5,103000
2001-11-21,45.75,45.75,44.189998626708984,44.2599983215332,44.2599983215332,46700
2001-11-23,44.0,44.66999816894531,43.97999954223633,44.54999923706055,44.54999923706055,49700
2001-11-26,44.29999923706055,44.84000015258789,43.70000076293945,44.25,44.25,33000
2001-11-27,43.54999923706055,44.880001068115234,43.54999923706055,43.599998474121094,43.599998474121094,72000
2001-11-28,44.709999084472656,44.709999084472656,43.5099983215332,44.060001373291016,44.060001373291016,42100
2001-11-29,43.79999923706055,43.79999923706055,42.599998474121094,42.65999984741211,42.65999984741211,60500
2001-11-30,43.0,43.0,42.0099983215332,42.7599983215332,42.7599983215332,144500
2001-12-03,42.0,42.470001220703125,41.7599983215332,42.470001220703125,42.470001220703125,237700
2001-12-04,42.189998626708984,42.189998626708984,39.54999923706055,39.900001525878906,39.900001525878906,127500
2001-12-05,40.59000015258789,42.81999969482422,40.0,41.900001525878906,41.900001525878906,424000
2001-12-06,42.0,45.04999923706055,41.5099983215332,44.400001525878906,44.400001525878906,457100
2001-12-07,45.0,46.5,44.0,45.63999938964844,45.63999938964844,267200
2001-12-10,46.70000076293945,48.0,45.599998474121094,47.540000915527344,47.540000915527344,596900
2001-12-11,47.90999984741211,51.2400016784668,47.90999984741211,50.9900016784668,50.9900016784668,625600
2001-12-12,51.0,51.349998474121094,45.849998474121094,46.5,46.5,684500
2001-12-13,46.95000076293945,48.470001220703125,46.18000030517578,48.099998474121094,48.099998474121094,155100
2001-12-14,47.779998779296875,48.40999984741211,47.02000045776367,48.29999923706055,48.29999923706055,44500
2001-12-17,48.29999923706055,50.099998474121094,47.75,49.38999938964844,49.38999938964844,70600
2001-12-18,49.04999923706055,50.650001525878906,49.04999923706055,49.970001220703125,49.970001220703125,59300
2001-12-19,49.02000045776367,49.5,47.5099983215332,47.77000045776367,47.77000045776367,90200
2001-12-20,47.540000915527344,48.380001068115234,47.220001220703125,48.029998779296875,48.029998779296875,172700
2001-12-21,48.16999816894531,48.939998626708984,47.90999984741211,48.150001525878906,48.150001525878906,129400
2001-12-24,47.91999816894531,48.54999923706055,47.369998931884766,48.54999923706055,48.54999923706055,33400
2001-12-26,48.849998474121094,48.900001525878906,47.75,48.29999923706055,48.29999923706055,51100
2001-12-27,48.25,48.47999954223633,47.560001373291016,47.83000183105469,47.83000183105469,37700
2001-12-28,47.650001525878906,49.459999084472656,46.790000915527344,47.5,47.5,86800
2001-12-31,47.790000915527344,47.939998626708984,45.7400016784668,45.75,45.75,123800
2002-01-02,46.5,47.619998931884766,46.130001068115234,46.77000045776367,46.77000045776367,147500
2002-01-03,47.0,48.93000030517578,46.810001373291016,48.06999969482422,48.06999969482422,319200
2002-01-04,49.439998626708984,52.18000030517578,48.220001220703125,48.310001373291016,48.310001373291016,678700
2002-01-07,48.75,49.4900016784668,46.0,46.4900016784668,46.4900016784668,375500
2002-01-08,46.4900016784668,48.0,46.20000076293945,47.68000030517578,47.68000030517578,212100
2002-01-09,48.290000915527344,48.29999923706055,47.400001525878906,47.5,47.5,157000
2002-01-10,47.7599983215332,48.2599983215332,47.25,47.470001220703125,47.470001220703125,165800
2002-01-11,48.599998474121094,49.689998626708984,48.11000061035156,48.7400016784668,48.7400016784668,268400
2002-01-14,48.2599983215332,48.9900016784668,48.11000061035156,48.54999923706055,48.54999923706055,279300
2002-01-15,49.099998474121094,49.099998474121094,47.36000061035156,48.099998474121094,48.099998474121094,267800
2002-01-16,47.54999923706055,48.150001525878906,47.54999923706055,47.84000015258789,47.84000015258789,81800
2002-01-17,48.13999938964844,48.630001068115234,47.25,48.630001068115234,48.630001068115234,154100
2002-01-18,48.56999969482422,48.83000183105469,47.40999984741211,47.619998931884766,47.619998931884766,145900
2002-01-22,47.400001525878906,47.79999923706055,47.0099983215332,47.52000045776367,47.52000045776367,97800
2002-01-23,47.29999923706055,47.650001525878906,47.0099983215332,47.5,47.5,90800
2002-01-24,47.599998474121094,49.95000076293945,47.45000076293945,49.36000061035156,49.36000061035156,404700
2002-01-25,50.70000076293945,51.400001525878906,49.599998474121094,51.0099983215332,51.0099983215332,796600
2002-01-28,51.2599983215332,52.5,50.099998474121094,51.90999984741211,51.90999984741211,425300
2002-01-29,52.0,52.0,49.91999816894531,50.650001525878906,50.650001525878906,673400
2002-01-30,50.599998474121094,50.79999923706055,49.25,50.34000015258789,50.34000015258789,295100
2002-01-31,50.119998931884766,50.939998626708984,49.54999923706055,50.09000015258789,50.09000015258789,118600
2002-02-01,50.060001373291016,50.5,49.900001525878906,50.09000015258789,50.09000015258789,165500
2002-02-04,50.02000045776367,50.25,47.56999969482422,47.79999923706055,47.79999923706055,145800
2002-02-05,47.560001373291016,47.95000076293945,46.540000915527344,46.54999923706055,46.54999923706055,192100
2002-02-06,46.54999923706055,46.810001373291016,44.599998474121094,44.79999923706055,44.79999923706055,206100
2002-02-07,44.599998474121094,45.0,43.5,44.25,44.25,175300
2002-02-08,43.720001220703125,46.29999923706055,43.720001220703125,46.29999923706055,46.29999923706055,177800
2002-02-11,46.29999923706055,47.97999954223633,45.779998779296875,47.630001068115234,47.630001068115234,160200
2002-02-12,47.959999084472656,48.41999816894531,47.04999923706055,48.11000061035156,48.11000061035156,72800
2002-02-13,48.40999984741211,49.20000076293945,48.16999816894531,48.560001373291016,48.560001373291016,143400
2002-02-14,48.70000076293945,48.70000076293945,47.650001525878906,47.70000076293945,47.70000076293945,143700
2002-02-15,47.68000030517578,48.29999923706055,46.810001373291016,47.91999816894531,47.91999816894531,42700
2002-02-19,47.779998779296875,47.779998779296875,46.79999923706055,46.79999923706055,46.79999923706055,71300
2002-02-20,46.849998474121094,47.5,46.33000183105469,47.41999816894531,47.41999816894531,120800
2002-02-21,47.459999084472656,48.220001220703125,47.279998779296875,47.52000045776367,47.52000045776367,80800
2002-02-22,47.93000030517578,47.93000030517578,45.779998779296875,47.099998474121094,47.099998474121094,401500
2002-02-25,46.529998779296875,47.540000915527344,45.70000076293945,47.540000915527344,47.540000915527344,176100
2002-02-26,47.599998474121094,48.70000076293945,46.88999938964844,48.58000183105469,48.58000183105469,48900
2002-02-27,48.939998626708984,49.400001525878906,48.310001373291016,48.810001373291016,48.810001373291016,56000
2002-02-28,49.04999923706055,49.04999923706055,46.90999984741211,47.029998779296875,47.029998779296875,107600
2002-03-01,47.11000061035156,47.650001525878906,46.86000061035156,47.61000061035156,47.61000061035156,256000
2002-03-04,47.13999938964844,49.38999938964844,47.13999938964844,49.38999938964844,49.38999938964844,95500
2002-03-05,49.310001373291016,49.88999938964844,48.79999923706055,48.849998474121094,48.849998474121094,116600
2002-03-06,48.7599983215332,50.2400016784668,48.7599983215332,50.0,50.0,98100
2002-03-07,50.47999954223633,50.4900016784668,49.27000045776367,49.279998779296875,49.279998779296875,126500
2002-03-08,49.65999984741211,50.0,47.2599983215332,48.25,48.25,121500
2002-03-11,48.09000015258789,49.66999816894531,48.09000015258789,49.33000183105469,49.33000183105469,124400
2002-03-12,48.900001525878906,49.380001068115234,48.349998474121094,48.560001373291016,48.560001373291016,64500
2002-03-13,48.95000076293945,48.95000076293945,48.0,48.22999954223633,48.22999954223633,158000
2002-03-14,48.75,49.5,48.43000030517578,49.220001220703125,49.220001220703125,47300
2002-03-15,49.0099983215332,50.09000015258789,48.91999816894531,50.04999923706055,50.04999923706055,226300
2002-03-18,50.029998779296875,50.150001525878906,49.29999923706055,49.650001525878906,49.650001525878906,118500
2002-03-19,49.61000061035156,49.95000076293945,49.119998931884766,49.380001068115234,49.380001068115234,114300
2002-03-20,48.959999084472656,50.18000030517578,48.83000183105469,50.18000030517578,50.18000030517578,47400
2002-03-21,50.099998474121094,50.689998626708984,49.95000076293945,50.61000061035156,50.61000061035156,94700
2002-03-22,50.20000076293945,50.619998931884766,49.900001525878906,50.04999923706055,50.04999923706055,81100
2002-03-25,50.599998474121094,50.599998474121094,50.0,50.34000015258789,50.34000015258789,84300
2002-03-26,51.25,52.70000076293945,51.119998931884766,51.779998779296875,51.779998779296875,229800
2002-03-27,51.939998626708984,52.439998626708984,51.220001220703125,52.189998626708984,52.189998626708984,114000
2002-03-28,52.31999969482422,53.9900016784668,52.0,53.56999969482422,53.56999969482422,240600
2002-04-01,53.099998474121094,56.380001068115234,53.099998474121094,55.95000076293945,55.95000076293945,256300
2002-04-02,56.38999938964844,59.0099983215332,55.70000076293945,58.68000030517578,58.68000030517578,233700
2002-04-03,58.9900016784668,59.689998626708984,57.13999938964844,57.279998779296875,57.279998779296875,436900
2002-04-04,57.06999969482422,57.349998474121094,56.20000076293945,56.63999938964844,56.63999938964844,188000
2002-04-05,56.310001373291016,56.5,55.279998779296875,55.869998931884766,55.869998931884766,178700
2002-04-08,54.59000015258789,55.0,53.33000183105469,53.939998626708984,53.939998626708984,390500
2002-04-09,54.0,54.47999954223633,53.349998474121094,54.29999923706055,54.29999923706055,214500
2002-04-10,54.150001525878906,55.720001220703125,54.099998474121094,54.560001373291016,54.560001373291016,171500
2002-04-11,55.189998626708984,55.209999084472656,53.959999084472656,54.20000076293945,54.20000076293945,114700
2002-04-12,54.220001220703125,54.2599983215332,52.7599983215332,53.34000015258789,53.34000015258789,213600
2002-04-15,53.540000915527344,55.119998931884766,52.900001525878906,54.29999923706055,54.29999923706055,95000
2002-04-16,55.06999969482422,55.06999969482422,54.36000061035156,54.400001525878906,54.400001525878906,98000
2002-04-17,54.2599983215332,55.060001373291016,54.25,54.310001373291016,54.310001373291016,135000
2002-04-18,54.68000030517578,56.63999938964844,54.25,55.65999984741211,55.65999984741211,117100
2002-04-19,55.959999084472656,56.20000076293945,54.20000076293945,54.290000915527344,54.290000915527344,143700
2002-04-22,54.18000030517578,54.18000030517578,52.7599983215332,53.0,53.0,212000
2002-04-23,52.880001068115234,53.22999954223633,51.70000076293945,51.849998474121094,51.849998474121094,50500
2002-04-24,51.779998779296875,52.099998474121094,51.22999954223633,51.560001373291016,51.560001373291016,111500
2002-04-25,51.15999984741211,51.619998931884766,49.58000183105469,50.0,50.0,214300
2002-04-26,49.81999969482422,51.22999954223633,48.7599983215332,50.900001525878906,50.900001525878906,266300
2002-04-29,51.689998626708984,52.54999923706055,51.220001220703125,51.97999954223633,51.97999954223633,129800
2002-04-30,51.869998931884766,51.869998931884766,50.0,51.209999084472656,51.209999084472656,231800
2002-05-01,51.099998474121094,51.349998474121094,49.61000061035156,49.900001525878906,49.900001525878906,207400
2002-05-02,49.93000030517578,50.400001525878906,49.02000045776367,49.06999969482422,49.06999969482422,124200
2002-05-03,49.0,49.97999954223633,48.95000076293945,49.0,49.0,48200
2002-05-06,49.0,49.439998626708984,47.290000915527344,47.36000061035156,47.36000061035156,92200
2002-05-07,47.380001068115234,48.29999923706055,46.900001525878906,47.349998474121094,47.349998474121094,146300
2002-05-08,47.369998931884766,49.47999954223633,47.36000061035156,48.13999938964844,48.13999938964844,146900
2002-05-09,48.130001068115234,48.61000061035156,47.70000076293945,48.20000076293945,48.20000076293945,65300
2002-05-10,48.209999084472656,48.2400016784668,44.16999816894531,46.5,46.5,172700
2002-05-13,46.45000076293945,47.5,45.52000045776367,45.9900016784668,45.9900016784668,123400
2002-05-14,46.0,47.75,46.0,46.7400016784668,46.7400016784668,206500
2002-05-15,47.349998474121094,49.689998626708984,46.220001220703125,47.5099983215332,47.5099983215332,114800
2002-05-16,47.849998474121094,47.849998474121094,45.06999969482422,46.400001525878906,46.400001525878906,148600
2002-05-17,46.88999938964844,47.25,46.310001373291016,46.97999954223633,46.97999954223633,73000
2002-05-20,46.970001220703125,46.970001220703125,45.02000045776367,46.18000030517578,46.18000030517578,97900
2002-05-21,46.0099983215332,46.0099983215332,45.58000183105469,45.79999923706055,45.79999923706055,138200
2002-05-22,45.65999984741211,45.93000030517578,44.029998779296875,44.84000015258789,44.84000015258789,82300
2002-05-23,44.290000915527344,45.689998626708984,44.279998779296875,45.56999969482422,45.56999969482422,92500
2002-05-24,44.75,45.7400016784668,44.400001525878906,44.400001525878906,44.400001525878906,138900
2002-05-28,44.95000076293945,45.0,41.540000915527344,43.470001220703125,43.470001220703125,296900
2002-05-29,43.33000183105469,43.33000183105469,42.11000061035156,42.4900016784668,42.4900016784668,132000
2002-05-30,41.720001220703125,42.400001525878906,41.20000076293945,42.400001525878906,42.400001525878906,204400
2002-05-31,41.599998474121094,43.91999816894531,41.599998474121094,43.22999954223633,43.22999954223633,149900
2002-06-03,42.369998931884766,43.65999984741211,41.0,41.0,41.0,177400
2002-06-04,43.2400016784668,43.630001068115234,36.7599983215332,38.9900016784668,38.9900016784668,1685200
2002-06-05,38.02000045776367,38.599998474121094,36.5,37.02000045776367,37.02000045776367,609200
2002-06-06,36.560001373291016,36.70000076293945,33.099998474121094,33.599998474121094,33.599998474121094,660200
2002-06-07,32.599998474121094,35.9900016784668,31.290000915527344,35.779998779296875,35.779998779296875,1005100
2002-06-10,34.54999923706055,36.0,34.220001220703125,34.849998474121094,34.849998474121094,278900
2002-06-11,33.970001220703125,35.25,31.65999984741211,32.349998474121094,32.349998474121094,373900
2002-06-12,32.65999984741211,33.439998626708984,30.280000686645508,33.43000030517578,33.43000030517578,369300
2002-06-13,33.4900016784668,33.4900016784668,31.34000015258789,32.08000183105469,32.08000183105469,215300
2002-06-14,31.09000015258789,32.880001068115234,30.600000381469727,32.880001068115234,32.880001068115234,431700
2002-06-17,32.939998626708984,36.439998626708984,32.439998626708984,35.869998931884766,35.869998931884766,501700
2002-06-18,35.70000076293945,37.099998474121094,35.06999969482422,35.689998626708984,35.689998626708984,318100
2002-06-19,35.09000015258789,36.65999984741211,35.09000015258789,35.619998931884766,35.619998931884766,164900
2002-06-20,35.54999923706055,35.7599983215332,34.20000076293945,34.20000076293945,34.20000076293945,355600
2002-06-21,34.279998779296875,34.66999816894531,33.029998779296875,33.18000030517578,33.18000030517578,258100
2002-06-24,32.68000030517578,33.58000183105469,31.950000762939453,32.869998931884766,32.869998931884766,264900
2002-06-25,32.15999984741211,32.91999816894531,31.5,31.68000030517578,31.68000030517578,195500
2002-06-26,30.889999389648438,32.18000030517578,29.790000915527344,32.18000030517578,32.18000030517578,346100
2002-06-27,31.889999389648438,32.7400016784668,31.850000381469727,32.470001220703125,32.470001220703125,111600
2002-06-28,32.7599983215332,34.369998931884766,32.040000915527344,33.880001068115234,33.880001068115234,298300
2002-07-01,33.869998931884766,33.880001068115234,32.099998474121094,32.619998931884766,32.619998931884766,341500
2002-07-02,32.40999984741211,32.40999984741211,30.100000381469727,30.360000610351562,30.360000610351562,357900
2002-07-03,30.06999969482422,30.06999969482422,27.5,28.350000381469727,28.350000381469727,566900
2002-07-05,28.270000457763672,30.020000457763672,28.239999771118164,28.81999969482422,28.81999969482422,196400
2002-07-08,28.760000228881836,30.479999542236328,27.459999084472656,29.290000915527344,29.290000915527344,284700
2002-07-09,29.700000762939453,30.40999984741211,27.010000228881836,28.010000228881836,28.010000228881836,192500
2002-07-10,27.59000015258789,27.709999084472656,24.760000228881836,25.34000015258789,25.34000015258789,378100
2002-07-11,24.700000762939453,27.559999465942383,23.649999618530273,27.010000228881836,27.010000228881836,555300
2002-07-12,26.8700008392334,28.0,25.90999984741211,26.850000381469727,26.850000381469727,304800
2002-07-15,26.8799991607666,26.889999389648438,24.65999984741211,26.799999237060547,26.799999237060547,172700
2002-07-16,26.709999084472656,30.600000381469727,26.5,29.329999923706055,29.329999923706055,544800
2002-07-17,29.959999084472656,30.31999969482422,29.049999237060547,29.850000381469727,29.850000381469727,160500
2002-07-18,29.959999084472656,29.969999313354492,27.010000228881836,28.049999237060547,28.049999237060547,213200
2002-07-19,27.510000228881836,27.799999237060547,26.309999465942383,26.950000762939453,26.950000762939453,215000
2002-07-22,26.260000228881836,26.93000030517578,26.0,26.670000076293945,26.670000076293945,150400
2002-07-23,26.65999984741211,26.75,23.940000534057617,23.940000534057617,23.940000534057617,286200
2002-07-24,24.09000015258789,27.280000686645508,23.1200008392334,26.549999237060547,26.549999237060547,391800
2002-07-25,26.549999237060547,28.649999618530273,26.479999542236328,26.959999084472656,26.959999084472656,152900
2002-07-26,27.5,27.5,25.139999389648438,25.219999313354492,25.219999313354492,196700
2002-07-29,26.299999237060547,26.479999542236328,24.510000228881836,26.299999237060547,26.299999237060547,346000
2002-07-30,26.3799991607666,28.190000534057617,25.3799991607666,27.790000915527344,27.790000915527344,250900
2002-07-31,27.799999237060547,30.3799991607666,27.799999237060547,28.549999237060547,28.549999237060547,429600
2002-08-01,27.0,27.25,24.25,24.559999465942383,24.559999465942383,814500
2002-08-02,24.540000915527344,24.84000015258789,23.149999618530273,23.25,23.25,209800
2002-08-05,22.700000762939453,23.25,19.8799991607666,20.3799991607666,20.3799991607666,340600
2002-08-06,20.510000228881836,21.290000915527344,20.1200008392334,21.0,21.0,470400
2002-08-07,21.450000762939453,21.799999237060547,19.360000610351562,20.09000015258789,20.09000015258789,245400
2002-08-08,20.450000762939453,20.68000030517578,19.459999084472656,19.950000762939453,19.950000762939453,519200
2002-08-09,20.0,20.809999465942383,19.829999923706055,20.450000762939453,20.450000762939453,154100
2002-08-12,19.799999237060547,20.309999465942383,19.799999237060547,20.059999465942383,20.059999465942383,80300
2002-08-13,20.34000015258789,20.34000015258789,16.959999084472656,17.459999084472656,17.459999084472656,1487700
2002-08-14,17.65999984741211,18.25,17.100000381469727,17.299999237060547,17.299999237060547,302300
2002-08-15,17.899999618530273,19.299999237060547,17.5,18.200000762939453,18.200000762939453,259200
2002-08-16,18.799999237060547,19.760000228881836,18.059999465942383,19.5,19.5,173300
2002-08-19,19.510000228881836,19.75,18.5,18.989999771118164,18.989999771118164,164500
2002-08-20,19.31999969482422,19.93000030517578,18.84000015258789,19.260000228881836,19.260000228881836,166400
2002-08-21,20.06999969482422,20.06999969482422,18.989999771118164,19.790000915527344,19.790000915527344,169800
2002-08-22,19.350000381469727,21.989999771118164,19.31999969482422,21.649999618530273,21.649999618530273,351100
2002-08-23,20.719999313354492,22.09000015258789,20.059999465942383,20.469999313354492,20.469999313354492,162300
2002-08-26,20.600000381469727,20.639999389648438,19.450000762939453,20.530000686645508,20.530000686645508,90700
2002-08-27,20.290000915527344,20.299999237060547,18.850000381469727,19.0,19.0,146400
2002-08-28,19.520000457763672,19.520000457763672,18.549999237060547,18.549999237060547,18.549999237060547,117200
2002-08-29,18.309999465942383,18.90999984741211,18.0,18.440000534057617,18.440000534057617,113600
2002-08-30,18.43000030517578,18.43000030517578,17.350000381469727,17.350000381469727,17.350000381469727,126700
2002-09-03,17.25,17.25,16.049999237060547,16.799999237060547,16.799999237060547,267600
2002-09-04,16.350000381469727,17.75,16.049999237060547,17.239999771118164,17.239999771118164,258600
2002-09-05,16.700000762939453,16.75,15.569999694824219,16.270000457763672,16.270000457763672,155000
2002-09-06,16.75,17.280000686645508,16.549999237060547,17.030000686645508,17.030000686645508,177300
2002-09-09,16.530000686645508,16.979999542236328,15.710000038146973,16.950000762939453,16.950000762939453,206100
2002-09-10,16.799999237060547,17.579999923706055,16.450000762939453,17.229999542236328,17.229999542236328,146400
2002-09-11,17.549999237060547,19.190000534057617,17.420000076293945,17.989999771118164,17.989999771118164,131800
2002-09-12,17.600000381469727,17.93000030517578,17.229999542236328,17.670000076293945,17.670000076293945,99800
2002-09-13,16.850000381469727,18.09000015258789,16.84000015258789,17.899999618530273,17.899999618530273,128200
2002-09-16,17.700000762939453,17.899999618530273,17.479999542236328,17.549999237060547,17.549999237060547,128600
2002-09-17,18.270000457763672,18.979999542236328,17.260000228881836,17.3799991607666,17.3799991607666,116400
2002-09-18,17.270000457763672,17.90999984741211,17.09000015258789,17.329999923706055,17.329999923706055,103400
2002-09-19,17.09000015258789,17.399999618530273,16.610000610351562,16.700000762939453,16.700000762939453,165100
2002-09-20,17.200000762939453,17.719999313354492,16.34000015258789,17.25,17.25,122800
2002-09-23,16.850000381469727,16.850000381469727,16.030000686645508,16.399999618530273,16.399999618530273,130100
2002-09-24,15.65999984741211,16.299999237060547,15.510000228881836,16.290000915527344,16.290000915527344,149400
2002-09-25,16.350000381469727,17.1200008392334,15.729999542236328,17.020000457763672,17.020000457763672,117300
2002-09-26,17.18000030517578,17.6299991607666,16.059999465942383,16.540000915527344,16.540000915527344,107200
2002-09-27,16.450000762939453,16.90999984741211,15.720000267028809,16.100000381469727,16.100000381469727,173000
2002-09-30,15.90999984741211,16.8700008392334,14.789999961853027,16.670000076293945,16.670000076293945,302300
2002-10-01,16.81999969482422,17.489999771118164,16.139999389648438,16.139999389648438,16.139999389648438,171500
2002-10-02,16.149999618530273,16.950000762939453,15.319999694824219,15.319999694824219,15.319999694824219,143000
2002-10-03,15.449999809265137,15.529999732971191,14.170000076293945,14.989999771118164,14.989999771118164,341000
2002-10-04,14.989999771118164,14.989999771118164,13.5,14.0,14.0,138500
2002-10-07,13.760000228881836,14.239999771118164,13.600000381469727,14.010000228881836,14.010000228881836,166700
2002-10-08,14.0,14.25,13.569999694824219,13.949999809265137,13.949999809265137,247100
2002-10-09,13.800000190734863,14.140000343322754,11.850000381469727,11.869999885559082,11.869999885559082,728500
2002-10-10,11.9399995803833,13.300000190734863,11.380000114440918,12.25,12.25,343900
2002-10-11,12.75,13.399999618530273,12.4399995803833,12.930000305175781,12.930000305175781,138300
2002-10-14,12.9399995803833,13.460000038146973,12.850000381469727,13.130000114440918,13.130000114440918,88000
2002-10-15,13.699999809265137,14.40999984741211,13.470000267028809,14.0,14.0,172500
2002-10-16,14.399999618530273,14.550000190734863,13.859999656677246,13.989999771118164,13.989999771118164,149500
2002-10-17,14.4399995803833,15.5,14.069999694824219,14.279999732971191,14.279999732971191,109200
2002-10-18,14.25,15.079999923706055,14.1899995803833,14.779999732971191,14.779999732971191,112500
2002-10-21,14.890000343322754,16.600000381469727,14.510000228881836,15.9399995803833,15.9399995803833,187400
2002-10-22,16.610000610351562,17.290000915527344,16.110000610351562,16.540000915527344,16.540000915527344,135700
2002-10-23,16.549999237060547,19.950000762939453,16.510000228881836,19.56999969482422,19.56999969482422,421100
2002-10-24,19.56999969482422,20.5,19.309999465942383,19.459999084472656,19.459999084472656,210300
2002-10-25,19.600000381469727,20.200000762939453,19.309999465942383,19.860000610351562,19.860000610351562,100400
2002-10-28,19.899999618530273,20.290000915527344,19.459999084472656,19.809999465942383,19.809999465942383,257700
2002-10-29,19.690000534057617,19.889999389648438,18.420000076293945,18.75,18.75,162900
2002-10-30,18.5,18.8700008392334,17.93000030517578,18.280000686645508,18.280000686645508,130200
2002-10-31,18.280000686645508,19.31999969482422,17.81999969482422,17.81999969482422,17.81999969482422,182400
2002-11-01,17.65999984741211,18.489999771118164,16.290000915527344,18.360000610351562,18.360000610351562,366000
2002-11-04,18.649999618530273,18.799999237060547,17.8799991607666,18.280000686645508,18.280000686645508,168800
2002-11-05,18.469999313354492,18.6299991607666,18.010000228881836,18.219999313354492,18.219999313354492,141100
2002-11-06,18.479999542236328,19.09000015258789,18.280000686645508,18.84000015258789,18.84000015258789,110900
2002-11-07,18.899999618530273,18.899999618530273,18.459999084472656,18.5,18.5,69300
2002-11-08,18.75,18.75,17.770000457763672,18.149999618530273,18.149999618530273,98600
2002-11-11,18.0,18.0,17.360000610351562,17.43000030517578,17.43000030517578,30700
2002-11-12,17.399999618530273,18.0,17.399999618530273,17.65999984741211,17.65999984741211,88200
2002-11-13,17.5,18.100000381469727,17.260000228881836,17.670000076293945,17.670000076293945,41500
2002-11-14,17.799999237060547,18.110000610351562,17.68000030517578,17.8799991607666,17.8799991607666,68800
2002-11-15,18.0,18.209999084472656,17.93000030517578,18.149999618530273,18.149999618530273,77500
2002-11-18,18.200000762939453,18.979999542236328,18.200000762939453,18.56999969482422,18.56999969482422,82400
2002-11-19,18.549999237060547,18.799999237060547,18.309999465942383,18.559999465942383,18.559999465942383,85400
2002-11-20,18.399999618530273,20.31999969482422,18.399999618530273,20.25,20.25,101600
2002-11-21,20.360000610351562,20.59000015258789,20.010000228881836,20.5,20.5,126100
2002-11-22,20.389999389648438,22.59000015258789,20.3799991607666,22.34000015258789,22.34000015258789,164200
2002-11-25,22.600000381469727,23.479999542236328,22.0,23.260000228881836,23.260000228881836,221700
2002-11-26,23.459999084472656,23.459999084472656,22.81999969482422,23.15999984741211,23.15999984741211,177400
2002-11-27,23.030000686645508,24.309999465942383,22.540000915527344,24.149999618530273,24.149999618530273,128800
2002-11-29,24.299999237060547,24.780000686645508,24.0,24.360000610351562,24.360000610351562,45400
2002-12-02,24.75,25.0,24.25,24.479999542236328,24.479999542236328,106900
2002-12-03,24.200000762939453,24.399999618530273,23.600000381469727,24.020000457763672,24.020000457763672,175800
2002-12-04,23.75,23.75,23.149999618530273,23.399999618530273,23.399999618530273,94400
2002-12-05,23.59000015258789,23.59000015258789,22.0,22.709999084472656,22.709999084472656,81900
2002-12-06,22.31999969482422,23.399999618530273,22.31999969482422,23.3700008392334,23.3700008392334,80600
2002-12-09,23.530000686645508,23.530000686645508,22.079999923706055,22.079999923706055,22.079999923706055,78900
2002-12-10,22.200000762939453,22.420000076293945,21.889999389648438,22.030000686645508,22.030000686645508,56300
2002-12-11,21.989999771118164,22.56999969482422,21.889999389648438,22.219999313354492,22.219999313354492,86200
2002-12-12,22.049999237060547,22.459999084472656,21.559999465942383,21.8700008392334,21.8700008392334,63300
2002-12-13,21.950000762939453,21.950000762939453,21.200000762939453,21.350000381469727,21.350000381469727,41900
2002-12-16,21.030000686645508,21.40999984741211,20.889999389648438,21.40999984741211,21.40999984741211,120600
2002-12-17,21.420000076293945,21.84000015258789,21.299999237060547,21.6200008392334,21.6200008392334,80400
2002-12-18,21.459999084472656,21.459999084472656,20.959999084472656,21.059999465942383,21.059999465942383,73400
2002-12-19,21.299999237060547,22.200000762939453,21.299999237060547,21.920000076293945,21.920000076293945,96800
2002-12-20,22.149999618530273,22.350000381469727,21.5,21.989999771118164,21.989999771118164,75900
2002-12-23,21.940000534057617,22.299999237060547,21.600000381469727,22.06999969482422,22.06999969482422,96900
2002-12-24,22.170000076293945,22.450000762939453,22.15999984741211,22.260000228881836,22.260000228881836,17600
2002-12-26,22.25,22.530000686645508,21.860000610351562,22.110000610351562,22.110000610351562,86500
2002-12-27,22.079999923706055,22.079999923706055,21.1200008392334,21.440000534057617,21.440000534057617,56500
2002-12-30,21.25,21.829999923706055,20.760000228881836,21.059999465942383,21.059999465942383,145600
2002-12-31,21.079999923706055,22.059999465942383,21.06999969482422,21.5,21.5,114100
2003-01-02,21.360000610351562,21.75,20.59000015258789,21.719999313354492,21.719999313354492,99800
2003-01-03,21.700000762939453,21.700000762939453,21.100000381469727,21.200000762939453,21.200000762939453,65800
2003-01-06,21.149999618530273,21.440000534057617,20.709999084472656,21.09000015258789,21.09000015258789,171500
2003-01-07,20.8799991607666,21.190000534057617,19.790000915527344,19.8799991607666,19.8799991607666,199900
2003-01-08,19.790000915527344,19.84000015258789,18.219999313354492,18.600000381469727,18.600000381469727,251500
2003-01-09,18.360000610351562,18.739999771118164,18.040000915527344,18.299999237060547,18.299999237060547,243200
2003-01-10,18.09000015258789,18.3799991607666,17.799999237060547,18.020000457763672,18.020000457763672,129100
2003-01-13,18.020000457763672,18.190000534057617,16.65999984741211,16.809999465942383,16.809999465942383,282100
2003-01-14,16.610000610351562,16.950000762939453,16.1200008392334,16.600000381469727,16.600000381469727,205300
2003-01-15,16.290000915527344,16.690000534057617,15.5600004196167,15.880000114440918,15.880000114440918,198400
2003-01-16,16.049999237060547,16.600000381469727,15.850000381469727,15.899999618530273,15.899999618530273,112100
2003-01-17,15.869999885559082,16.139999389648438,15.479999542236328,15.539999961853027,15.539999961853027,107000
2003-01-21,15.510000228881836,15.539999961853027,14.859999656677246,14.930000305175781,14.930000305175781,270900
2003-01-22,14.869999885559082,14.930000305175781,14.5,14.539999961853027,14.539999961853027,130700
2003-01-23,14.600000381469727,14.789999961853027,14.4399995803833,14.760000228881836,14.760000228881836,185200
2003-01-24,14.5,14.579999923706055,14.039999961853027,14.149999618530273,14.149999618530273,169300
2003-01-27,13.949999809265137,14.079999923706055,13.34000015258789,13.390000343322754,13.390000343322754,151900
2003-01-28,13.390000343322754,14.149999618530273,13.229999542236328,13.869999885559082,13.869999885559082,175100
2003-01-29,13.75,14.899999618530273,13.489999771118164,14.399999618530273,14.399999618530273,204900
2003-01-30,14.449999809265137,15.640000343322754,14.3100004196167,14.319999694824219,14.319999694824219,275300
2003-01-31,9.279999732971191,9.510000228881836,8.100000381469727,8.359999656677246,8.359999656677246,2255800
2003-02-03,8.890000343322754,8.890000343322754,7.829999923706055,7.900000095367432,7.900000095367432,794700
2003-02-04,7.849999904632568,7.929999828338623,6.820000171661377,7.239999771118164,7.239999771118164,1333000
2003-02-05,7.25,7.449999809265137,7.019999980926514,7.090000152587891,7.090000152587891,410300
2003-02-06,7.0,7.440000057220459,6.96999979019165,7.039999961853027,7.039999961853027,279200
2003-02-07,7.119999885559082,7.329999923706055,6.849999904632568,7.039999961853027,7.039999961853027,233200
2003-02-10,7.059999942779541,7.300000190734863,6.909999847412109,7.210000038146973,7.210000038146973,226400
2003-02-11,7.150000095367432,7.340000152587891,7.0,7.019999980926514,7.019999980926514,249600
2003-02-12,7.03000020980835,7.170000076293945,6.980000019073486,7.010000228881836,7.010000228881836,123100
2003-02-13,7.03000020980835,7.369999885559082,6.940000057220459,7.130000114440918,7.130000114440918,220500
2003-02-14,7.099999904632568,7.199999809265137,6.849999904632568,6.989999771118164,6.989999771118164,205300
2003-02-18,7.0,7.03000020980835,6.610000133514404,6.820000171661377,6.820000171661377,146600
2003-02-19,6.800000190734863,6.940000057220459,6.559999942779541,6.690000057220459,6.690000057220459,100800
2003-02-20,6.769999980926514,6.889999866485596,6.670000076293945,6.699999809265137,6.699999809265137,107800
2003-02-21,6.789999961853027,6.889999866485596,6.690000057220459,6.840000152587891,6.840000152587891,105700
2003-02-24,6.840000152587891,6.880000114440918,6.639999866485596,6.659999847412109,6.659999847412109,117800
2003-02-25,6.75,6.980000019073486,6.449999809265137,6.800000190734863,6.800000190734863,152800
2003-02-26,7.53000020980835,7.980000019073486,6.940000057220459,6.980000019073486,6.980000019073486,225900
2003-02-27,6.989999771118164,7.139999866485596,6.920000076293945,6.920000076293945,6.920000076293945,57700
2003-02-28,6.940000057220459,6.949999809265137,6.699999809265137,6.75,6.75,127100
2003-03-03,6.840000152587891,6.960000038146973,6.739999771118164,6.789999961853027,6.789999961853027,116500
2003-03-04,7.199999809265137,7.199999809265137,6.550000190734863,6.659999847412109,6.659999847412109,119400
2003-03-05,6.539999961853027,6.579999923706055,6.380000114440918,6.400000095367432,6.400000095367432,274000
2003-03-06,6.429999828338623,6.429999828338623,5.849999904632568,5.929999828338623,5.929999828338623,91000
2003-03-07,5.679999828338623,5.75,5.53000020980835,5.590000152587891,5.590000152587891,114200
2003-03-10,5.5,5.699999809265137,5.289999961853027,5.659999847412109,5.659999847412109,156500
2003-03-11,5.699999809265137,6.0,5.619999885559082,5.849999904632568,5.849999904632568,175600
2003-03-12,5.849999904632568,5.960000038146973,5.789999961853027,5.829999923706055,5.829999923706055,163500
2003-03-13,5.909999847412109,6.190000057220459,5.909999847412109,6.170000076293945,6.170000076293945,104500
2003-03-14,6.170000076293945,6.309999942779541,6.070000171661377,6.190000057220459,6.190000057220459,90500
2003-03-17,6.389999866485596,7.0,6.309999942779541,6.920000076293945,6.920000076293945,257300
2003-03-18,6.75,7.090000152587891,6.739999771118164,7.0,7.0,96900
2003-03-19,7.039999961853027,7.679999828338623,7.0,7.409999847412109,7.409999847412109,366700
2003-03-20,7.349999904632568,8.0600004196167,7.110000133514404,7.880000114440918,7.880000114440918,357500
2003-03-21,8.069999694824219,8.359999656677246,7.929999828338623,8.149999618530273,8.149999618530273,126300
2003-03-24,8.489999771118164,8.5,8.020000457763672,8.40999984741211,8.40999984741211,164500
2003-03-25,8.1899995803833,8.75,8.0,8.350000381469727,8.350000381469727,239300
2003-03-26,8.529999732971191,8.59000015258789,7.900000095367432,8.09000015258789,8.09000015258789,175400
2003-03-27,8.069999694824219,8.149999618530273,7.900000095367432,8.09000015258789,8.09000015258789,57100
2003-03-28,8.119999885559082,8.359999656677246,8.039999961853027,8.149999618530273,8.149999618530273,105000
2003-03-31,8.350000381469727,9.850000381469727,8.260000228881836,8.800000190734863,8.800000190734863,352200
2003-04-01,9.039999961853027,9.149999618530273,8.350000381469727,8.609999656677246,8.609999656677246,121600
2003-04-02,8.699999809265137,9.300000190734863,8.699999809265137,8.9399995803833,8.9399995803833,114600
2003-04-03,9.050000190734863,9.239999771118164,8.8100004196167,8.880000114440918,8.880000114440918,172400
2003-04-04,8.920000076293945,8.920000076293945,8.489999771118164,8.5,8.5,67700
2003-04-07,8.630000114440918,8.949999809265137,8.420000076293945,8.420000076293945,8.420000076293945,54300
2003-04-08,8.529999732971191,8.770000457763672,8.420000076293945,8.75,8.75,58100
2003-04-09,8.720000267028809,8.90999984741211,8.430000305175781,8.529999732971191,8.529999732971191,58000
2003-04-10,8.449999809265137,8.569999694824219,8.029999732971191,8.34000015258789,8.34000015258789,134400
2003-04-11,8.350000381469727,8.699999809265137,8.350000381469727,8.4399995803833,8.4399995803833,75900
2003-04-14,8.270000457763672,8.829999923706055,8.210000038146973,8.539999961853027,8.539999961853027,65700
2003-04-15,8.59000015258789,8.75,8.420000076293945,8.75,8.75,52000
2003-04-16,8.829999923706055,8.829999923706055,7.75,8.0600004196167,8.0600004196167,134000
2003-04-17,8.270000457763672,8.550000190734863,8.210000038146973,8.5,8.5,56200
2003-04-21,8.609999656677246,8.649999618530273,8.420000076293945,8.539999961853027,8.539999961853027,36500
2003-04-22,8.550000190734863,8.970000267028809,8.5,8.9399995803833,8.9399995803833,79100
2003-04-23,8.899999618530273,9.0,8.670000076293945,8.75,8.75,74900
2003-04-24,8.699999809265137,8.779999732971191,8.649999618530273,8.729999542236328,8.729999542236328,71500
2003-04-25,8.75,8.75,8.390000343322754,8.399999618530273,8.399999618530273,95100
2003-04-28,8.399999618530273,8.6899995803833,8.399999618530273,8.6899995803833,8.6899995803833,37700
2003-04-29,8.520000457763672,8.529999732971191,7.980000019073486,8.239999771118164,8.239999771118164,244500
2003-04-30,8.109999656677246,8.170000076293945,7.860000133514404,8.100000381469727,8.100000381469727,90900
2003-05-01,8.039999961853027,8.140000343322754,7.610000133514404,8.079999923706055,8.079999923706055,70100
2003-05-02,7.900000095367432,8.100000381469727,7.900000095367432,8.029999732971191,8.029999732971191,68100
2003-05-05,7.989999771118164,8.25,7.960000038146973,8.15999984741211,8.15999984741211,54900
2003-05-06,8.029999732971191,8.15999984741211,7.949999809265137,7.949999809265137,7.949999809265137,90400
2003-05-07,8.050000190734863,8.270000457763672,7.900000095367432,8.210000038146973,8.210000038146973,113900
2003-05-08,8.210000038146973,8.729999542236328,8.050000190734863,8.460000038146973,8.460000038146973,194700
2003-05-09,8.449999809265137,8.760000228881836,8.449999809265137,8.729999542236328,8.729999542236328,126400
2003-05-12,8.779999732971191,8.779999732971191,8.550000190734863,8.600000381469727,8.600000381469727,62600
2003-05-13,8.6899995803833,8.75,8.569999694824219,8.609999656677246,8.609999656677246,52900
2003-05-14,8.569999694824219,9.350000381469727,8.569999694824219,9.220000267028809,9.220000267028809,133700
2003-05-15,9.109999656677246,9.569999694824219,9.109999656677246,9.5,9.5,105700
2003-05-16,9.220000267028809,9.699999809265137,9.210000038146973,9.329999923706055,9.329999923706055,81600
2003-05-19,9.550000190734863,9.59000015258789,8.949999809265137,8.949999809265137,8.949999809265137,158100
2003-05-20,8.970000267028809,9.149999618530273,8.949999809265137,9.010000228881836,9.010000228881836,62700
2003-05-21,9.010000228881836,9.199999809265137,9.0,9.079999923706055,9.079999923706055,48100
2003-05-22,9.079999923706055,9.239999771118164,8.949999809265137,8.989999771118164,8.989999771118164,44400
2003-05-23,9.100000381469727,9.34000015258789,9.0,9.279999732971191,9.279999732971191,82000
2003-05-27,9.329999923706055,10.0,9.180000305175781,9.649999618530273,9.649999618530273,138400
2003-05-28,9.899999618530273,11.970000267028809,9.84000015258789,11.789999961853027,11.789999961853027,331700
2003-05-29,12.0,13.199999809265137,11.819999694824219,12.050000190734863,12.050000190734863,422100
2003-05-30,12.039999961853027,12.180000305175781,11.119999885559082,11.289999961853027,11.289999961853027,145600
2003-06-02,11.470000267028809,12.180000305175781,11.300000190734863,11.510000228881836,11.510000228881836,125700
2003-06-03,11.399999618530273,11.670000076293945,11.100000381469727,11.489999771118164,11.489999771118164,101000
2003-06-04,11.5,11.5,11.300000190734863,11.359999656677246,11.359999656677246,112600
2003-06-05,10.319999694824219,10.850000381469727,9.819999694824219,10.699999809265137,10.699999809265137,469700
2003-06-06,9.760000228881836,9.850000381469727,8.649999618530273,9.300000190734863,9.300000190734863,4655600
2003-06-09,9.270000457763672,9.300000190734863,8.949999809265137,9.050000190734863,9.050000190734863,334400
2003-06-10,9.140000343322754,9.25,9.0,9.140000343322754,9.140000343322754,282800
2003-06-11,9.1899995803833,9.550000190734863,9.119999885559082,9.399999618530273,9.399999618530273,261600
2003-06-12,9.649999618530273,9.649999618530273,9.0600004196167,9.140000343322754,9.140000343322754,163800
2003-06-13,9.079999923706055,9.130000114440918,8.350000381469727,8.399999618530273,8.399999618530273,645600
2003-06-16,8.380000114440918,8.5,7.650000095367432,8.130000114440918,8.130000114440918,516700
2003-06-17,8.140000343322754,8.479999542236328,7.880000114440918,7.900000095367432,7.900000095367432,240000
2003-06-18,7.96999979019165,8.199999809265137,7.630000114440918,7.730000019073486,7.730000019073486,421900
2003-06-19,7.639999866485596,7.809999942779541,7.230000019073486,7.309999942779541,7.309999942779541,306800
2003-06-20,7.409999847412109,7.710000038146973,7.260000228881836,7.690000057220459,7.690000057220459,400500
2003-06-23,7.71999979019165,7.769999980926514,7.329999923706055,7.340000152587891,7.340000152587891,293800
2003-06-24,7.489999771118164,7.889999866485596,7.340000152587891,7.559999942779541,7.559999942779541,339000
2003-06-25,7.599999904632568,7.889999866485596,7.510000228881836,7.610000133514404,7.610000133514404,283700
2003-06-26,7.630000114440918,7.789999961853027,7.460000038146973,7.590000152587891,7.590000152587891,227800
2003-06-27,7.5,7.809999942779541,7.5,7.699999809265137,7.699999809265137,289600
2003-06-30,7.650000095367432,7.829999923706055,7.5,7.519999980926514,7.519999980926514,592000
2003-07-01,7.699999809265137,7.900000095367432,7.460000038146973,7.860000133514404,7.860000133514404,437400
2003-07-02,7.849999904632568,8.0,7.619999885559082,7.849999904632568,7.849999904632568,344100
2003-07-03,8.0,8.0,7.519999980926514,7.550000190734863,7.550000190734863,161700
2003-07-07,7.519999980926514,7.800000190734863,7.519999980926514,7.599999904632568,7.599999904632568,215100
2003-07-08,7.630000114440918,8.0,7.510000228881836,7.909999847412109,7.909999847412109,188200
2003-07-09,7.989999771118164,8.0,7.619999885559082,7.789999961853027,7.789999961853027,121000
2003-07-10,7.789999961853027,7.889999866485596,7.550000190734863,7.579999923706055,7.579999923706055,84700
2003-07-11,7.650000095367432,7.670000076293945,7.360000133514404,7.409999847412109,7.409999847412109,330300
2003-07-14,7.519999980926514,7.639999866485596,7.369999885559082,7.519999980926514,7.519999980926514,172800
2003-07-15,7.590000152587891,8.0,7.550000190734863,7.679999828338623,7.679999828338623,256400
2003-07-16,7.679999828338623,7.820000171661377,7.449999809265137,7.46999979019165,7.46999979019165,88300
2003-07-17,7.449999809265137,7.5,7.239999771118164,7.260000228881836,7.260000228881836,167500
2003-07-18,7.420000076293945,7.900000095367432,7.300000190734863,7.46999979019165,7.46999979019165,208300
2003-07-21,7.550000190734863,7.599999904632568,7.199999809265137,7.239999771118164,7.239999771118164,113500
2003-07-22,7.239999771118164,7.5,7.050000190734863,7.28000020980835,7.28000020980835,564300
2003-07-23,7.579999923706055,8.229999542236328,7.199999809265137,7.579999923706055,7.579999923706055,851000
2003-07-24,7.579999923706055,7.75,7.099999904632568,7.340000152587891,7.340000152587891,224400
2003-07-25,7.340000152587891,7.599999904632568,7.300000190734863,7.369999885559082,7.369999885559082,130200
2003-07-28,7.300000190734863,7.590000152587891,7.300000190734863,7.460000038146973,7.460000038146973,142100
2003-07-29,7.599999904632568,7.599999904632568,7.300000190734863,7.409999847412109,7.409999847412109,68800
2003-07-30,7.349999904632568,7.550000190734863,7.349999904632568,7.480000019073486,7.480000019073486,56500
2003-07-31,7.5,7.639999866485596,7.349999904632568,7.489999771118164,7.489999771118164,131400
2003-08-01,7.400000095367432,7.420000076293945,7.170000076293945,7.190000057220459,7.190000057220459,101300
2003-08-04,7.150000095367432,7.420000076293945,7.050000190734863,7.139999866485596,7.139999866485596,160300
2003-08-05,7.039999961853027,7.28000020980835,6.800000190734863,6.909999847412109,6.909999847412109,147500
2003-08-06,7.059999942779541,7.059999942779541,6.730000019073486,6.800000190734863,6.800000190734863,115600
2003-08-07,6.849999904632568,6.909999847412109,6.610000133514404,6.659999847412109,6.659999847412109,130200
2003-08-08,6.760000228881836,7.0,6.659999847412109,6.900000095367432,6.900000095367432,99500
2003-08-11,6.909999847412109,7.139999866485596,6.900000095367432,7.019999980926514,7.019999980926514,162600
2003-08-12,6.949999809265137,7.199999809265137,6.949999809265137,7.199999809265137,7.199999809265137,199600
2003-08-13,7.260000228881836,7.360000133514404,7.050000190734863,7.25,7.25,270800
2003-08-14,7.119999885559082,7.269999980926514,7.119999885559082,7.25,7.25,76200
2003-08-15,7.289999961853027,7.400000095367432,7.150000095367432,7.170000076293945,7.170000076293945,52100
2003-08-18,7.389999866485596,7.389999866485596,7.179999828338623,7.300000190734863,7.300000190734863,125300
2003-08-19,7.329999923706055,7.440000057220459,7.300000190734863,7.409999847412109,7.409999847412109,231600
2003-08-20,7.260000228881836,7.489999771118164,7.260000228881836,7.380000114440918,7.380000114440918,100600
2003-08-21,7.449999809265137,7.599999904632568,7.340000152587891,7.46999979019165,7.46999979019165,146200
2003-08-22,7.550000190734863,7.610000133514404,7.449999809265137,7.480000019073486,7.480000019073486,139100
2003-08-25,7.5,7.550000190734863,7.400000095367432,7.53000020980835,7.53000020980835,88800
2003-08-26,7.550000190734863,7.550000190734863,7.389999866485596,7.489999771118164,7.489999771118164,49400
2003-08-27,7.449999809265137,7.550000190734863,7.449999809265137,7.489999771118164,7.489999771118164,70500
2003-08-28,7.5,7.639999866485596,7.46999979019165,7.610000133514404,7.610000133514404,250800
2003-08-29,7.639999866485596,7.800000190734863,7.510000228881836,7.619999885559082,7.619999885559082,117800
2003-09-02,7.670000076293945,7.739999771118164,7.550000190734863,7.670000076293945,7.670000076293945,115100
2003-09-03,7.739999771118164,7.75,7.570000171661377,7.710000038146973,7.710000038146973,84900
2003-09-04,7.480000019073486,7.840000152587891,4.550000190734863,5.289999961853027,5.289999961853027,4057200
2003-09-05,5.289999961853027,5.449999809265137,5.199999809265137,5.269999980926514,5.269999980926514,1514300
2003-09-08,5.360000133514404,5.460000038146973,5.300000190734863,5.360000133514404,5.360000133514404,561600
2003-09-09,5.360000133514404,5.440000057220459,5.300000190734863,5.400000095367432,5.400000095367432,443900
2003-09-10,5.440000057220459,5.440000057220459,5.309999942779541,5.360000133514404,5.360000133514404,355800
2003-09-11,5.449999809265137,5.449999809265137,5.320000171661377,5.380000114440918,5.380000114440918,267500
2003-09-12,5.309999942779541,5.400000095367432,5.28000020980835,5.380000114440918,5.380000114440918,284700
2003-09-15,5.400000095367432,5.420000076293945,5.28000020980835,5.309999942779541,5.309999942779541,244700
2003-09-16,5.289999961853027,5.369999885559082,5.210000038146973,5.230000019073486,5.230000019073486,368800
2003-09-17,5.239999771118164,5.25,5.050000190734863,5.099999904632568,5.099999904632568,315800
2003-09-18,5.090000152587891,5.139999866485596,5.050000190734863,5.099999904632568,5.099999904632568,279300
2003-09-19,5.199999809265137,5.21999979019165,5.059999942779541,5.130000114440918,5.130000114440918,279200
2003-09-22,5.190000057220459,5.21999979019165,5.050000190734863,5.070000171661377,5.070000171661377,221300
2003-09-23,5.139999866485596,5.380000114440918,5.130000114440918,5.260000228881836,5.260000228881836,473100
2003-09-24,5.369999885559082,5.389999866485596,5.210000038146973,5.210000038146973,5.210000038146973,318600
2003-09-25,5.210000038146973,5.230000019073486,4.980000019073486,5.010000228881836,5.010000228881836,371400
2003-09-26,4.940000057220459,5.019999980926514,4.570000171661377,4.730000019073486,4.730000019073486,463900
2003-09-29,4.699999809265137,4.809999942779541,4.630000114440918,4.679999828338623,4.679999828338623,182100
2003-09-30,4.679999828338623,4.820000171661377,4.619999885559082,4.639999866485596,4.639999866485596,138000
2003-10-01,4.690000057220459,4.78000020980835,4.610000133514404,4.699999809265137,4.699999809265137,966200
2003-10-02,4.789999961853027,5.230000019073486,4.690000057220459,5.179999828338623,5.179999828338623,1529200
2003-10-03,5.409999847412109,5.489999771118164,5.150000095367432,5.170000076293945,5.170000076293945,369200
2003-10-06,5.25,5.269999980926514,4.920000076293945,5.079999923706055,5.079999923706055,162300
2003-10-07,5.03000020980835,5.28000020980835,5.0,5.210000038146973,5.210000038146973,116700
2003-10-08,5.159999847412109,5.239999771118164,5.019999980926514,5.090000152587891,5.090000152587891,108300
2003-10-09,5.159999847412109,5.199999809265137,5.039999961853027,5.059999942779541,5.059999942779541,139400
2003-10-10,5.079999923706055,5.150000095367432,5.0,5.019999980926514,5.019999980926514,143100
2003-10-13,5.03000020980835,5.119999885559082,5.0,5.099999904632568,5.099999904632568,94500
2003-10-14,5.099999904632568,5.150000095367432,4.949999809265137,5.099999904632568,5.099999904632568,92500
2003-10-15,5.099999904632568,5.150000095367432,5.019999980926514,5.119999885559082,5.119999885559082,140900
2003-10-16,4.71999979019165,4.71999979019165,4.300000190734863,4.340000152587891,4.340000152587891,881000
2003-10-17,4.300000190734863,4.570000171661377,4.28000020980835,4.489999771118164,4.489999771118164,323100
2003-10-20,4.539999961853027,4.539999961853027,4.380000114440918,4.449999809265137,4.449999809265137,149900
2003-10-21,4.400000095367432,4.5,4.360000133514404,4.369999885559082,4.369999885559082,156300
2003-10-22,4.360000133514404,4.369999885559082,4.170000076293945,4.190000057220459,4.190000057220459,211500
2003-10-23,4.239999771118164,4.400000095367432,4.199999809265137,4.389999866485596,4.389999866485596,185000
2003-10-24,4.420000076293945,4.429999828338623,4.28000020980835,4.309999942779541,4.309999942779541,152600
2003-10-27,4.400000095367432,4.5,4.309999942779541,4.349999904632568,4.349999904632568,101400
2003-10-28,4.420000076293945,4.5,4.349999904632568,4.460000038146973,4.460000038146973,66900
2003-10-29,4.420000076293945,4.460000038146973,4.369999885559082,4.400000095367432,4.400000095367432,47200
2003-10-30,4.380000114440918,4.449999809265137,4.25,4.369999885559082,4.369999885559082,83700
2003-10-31,4.420000076293945,4.5,4.309999942779541,4.489999771118164,4.489999771118164,171500
2003-11-03,4.429999828338623,4.639999866485596,4.429999828338623,4.599999904632568,4.599999904632568,161700
2003-11-04,4.579999923706055,4.639999866485596,4.349999904632568,4.5,4.5,177900
2003-11-05,4.46999979019165,4.489999771118164,4.349999904632568,4.400000095367432,4.400000095367432,75500
2003-11-06,4.460000038146973,4.480000019073486,4.300000190734863,4.349999904632568,4.349999904632568,94400
2003-11-07,4.369999885559082,4.380000114440918,4.300000190734863,4.349999904632568,4.349999904632568,70600
2003-11-10,4.389999866485596,4.480000019073486,4.289999961853027,4.400000095367432,4.400000095367432,76900
2003-11-11,4.400000095367432,4.429999828338623,4.230000019073486,4.300000190734863,4.300000190734863,94400
2003-11-12,4.230000019073486,4.380000114440918,4.230000019073486,4.329999923706055,4.329999923706055,96200
2003-11-13,4.300000190734863,4.329999923706055,4.199999809265137,4.25,4.25,62600
2003-11-14,4.210000038146973,4.269999980926514,4.190000057220459,4.230000019073486,4.230000019073486,121100
2003-11-17,4.210000038146973,4.269999980926514,4.090000152587891,4.099999904632568,4.099999904632568,185300
2003-11-18,4.190000057220459,4.190000057220459,3.990000009536743,4.010000228881836,4.010000228881836,92000
2003-11-19,4.0,4.090000152587891,3.950000047683716,3.9800000190734863,3.9800000190734863,126500
2003-11-20,4.0,4.010000228881836,3.6500000953674316,3.7100000381469727,3.7100000381469727,325500
2003-11-21,3.7899999618530273,3.869999885559082,3.619999885559082,3.6500000953674316,3.6500000953674316,160700
2003-11-24,3.6600000858306885,3.7899999618530273,3.609999895095825,3.680000066757202,3.680000066757202,192600
2003-11-25,3.6600000858306885,3.700000047683716,3.5,3.5899999141693115,3.5899999141693115,220100
2003-11-26,3.5899999141693115,3.630000114440918,3.4200000762939453,3.5199999809265137,3.5199999809265137,208200
2003-11-28,3.549999952316284,3.549999952316284,3.4000000953674316,3.4000000953674316,3.4000000953674316,154800
2003-12-01,3.4700000286102295,3.7300000190734863,3.4100000858306885,3.7300000190734863,3.7300000190734863,246100
2003-12-02,3.7699999809265137,3.7699999809265137,3.5399999618530273,3.6500000953674316,3.6500000953674316,126500
2003-12-03,3.5999999046325684,3.7799999713897705,3.5999999046325684,3.680000066757202,3.680000066757202,161600
2003-12-04,3.609999895095825,3.799999952316284,3.609999895095825,3.759999990463257,3.759999990463257,256200
2003-12-05,3.759999990463257,3.9000000953674316,3.759999990463257,3.799999952316284,3.799999952316284,227600
2003-12-08,3.8499999046325684,3.9000000953674316,3.75,3.9000000953674316,3.9000000953674316,128500
2003-12-09,3.9000000953674316,3.9000000953674316,3.680000066757202,3.7100000381469727,3.7100000381469727,176800
2003-12-10,3.7300000190734863,3.869999885559082,3.680000066757202,3.859999895095825,3.859999895095825,164800
2003-12-11,3.869999885559082,4.730000019073486,3.799999952316284,4.199999809265137,4.199999809265137,417100
2003-12-12,4.230000019073486,4.269999980926514,3.880000114440918,4.0,4.0,227600
2003-12-15,4.239999771118164,4.239999771118164,3.880000114440918,3.9200000762939453,3.9200000762939453,142900
2003-12-16,3.8499999046325684,3.9600000381469727,3.8499999046325684,3.880000114440918,3.880000114440918,96700
2003-12-17,3.859999895095825,4.0,3.859999895095825,3.9100000858306885,3.9100000858306885,103000
2003-12-18,3.9000000953674316,4.010000228881836,3.9000000953674316,3.950000047683716,3.950000047683716,101300
2003-12-19,4.039999961853027,4.079999923706055,3.9000000953674316,4.070000171661377,4.070000171661377,165700
2003-12-22,4.010000228881836,4.199999809265137,4.010000228881836,4.199999809265137,4.199999809265137,192300
2003-12-23,4.239999771118164,4.429999828338623,4.119999885559082,4.420000076293945,4.420000076293945,273400
2003-12-24,4.400000095367432,4.5,4.300000190734863,4.349999904632568,4.349999904632568,82800
2003-12-26,4.449999809265137,4.46999979019165,4.360000133514404,4.440000057220459,4.440000057220459,65600
2003-12-29,4.429999828338623,4.75,4.400000095367432,4.75,4.75,315700
2003-12-30,4.710000038146973,4.789999961853027,4.610000133514404,4.679999828338623,4.679999828338623,204600
2003-12-31,4.599999904632568,4.699999809265137,4.409999847412109,4.539999961853027,4.539999961853027,234300
2004-01-02,4.590000152587891,4.730000019073486,4.449999809265137,4.5,4.5,177600
2004-01-05,4.579999923706055,4.590000152587891,4.380000114440918,4.429999828338623,4.429999828338623,212900
2004-01-06,4.440000057220459,4.449999809265137,4.210000038146973,4.300000190734863,4.300000190734863,154600
2004-01-07,4.300000190734863,4.349999904632568,4.210000038146973,4.289999961853027,4.289999961853027,109900
2004-01-08,4.340000152587891,4.349999904632568,4.230000019073486,4.289999961853027,4.289999961853027,122400
2004-01-09,4.329999923706055,4.400000095367432,4.170000076293945,4.170000076293945,4.170000076293945,176800
2004-01-12,4.190000057220459,4.349999904632568,4.159999847412109,4.300000190734863,4.300000190734863,118000
2004-01-13,4.25,4.5,4.25,4.489999771118164,4.489999771118164,167000
2004-01-14,4.510000228881836,4.650000095367432,4.420000076293945,4.570000171661377,4.570000171661377,150900
2004-01-15,4.590000152587891,4.590000152587891,4.349999904632568,4.429999828338623,4.429999828338623,116100
2004-01-16,4.409999847412109,4.610000133514404,4.409999847412109,4.559999942779541,4.559999942779541,122800
2004-01-20,4.590000152587891,4.949999809265137,4.590000152587891,4.710000038146973,4.710000038146973,279400
2004-01-21,4.800000190734863,4.809999942779541,4.570000171661377,4.610000133514404,4.610000133514404,166100
2004-01-22,4.760000228881836,4.760000228881836,4.5,4.519999980926514,4.519999980926514,107500
2004-01-23,4.650000095367432,4.679999828338623,4.5,4.630000114440918,4.630000114440918,73400
2004-01-26,4.599999904632568,4.730000019073486,4.5,4.610000133514404,4.610000133514404,73900
2004-01-27,4.739999771118164,4.739999771118164,4.349999904632568,4.489999771118164,4.489999771118164,160900
2004-01-28,4.599999904632568,4.75,4.380000114440918,4.420000076293945,4.420000076293945,110200
2004-01-29,4.349999904632568,4.590000152587891,4.28000020980835,4.349999904632568,4.349999904632568,140500
2004-01-30,4.420000076293945,4.429999828338623,4.309999942779541,4.329999923706055,4.329999923706055,47100
2004-02-02,4.300000190734863,4.449999809265137,4.25,4.329999923706055,4.329999923706055,134800
2004-02-03,4.349999904632568,4.449999809265137,4.329999923706055,4.349999904632568,4.349999904632568,88100
2004-02-04,4.349999904632568,4.380000114440918,4.210000038146973,4.210000038146973,4.210000038146973,83200
2004-02-05,4.269999980926514,4.340000152587891,4.25,4.25,4.25,69500
2004-02-06,4.349999904632568,4.349999904632568,4.210000038146973,4.239999771118164,4.239999771118164,27700
2004-02-09,4.070000171661377,4.199999809265137,4.0,4.070000171661377,4.070000171661377,119000
2004-02-10,4.010000228881836,4.079999923706055,4.0,4.050000190734863,4.050000190734863,137400
2004-02-11,4.019999980926514,4.119999885559082,4.019999980926514,4.119999885559082,4.119999885559082,61100
2004-02-12,4.079999923706055,4.230000019073486,4.070000171661377,4.070000171661377,4.070000171661377,71600
2004-02-13,4.150000095367432,4.150000095367432,4.0,4.010000228881836,4.010000228881836,70700
2004-02-17,4.070000171661377,4.099999904632568,3.859999895095825,3.9200000762939453,3.9200000762939453,112400
2004-02-18,3.9100000858306885,3.990000009536743,3.880000114440918,3.9000000953674316,3.9000000953674316,93600
2004-02-19,3.950000047683716,4.059999942779541,3.880000114440918,3.880000114440918,3.880000114440918,104300
2004-02-20,3.8499999046325684,3.950000047683716,3.8399999141693115,3.869999885559082,3.869999885559082,108600
2004-02-23,3.950000047683716,4.010000228881836,3.859999895095825,3.880000114440918,3.880000114440918,108400
2004-02-24,3.9000000953674316,3.990000009536743,3.880000114440918,3.880000114440918,3.880000114440918,81700
2004-02-25,3.930000066757202,3.950000047683716,3.7699999809265137,3.890000104904175,3.890000104904175,76400
2004-02-26,3.890000104904175,3.9000000953674316,3.8299999237060547,3.8299999237060547,3.8299999237060547,99900
2004-02-27,3.9100000858306885,3.930000066757202,3.8399999141693115,3.880000114440918,3.880000114440918,81400
2004-03-01,3.950000047683716,3.950000047683716,3.799999952316284,3.859999895095825,3.859999895095825,75700
2004-03-02,3.9100000858306885,3.930000066757202,3.799999952316284,3.799999952316284,3.799999952316284,45500
2004-03-03,3.799999952316284,3.930000066757202,3.75,3.75,3.75,92500
2004-03-04,3.890000104904175,3.9000000953674316,3.799999952316284,3.869999885559082,3.869999885559082,47600
2004-03-05,3.880000114440918,4.090000152587891,3.8499999046325684,4.059999942779541,4.059999942779541,254700
2004-03-08,4.050000190734863,4.099999904632568,3.809999942779541,3.890000104904175,3.890000104904175,213200
2004-03-09,3.8299999237060547,3.930000066757202,3.7899999618530273,3.8499999046325684,3.8499999046325684,60700
2004-03-10,3.8299999237060547,3.869999885559082,3.700000047683716,3.7200000286102295,3.7200000286102295,72500
2004-03-11,3.640000104904175,3.7699999809265137,3.640000104904175,3.7100000381469727,3.7100000381469727,92900
2004-03-12,3.75,3.7899999618530273,3.680000066757202,3.7899999618530273,3.7899999618530273,101600
2004-03-15,3.75,3.8299999237060547,3.690000057220459,3.75,3.75,63900
2004-03-16,3.7100000381469727,3.7899999618530273,3.6700000762939453,3.7699999809265137,3.7699999809265137,72400
2004-03-17,3.700000047683716,3.8499999046325684,3.700000047683716,3.7799999713897705,3.7799999713897705,45300
2004-03-18,3.700000047683716,3.75,3.630000114440918,3.680000066757202,3.680000066757202,79000
2004-03-19,3.7899999618530273,3.869999885559082,3.5399999618530273,3.559999942779541,3.559999942779541,44600
2004-03-22,3.640000104904175,3.640000104904175,3.359999895095825,3.380000114440918,3.380000114440918,59200
2004-03-23,3.4000000953674316,3.5399999618530273,3.3499999046325684,3.4000000953674316,3.4000000953674316,53500
2004-03-24,3.4600000381469727,3.4600000381469727,3.369999885559082,3.4000000953674316,3.4000000953674316,41000
2004-03-25,3.450000047683716,3.5399999618530273,3.440000057220459,3.5,3.5,40800
2004-03-26,3.5399999618530273,3.5399999618530273,3.440000057220459,3.4600000381469727,3.4600000381469727,13000
2004-03-29,3.5399999618530273,3.6700000762939453,3.440000057220459,3.5,3.5,91900
2004-03-30,3.5299999713897705,3.6500000953674316,3.4800000190734863,3.5199999809265137,3.5199999809265137,100800
2004-03-31,3.3399999141693115,3.609999895095825,3.319999933242798,3.4100000858306885,3.4100000858306885,194500
2004-04-01,3.440000057220459,3.700000047683716,3.4000000953674316,3.6700000762939453,3.6700000762939453,74700
2004-04-02,3.8299999237060547,4.050000190734863,3.700000047683716,4.0,4.0,276200
2004-04-05,4.039999961853027,4.230000019073486,4.0,4.110000133514404,4.110000133514404,142000
2004-04-06,4.170000076293945,4.269999980926514,4.119999885559082,4.179999828338623,4.179999828338623,163600
2004-04-07,4.170000076293945,4.210000038146973,4.0,4.010000228881836,4.010000228881836,130400
2004-04-08,4.0,4.050000190734863,3.9100000858306885,3.9600000381469727,3.9600000381469727,62300
2004-04-12,3.9700000286102295,3.9700000286102295,3.799999952316284,3.8299999237060547,3.8299999237060547,39100
2004-04-13,3.880000114440918,3.9000000953674316,3.7100000381469727,3.7100000381469727,3.7100000381469727,100000
2004-04-14,3.6500000953674316,3.7799999713897705,3.640000104904175,3.690000057220459,3.690000057220459,222000
2004-04-15,3.700000047683716,3.8399999141693115,3.690000057220459,3.7100000381469727,3.7100000381469727,94000
2004-04-16,3.7100000381469727,3.75,3.5999999046325684,3.609999895095825,3.609999895095825,84000
2004-04-19,3.5,3.640000104904175,3.450000047683716,3.490000009536743,3.490000009536743,218500
2004-04-20,3.5,3.569999933242798,3.450000047683716,3.5299999713897705,3.5299999713897705,71000
2004-04-21,4.010000228881836,5.5,3.880000114440918,4.0,4.0,2277700
2004-04-22,3.8499999046325684,3.9000000953674316,3.6500000953674316,3.7200000286102295,3.7200000286102295,338000
2004-04-23,3.7699999809265137,4.059999942779541,3.700000047683716,3.9600000381469727,3.9600000381469727,141500
2004-04-26,3.990000009536743,4.239999771118164,3.799999952316284,3.9200000762939453,3.9200000762939453,384600
2004-04-27,3.8499999046325684,4.070000171661377,3.7899999618530273,3.930000066757202,3.930000066757202,174600
2004-04-28,3.880000114440918,3.9200000762939453,3.7799999713897705,3.809999942779541,3.809999942779541,71100
2004-04-29,3.9600000381469727,3.9600000381469727,3.5199999809265137,3.5799999237060547,3.5799999237060547,113400
2004-04-30,3.569999933242798,3.5799999237060547,3.1500000953674316,3.25,3.25,223800
2004-05-03,3.299999952316284,3.5399999618530273,3.2100000381469727,3.4600000381469727,3.4600000381469727,253000
2004-05-04,3.4600000381469727,3.509999990463257,3.299999952316284,3.359999895095825,3.359999895095825,225000
2004-05-05,3.450000047683716,3.450000047683716,3.059999942779541,3.200000047683716,3.200000047683716,261400
2004-05-06,3.299999952316284,3.369999885559082,3.0999999046325684,3.1600000858306885,3.1600000858306885,137600
2004-05-07,3.1500000953674316,3.2100000381469727,3.0799999237060547,3.0999999046325684,3.0999999046325684,124600
2004-05-10,3.140000104904175,3.2899999618530273,3.0999999046325684,3.140000104904175,3.140000104904175,160500
2004-05-11,3.140000104904175,3.2200000286102295,3.0,3.0899999141693115,3.0899999141693115,163400
2004-05-12,3.049999952316284,3.0799999237060547,2.8299999237060547,2.890000104904175,2.890000104904175,231500
2004-05-13,2.809999942779541,2.950000047683716,2.809999942779541,2.8299999237060547,2.8299999237060547,166200
2004-05-14,2.880000114440918,2.9000000953674316,2.7200000286102295,2.7899999618530273,2.7899999618530273,186900
2004-05-17,2.799999952316284,2.799999952316284,2.680000066757202,2.7200000286102295,2.7200000286102295,121400
2004-05-18,2.759999990463257,2.759999990463257,2.690000057220459,2.740000009536743,2.740000009536743,73200
2004-05-19,2.930000066757202,3.3299999237060547,2.299999952316284,2.390000104904175,2.390000104904175,3674600
2004-05-20,2.319999933242798,2.4700000286102295,2.2100000381469727,2.2300000190734863,2.2300000190734863,766800
2004-05-21,2.319999933242798,2.3299999237060547,2.180000066757202,2.25,2.25,235600
2004-05-24,2.4000000953674316,2.4000000953674316,2.180000066757202,2.2200000286102295,2.2200000286102295,185600
2004-05-25,2.200000047683716,2.2899999618530273,2.1500000953674316,2.2899999618530273,2.2899999618530273,326300
2004-05-26,2.359999895095825,2.369999885559082,2.1500000953674316,2.2200000286102295,2.2200000286102295,462100
2004-05-27,2.259999990463257,2.259999990463257,2.0999999046325684,2.0999999046325684,2.0999999046325684,455000
2004-05-28,2.1600000858306885,2.2200000286102295,2.119999885559082,2.1600000858306885,2.1600000858306885,242400
2004-06-01,2.2300000190734863,2.240000009536743,2.130000114440918,2.200000047683716,2.200000047683716,331100
2004-06-02,2.240000009536743,2.3299999237060547,2.180000066757202,2.299999952316284,2.299999952316284,542800
2004-06-03,2.2899999618530273,2.380000114440918,2.2300000190734863,2.25,2.25,384500
2004-06-04,2.319999933242798,2.369999885559082,2.25,2.359999895095825,2.359999895095825,1140800
2004-06-07,2.440000057220459,2.549999952316284,2.380000114440918,2.4800000190734863,2.4800000190734863,446000
2004-06-08,2.5199999809265137,2.5199999809265137,2.299999952316284,2.4200000762939453,2.4200000762939453,330400
2004-06-09,2.390000104904175,2.4200000762939453,2.3299999237060547,2.3499999046325684,2.3499999046325684,129000
2004-06-10,2.3499999046325684,2.390000104904175,2.259999990463257,2.2799999713897705,2.2799999713897705,158800
2004-06-14,2.390000104904175,2.390000104904175,2.25,2.2699999809265137,2.2699999809265137,173700
2004-06-15,2.2699999809265137,2.3299999237060547,2.2100000381469727,2.2300000190734863,2.2300000190734863,305400
2004-06-16,2.319999933242798,2.3499999046325684,2.2300000190734863,2.25,2.25,100400
2004-06-17,2.3399999141693115,2.369999885559082,2.259999990463257,2.259999990463257,2.259999990463257,240400
2004-06-18,2.2300000190734863,2.3299999237060547,2.0999999046325684,2.25,2.25,114400
2004-06-21,2.25,2.359999895095825,2.25,2.2699999809265137,2.2699999809265137,93700
2004-06-22,2.359999895095825,2.359999895095825,2.240000009536743,2.2799999713897705,2.2799999713897705,72700
2004-06-23,2.2799999713897705,2.3499999046325684,2.240000009536743,2.299999952316284,2.299999952316284,180900
2004-06-24,2.3499999046325684,2.3499999046325684,2.259999990463257,2.309999942779541,2.309999942779541,68500
2004-06-25,2.299999952316284,3.25,2.240000009536743,2.2899999618530273,2.2899999618530273,1270400
2004-06-28,2.319999933242798,2.3499999046325684,2.25,2.2799999713897705,2.2799999713897705,162100
2004-06-29,2.319999933242798,2.440000057220459,2.2200000286102295,2.430000066757202,2.430000066757202,307400
2004-06-30,2.4100000858306885,2.430000066757202,2.319999933242798,2.390000104904175,2.390000104904175,75000
2004-07-01,2.319999933242798,2.390000104904175,2.2799999713897705,2.3399999141693115,2.3399999141693115,186200
2004-07-02,2.380000114440918,2.4000000953674316,2.3399999141693115,2.380000114440918,2.380000114440918,76800
2004-07-06,2.319999933242798,2.4200000762939453,2.319999933242798,2.369999885559082,2.369999885559082,119400
2004-07-07,2.390000104904175,2.390000104904175,2.299999952316284,2.3399999141693115,2.3399999141693115,75700
2004-07-08,2.440000057220459,2.440000057220459,2.299999952316284,2.309999942779541,2.309999942779541,36800
2004-07-09,2.299999952316284,2.3399999141693115,2.2699999809265137,2.299999952316284,2.299999952316284,56000
2004-07-12,2.359999895095825,2.359999895095825,2.259999990463257,2.2899999618530273,2.2899999618530273,76900
2004-07-13,2.25,2.359999895095825,2.2200000286102295,2.259999990463257,2.259999990463257,104300
2004-07-14,2.200000047683716,2.259999990463257,2.1700000762939453,2.259999990463257,2.259999990463257,111800
2004-07-15,2.2200000286102295,2.2699999809265137,2.200000047683716,2.2699999809265137,2.2699999809265137,43400
2004-07-16,2.2100000381469727,2.259999990463257,2.200000047683716,2.200000047683716,2.200000047683716,41700
2004-07-19,2.1700000762939453,2.2799999713897705,2.1700000762939453,2.2300000190734863,2.2300000190734863,69600
2004-07-20,2.259999990463257,2.259999990463257,2.1600000858306885,2.190000057220459,2.190000057220459,65800
2004-07-21,2.190000057220459,2.2699999809265137,2.1500000953674316,2.1500000953674316,2.1500000953674316,58500
2004-07-22,2.200000047683716,2.200000047683716,1.7200000286102295,1.940000057220459,1.940000057220459,172100
2004-07-23,1.7100000381469727,1.9700000286102295,1.600000023841858,1.9500000476837158,1.9500000476837158,133400
2004-07-26,1.940000057220459,2.0199999809265137,1.850000023841858,1.850000023841858,1.850000023841858,81300
2004-07-27,1.7899999618530273,1.9700000286102295,1.7100000381469727,1.8899999856948853,1.8899999856948853,131600
2004-07-28,1.9700000286102295,2.2799999713897705,1.8600000143051147,1.9700000286102295,1.9700000286102295,322100
2004-07-29,2.140000104904175,2.1600000858306885,1.9600000381469727,2.1600000858306885,2.1600000858306885,91700
2004-07-30,2.200000047683716,2.2699999809265137,2.0299999713897705,2.1500000953674316,2.1500000953674316,101400
2004-08-02,2.200000047683716,2.200000047683716,2.069999933242798,2.109999895095825,2.109999895095825,38200
2004-08-03,2.059999942779541,2.450000047683716,1.9700000286102295,2.2300000190734863,2.2300000190734863,165700
2004-08-04,2.2699999809265137,2.2699999809265137,2.1700000762939453,2.190000057220459,2.190000057220459,33700
2004-08-05,2.1700000762939453,2.2300000190734863,2.130000114440918,2.1500000953674316,2.1500000953674316,61800
2004-08-06,2.2100000381469727,2.2100000381469727,2.049999952316284,2.049999952316284,2.049999952316284,57300
2004-08-09,2.0199999809265137,2.390000104904175,2.0199999809265137,2.049999952316284,2.049999952316284,64300
2004-08-10,2.049999952316284,2.049999952316284,1.9800000190734863,2.0199999809265137,2.0199999809265137,52300
2004-08-11,1.9900000095367432,2.0399999618530273,1.9299999475479126,2.0399999618530273,2.0399999618530273,53100
2004-08-12,2.0899999141693115,2.0899999141693115,1.9800000190734863,2.049999952316284,2.049999952316284,53100
2004-08-13,2.049999952316284,2.049999952316284,1.9700000286102295,1.9800000190734863,1.9800000190734863,74200
2004-08-16,1.940000057220459,2.0799999237060547,1.940000057220459,1.940000057220459,1.940000057220459,70500
2004-08-17,1.9299999475479126,2.0,1.899999976158142,1.909999966621399,1.909999966621399,79300
2004-08-18,1.9700000286102295,2.0299999713897705,1.9299999475479126,1.9900000095367432,1.9900000095367432,45800
2004-08-19,1.940000057220459,2.0899999141693115,1.899999976158142,2.0799999237060547,2.0799999237060547,89900
2004-08-20,2.0899999141693115,2.1700000762939453,2.049999952316284,2.1600000858306885,2.1600000858306885,58700
2004-08-23,2.0999999046325684,2.1700000762939453,1.9900000095367432,2.0899999141693115,2.0899999141693115,40200
2004-08-24,2.1500000953674316,2.1700000762939453,2.069999933242798,2.1700000762939453,2.1700000762939453,54500
2004-08-25,2.049999952316284,2.25,2.049999952316284,2.130000114440918,2.130000114440918,77100
2004-08-26,2.130000114440918,2.180000066757202,2.119999885559082,2.1700000762939453,2.1700000762939453,19900
2004-08-27,2.180000066757202,2.2300000190734863,2.140000104904175,2.200000047683716,2.200000047683716,49400
2004-08-30,2.190000057220459,2.2100000381469727,2.1600000858306885,2.190000057220459,2.190000057220459,50500
2004-08-31,2.2200000286102295,2.2200000286102295,2.0799999237060547,2.140000104904175,2.140000104904175,58200
2004-09-01,2.1600000858306885,2.190000057220459,2.069999933242798,2.069999933242798,2.069999933242798,33300
2004-09-02,2.140000104904175,2.200000047683716,2.059999942779541,2.130000114440918,2.130000114440918,58500
2004-09-03,2.0999999046325684,2.1500000953674316,2.009999990463257,2.049999952316284,2.049999952316284,29000
2004-09-07,2.0899999141693115,2.130000114440918,2.0299999713897705,2.119999885559082,2.119999885559082,35200
2004-09-08,2.190000057220459,2.190000057220459,2.069999933242798,2.119999885559082,2.119999885559082,27100
2004-09-09,2.0399999618530273,2.1600000858306885,2.0399999618530273,2.0799999237060547,2.0799999237060547,46400
2004-09-10,2.049999952316284,2.109999895095825,2.049999952316284,2.069999933242798,2.069999933242798,67500
2004-09-13,2.0199999809265137,2.1500000953674316,1.8799999952316284,2.0999999046325684,2.0999999046325684,84900
2004-09-14,2.0,2.0999999046325684,2.0,2.0799999237060547,2.0799999237060547,18400
2004-09-15,2.130000114440918,2.140000104904175,2.009999990463257,2.0799999237060547,2.0799999237060547,117500
2004-09-16,2.140000104904175,2.140000104904175,2.059999942779541,2.109999895095825,2.109999895095825,27900
2004-09-17,2.1500000953674316,2.1600000858306885,2.0999999046325684,2.0999999046325684,2.0999999046325684,8100
2004-09-20,2.0399999618530273,2.1500000953674316,2.0399999618530273,2.109999895095825,2.109999895095825,21800
2004-09-21,2.0999999046325684,2.130000114440918,2.049999952316284,2.109999895095825,2.109999895095825,23800
2004-09-22,2.0999999046325684,2.7300000190734863,2.059999942779541,2.4700000286102295,2.4700000286102295,1108600
2004-09-23,2.5199999809265137,2.5899999141693115,2.2799999713897705,2.390000104904175,2.390000104904175,330700
2004-09-24,2.190000057220459,2.4000000953674316,2.1700000762939453,2.2799999713897705,2.2799999713897705,128900
2004-09-27,2.259999990463257,2.309999942779541,2.180000066757202,2.200000047683716,2.200000047683716,80400
2004-09-28,2.1700000762939453,2.3499999046325684,2.1700000762939453,2.319999933242798,2.319999933242798,93800
2004-09-29,2.4000000953674316,2.4200000762939453,2.309999942779541,2.390000104904175,2.390000104904175,102600
2004-09-30,2.4800000190734863,2.490000009536743,2.3499999046325684,2.4100000858306885,2.4100000858306885,81200
2004-10-01,2.4800000190734863,2.549999952316284,2.4000000953674316,2.4000000953674316,2.4000000953674316,218700
2004-10-04,2.4000000953674316,2.5299999713897705,2.259999990463257,2.2699999809265137,2.2699999809265137,126300
2004-10-05,2.2699999809265137,2.4000000953674316,2.2699999809265137,2.2899999618530273,2.2899999618530273,63900
2004-10-06,2.2899999618530273,2.369999885559082,2.25,2.359999895095825,2.359999895095825,37700
2004-10-07,2.369999885559082,2.4000000953674316,2.3399999141693115,2.4000000953674316,2.4000000953674316,29500
2004-10-08,2.2899999618530273,2.450000047683716,2.2899999618530273,2.4100000858306885,2.4100000858306885,54900
2004-10-11,2.25,2.5299999713897705,2.25,2.4800000190734863,2.4800000190734863,89100
2004-10-12,2.5299999713897705,2.5299999713897705,2.3499999046325684,2.4000000953674316,2.4000000953674316,48300
2004-10-13,2.5,2.549999952316284,2.450000047683716,2.450000047683716,2.450000047683716,79500
2004-10-14,2.7200000286102295,2.7200000286102295,2.549999952316284,2.630000114440918,2.630000114440918,172500
2004-10-15,2.630000114440918,2.7799999713897705,2.609999895095825,2.7200000286102295,2.7200000286102295,137700
2004-10-18,2.7699999809265137,2.7699999809265137,2.569999933242798,2.619999885559082,2.619999885559082,102500
2004-10-19,2.5199999809265137,2.640000104904175,2.450000047683716,2.5399999618530273,2.5399999618530273,73400
2004-10-20,2.430000066757202,2.5399999618530273,2.4000000953674316,2.490000009536743,2.490000009536743,88300
2004-10-21,2.509999990463257,2.5899999141693115,2.450000047683716,2.4700000286102295,2.4700000286102295,25700
2004-10-22,2.5,2.609999895095825,2.4200000762939453,2.549999952316284,2.549999952316284,74700
2004-10-25,2.5,2.5899999141693115,2.440000057220459,2.4700000286102295,2.4700000286102295,51100
2004-10-26,2.549999952316284,2.549999952316284,2.4700000286102295,2.490000009536743,2.490000009536743,26600
2004-10-27,2.5399999618530273,2.5399999618530273,2.4600000381469727,2.4600000381469727,2.4600000381469727,33900
2004-10-28,2.450000047683716,2.490000009536743,2.4200000762939453,2.440000057220459,2.440000057220459,38400
2004-10-29,2.4100000858306885,2.4600000381469727,2.359999895095825,2.359999895095825,2.359999895095825,43500
2004-11-01,2.3499999046325684,2.440000057220459,2.3499999046325684,2.440000057220459,2.440000057220459,14800
2004-11-02,2.2699999809265137,2.4800000190734863,2.2100000381469727,2.4700000286102295,2.4700000286102295,42400
2004-11-03,2.490000009536743,2.5199999809265137,2.3499999046325684,2.369999885559082,2.369999885559082,49600
2004-11-04,2.299999952316284,2.4700000286102295,2.299999952316284,2.430000066757202,2.430000066757202,27400
2004-11-05,2.359999895095825,2.5999999046325684,2.359999895095825,2.5299999713897705,2.5299999713897705,78500
2004-11-08,2.5,2.569999933242798,2.5,2.549999952316284,2.549999952316284,36100
2004-11-09,2.549999952316284,2.5999999046325684,2.5299999713897705,2.559999942779541,2.559999942779541,36700
2004-11-10,2.569999933242798,2.640000104904175,2.509999990463257,2.5799999237060547,2.5799999237060547,92900
2004-11-11,2.700000047683716,2.7300000190734863,2.5799999237060547,2.5999999046325684,2.5999999046325684,59200
2004-11-12,2.609999895095825,2.619999885559082,2.559999942779541,2.5899999141693115,2.5899999141693115,63300
2004-11-15,2.509999990463257,2.619999885559082,2.4800000190734863,2.509999990463257,2.509999990463257,84900
2004-11-16,2.440000057220459,2.5399999618530273,2.440000057220459,2.5299999713897705,2.5299999713897705,37000
2004-11-17,2.450000047683716,2.5399999618530273,2.450000047683716,2.5199999809265137,2.5199999809265137,63100
2004-11-18,2.5,2.630000114440918,2.4800000190734863,2.549999952316284,2.549999952316284,86800
2004-11-19,2.7100000381469727,2.7100000381469727,2.5999999046325684,2.6700000762939453,2.6700000762939453,80300
2004-11-22,2.6600000858306885,2.6700000762939453,2.5,2.609999895095825,2.609999895095825,109200
2004-11-23,2.700000047683716,2.700000047683716,2.5899999141693115,2.5899999141693115,2.5899999141693115,48700
2004-11-24,2.559999942779541,2.7100000381469727,2.559999942779541,2.6700000762939453,2.6700000762939453,63600
2004-11-26,2.559999942779541,2.680000066757202,2.559999942779541,2.680000066757202,2.680000066757202,3900
2004-11-29,2.700000047683716,2.700000047683716,2.5999999046325684,2.6500000953674316,2.6500000953674316,45100
2004-11-30,2.6500000953674316,2.6500000953674316,2.5999999046325684,2.630000114440918,2.630000114440918,32700
2004-12-01,2.640000104904175,2.6500000953674316,2.569999933242798,2.569999933242798,2.569999933242798,85700
2004-12-02,2.619999885559082,2.6600000858306885,2.559999942779541,2.6600000858306885,2.6600000858306885,53900
2004-12-03,2.690000057220459,3.0,2.609999895095825,2.9100000858306885,2.9100000858306885,333200
2004-12-06,2.8399999141693115,3.140000104904175,2.8299999237060547,3.0,3.0,321600
2004-12-07,3.0899999141693115,3.130000114440918,2.819999933242798,2.8499999046325684,2.8499999046325684,141700
2004-12-08,2.819999933242798,3.0,2.799999952316284,2.819999933242798,2.819999933242798,86900
2004-12-09,2.880000114440918,3.049999952316284,2.809999942779541,2.890000104904175,2.890000104904175,45600
2004-12-10,2.7899999618530273,3.0399999618530273,2.7899999618530273,3.0,3.0,65300
2004-12-13,3.0,3.25,3.0,3.240000009536743,3.240000009536743,303500
2004-12-14,3.2699999809265137,3.299999952316284,3.109999895095825,3.130000114440918,3.130000114440918,140000
2004-12-15,3.0999999046325684,3.190000057220459,3.069999933242798,3.1600000858306885,3.1600000858306885,84700
2004-12-16,3.049999952316284,3.1600000858306885,2.950000047683716,3.0,3.0,59700
2004-12-17,2.950000047683716,3.059999942779541,2.950000047683716,3.0299999713897705,3.0299999713897705,53200
2004-12-20,3.049999952316284,3.049999952316284,2.9600000381469727,2.9700000286102295,2.9700000286102295,69600
2004-12-21,2.950000047683716,2.9600000381469727,2.809999942779541,2.869999885559082,2.869999885559082,136600
2004-12-22,2.9100000858306885,3.200000047683716,2.9000000953674316,2.9700000286102295,2.9700000286102295,104600
2004-12-23,3.009999990463257,3.069999933242798,2.930000066757202,3.0,3.0,71100
2004-12-27,3.049999952316284,3.240000009536743,2.859999895095825,3.119999885559082,3.119999885559082,127500
2004-12-28,3.1600000858306885,3.25,3.119999885559082,3.1600000858306885,3.1600000858306885,58900
2004-12-29,3.0899999141693115,3.200000047683716,2.940000057220459,2.9700000286102295,2.9700000286102295,121700
2004-12-30,2.9800000190734863,3.0899999141693115,2.9700000286102295,2.990000009536743,2.990000009536743,76100
2004-12-31,3.0399999618530273,3.0399999618530273,2.950000047683716,2.950000047683716,2.950000047683716,69200
2005-01-03,2.950000047683716,3.1700000762939453,2.950000047683716,3.0999999046325684,3.0999999046325684,142400
2005-01-04,3.1500000953674316,3.4700000286102295,3.109999895095825,3.309999942779541,3.309999942779541,362400
2005-01-05,3.380000114440918,3.430000066757202,3.25,3.390000104904175,3.390000104904175,219600
2005-01-06,3.390000104904175,3.440000057220459,3.299999952316284,3.4000000953674316,3.4000000953674316,95700
2005-01-07,3.430000066757202,3.619999885559082,3.380000114440918,3.5,3.5,169600
2005-01-10,3.640000104904175,3.6700000762939453,3.5,3.549999952316284,3.549999952316284,225500
2005-01-11,3.5399999618530273,3.559999942779541,3.299999952316284,3.380000114440918,3.380000114440918,254000
2005-01-12,3.309999942779541,3.430000066757202,3.1600000858306885,3.430000066757202,3.430000066757202,143100
2005-01-13,3.559999942779541,3.559999942779541,3.3399999141693115,3.369999885559082,3.369999885559082,60100
2005-01-14,3.309999942779541,3.450000047683716,3.309999942779541,3.3399999141693115,3.3399999141693115,46500
2005-01-18,3.309999942779541,3.450000047683716,3.309999942779541,3.4200000762939453,3.4200000762939453,79200
2005-01-19,3.440000057220459,3.5199999809265137,3.4200000762939453,3.4800000190734863,3.4800000190734863,79400
2005-01-20,3.5,3.5899999141693115,3.4000000953674316,3.549999952316284,3.549999952316284,71500
2005-01-21,3.5999999046325684,3.5999999046325684,3.4800000190734863,3.4800000190734863,3.4800000190734863,62500
2005-01-24,3.5899999141693115,3.5899999141693115,3.4200000762939453,3.4200000762939453,3.4200000762939453,31700
2005-01-25,3.430000066757202,3.5399999618530273,3.4200000762939453,3.450000047683716,3.450000047683716,45800
2005-01-26,3.5399999618530273,3.5399999618530273,3.3299999237060547,3.430000066757202,3.430000066757202,96000
2005-01-27,3.450000047683716,3.450000047683716,3.369999885559082,3.430000066757202,3.430000066757202,25600
2005-01-28,3.359999895095825,3.4100000858306885,3.200000047683716,3.299999952316284,3.299999952316284,68800
2005-01-31,3.430000066757202,3.5199999809265137,3.2899999618530273,3.450000047683716,3.450000047683716,152400
2005-02-01,3.4200000762939453,3.6500000953674316,3.4200000762939453,3.6500000953674316,3.6500000953674316,154400
2005-02-02,3.6500000953674316,3.859999895095825,3.6500000953674316,3.7699999809265137,3.7699999809265137,177300
2005-02-03,3.950000047683716,4.0,3.6500000953674316,3.890000104904175,3.890000104904175,432100
2005-02-04,3.990000009536743,4.170000076293945,3.880000114440918,4.0,4.0,259700
2005-02-07,4.199999809265137,4.199999809265137,3.75,3.859999895095825,3.859999895095825,244600
2005-02-08,3.9800000190734863,3.9800000190734863,3.75,3.8299999237060547,3.8299999237060547,194000
2005-02-09,3.7699999809265137,3.9100000858306885,3.7699999809265137,3.8499999046325684,3.8499999046325684,71600
2005-02-10,4.039999961853027,4.199999809265137,3.9200000762939453,4.050000190734863,4.050000190734863,258400
2005-02-11,4.099999904632568,4.119999885559082,3.8499999046325684,3.890000104904175,3.890000104904175,112000
2005-02-14,3.9800000190734863,4.150000095367432,3.950000047683716,4.090000152587891,4.090000152587891,273300
2005-02-15,4.099999904632568,4.550000190734863,4.099999904632568,4.550000190734863,4.550000190734863,374300
2005-02-16,4.539999961853027,5.079999923706055,4.510000228881836,4.829999923706055,4.829999923706055,916600
2005-02-17,5.039999961853027,5.059999942779541,4.570000171661377,4.789999961853027,4.789999961853027,373400
2005-02-18,4.900000095367432,4.900000095367432,4.610000133514404,4.679999828338623,4.679999828338623,175500
2005-02-22,4.699999809265137,4.849999904632568,4.639999866485596,4.659999847412109,4.659999847412109,260200
2005-02-23,4.46999979019165,4.800000190734863,4.050000190734863,4.46999979019165,4.46999979019165,314500
2005-02-24,4.389999866485596,4.579999923706055,4.230000019073486,4.53000020980835,4.53000020980835,118300
2005-02-25,4.510000228881836,4.599999904632568,4.400000095367432,4.510000228881836,4.510000228881836,77500
2005-02-28,4.5,4.5,4.349999904632568,4.449999809265137,4.449999809265137,87600
2005-03-01,4.400000095367432,4.730000019073486,4.400000095367432,4.570000171661377,4.570000171661377,116100
2005-03-02,4.5,4.5,4.420000076293945,4.460000038146973,4.460000038146973,92400
2005-03-03,4.519999980926514,4.690000057220459,4.400000095367432,4.5,4.5,121000
2005-03-04,4.619999885559082,4.619999885559082,4.409999847412109,4.429999828338623,4.429999828338623,83500
2005-03-07,4.5,4.5,4.199999809265137,4.300000190734863,4.300000190734863,97300
2005-03-08,4.300000190734863,4.360000133514404,4.21999979019165,4.28000020980835,4.28000020980835,50800
2005-03-09,4.28000020980835,4.300000190734863,4.0,4.150000095367432,4.150000095367432,96800
2005-03-10,4.070000171661377,4.25,3.799999952316284,3.799999952316284,3.799999952316284,206900
2005-03-11,3.740000009536743,3.990000009536743,3.700000047683716,3.819999933242798,3.819999933242798,144100
2005-03-14,3.8499999046325684,3.880000114440918,3.5899999141693115,3.7200000286102295,3.7200000286102295,154300
2005-03-15,3.7200000286102295,3.940000057220459,3.6600000858306885,3.7799999713897705,3.7799999713897705,68900
2005-03-16,3.7799999713897705,3.880000114440918,3.75,3.7899999618530273,3.7899999618530273,44900
2005-03-17,3.7899999618530273,3.9200000762939453,3.6500000953674316,3.740000009536743,3.740000009536743,70600
2005-03-18,3.640000104904175,3.869999885559082,3.640000104904175,3.809999942779541,3.809999942779541,67100
2005-03-21,3.7100000381469727,3.859999895095825,3.690000057220459,3.700000047683716,3.700000047683716,30000
2005-03-22,3.690000057220459,3.7899999618530273,3.640000104904175,3.740000009536743,3.740000009536743,31200
2005-03-23,3.759999990463257,3.7699999809265137,3.5199999809265137,3.549999952316284,3.549999952316284,67400
2005-03-24,3.5,3.5199999809265137,3.200000047683716,3.369999885559082,3.369999885559082,185100
2005-03-28,3.369999885559082,3.5,3.200000047683716,3.319999933242798,3.319999933242798,80000
2005-03-29,3.0999999046325684,3.25,2.930000066757202,3.130000114440918,3.130000114440918,351300
2005-03-30,3.0899999141693115,3.0999999046325684,2.950000047683716,3.049999952316284,3.049999952316284,148200
2005-03-31,3.0,3.0899999141693115,3.0,3.069999933242798,3.069999933242798,94000
2005-04-01,3.0899999141693115,3.259999990463257,3.0399999618530273,3.2200000286102295,3.2200000286102295,44400
2005-04-04,3.130000114440918,3.799999952316284,3.130000114440918,3.740000009536743,3.740000009536743,93200
2005-04-05,3.8499999046325684,3.950000047683716,3.509999990463257,3.869999885559082,3.869999885559082,156200
2005-04-06,3.7699999809265137,3.9000000953674316,3.6700000762939453,3.740000009536743,3.740000009536743,55900
2005-04-07,3.7100000381469727,3.9200000762939453,3.680000066757202,3.8499999046325684,3.8499999046325684,53300
2005-04-08,3.880000114440918,3.880000114440918,3.799999952316284,3.819999933242798,3.819999933242798,20900
2005-04-11,3.799999952316284,3.859999895095825,3.799999952316284,3.799999952316284,3.799999952316284,29600
2005-04-12,3.7300000190734863,3.8399999141693115,3.569999933242798,3.5999999046325684,3.5999999046325684,32500
2005-04-13,3.609999895095825,3.700000047683716,3.5799999237060547,3.5799999237060547,3.5799999237060547,11500
2005-04-14,3.5,3.640000104904175,3.5,3.5899999141693115,3.5899999141693115,45600
2005-04-15,3.5,3.890000104904175,3.450000047683716,3.509999990463257,3.509999990463257,58100
2005-04-18,3.5,3.5899999141693115,3.490000009536743,3.509999990463257,3.509999990463257,36000
2005-04-19,3.5,3.6500000953674316,3.490000009536743,3.609999895095825,3.609999895095825,17300
2005-04-20,3.799999952316284,3.859999895095825,3.369999885559082,3.4200000762939453,3.4200000762939453,67100
2005-04-21,3.4000000953674316,3.4800000190734863,3.2300000190734863,3.369999885559082,3.369999885559082,77300
2005-04-22,3.2899999618530273,3.6500000953674316,3.259999990463257,3.5999999046325684,3.5999999046325684,25700
2005-04-25,3.509999990463257,3.549999952316284,3.4200000762939453,3.549999952316284,3.549999952316284,26800
2005-04-26,3.430000066757202,3.75,3.430000066757202,3.609999895095825,3.609999895095825,23200
2005-04-27,3.5399999618530273,3.7100000381469727,3.509999990463257,3.6500000953674316,3.6500000953674316,16400
2005-04-28,3.5899999141693115,3.6600000858306885,3.569999933242798,3.6500000953674316,3.6500000953674316,19000
2005-04-29,3.6500000953674316,3.6600000858306885,3.5199999809265137,3.6600000858306885,3.6600000858306885,30800
2005-05-02,3.6700000762939453,3.6700000762939453,3.430000066757202,3.440000057220459,3.440000057220459,48100
2005-05-03,3.4200000762939453,3.990000009536743,3.1500000953674316,3.9000000953674316,3.9000000953674316,134000
2005-05-04,3.9000000953674316,4.03000020980835,3.609999895095825,3.9000000953674316,3.9000000953674316,375500
2005-05-05,3.75,4.099999904632568,3.75,4.079999923706055,4.079999923706055,183000
2005-05-06,4.119999885559082,4.349999904632568,4.119999885559082,4.21999979019165,4.21999979019165,180400
2005-05-09,4.119999885559082,4.449999809265137,4.119999885559082,4.340000152587891,4.340000152587891,115800
2005-05-10,4.199999809265137,4.349999904632568,4.199999809265137,4.269999980926514,4.269999980926514,130300
2005-05-11,4.309999942779541,4.349999904632568,4.090000152587891,4.150000095367432,4.150000095367432,66600
2005-05-12,4.190000057220459,4.300000190734863,4.139999866485596,4.260000228881836,4.260000228881836,44800
2005-05-13,4.170000076293945,4.170000076293945,4.010000228881836,4.130000114440918,4.130000114440918,68200
2005-05-16,4.179999828338623,4.25,4.079999923706055,4.159999847412109,4.159999847412109,62200
2005-05-17,4.150000095367432,4.159999847412109,4.010000228881836,4.079999923706055,4.079999923706055,32800
2005-05-18,4.170000076293945,4.239999771118164,4.119999885559082,4.190000057220459,4.190000057220459,93400
2005-05-19,4.239999771118164,4.239999771118164,4.059999942779541,4.159999847412109,4.159999847412109,72000
2005-05-20,4.090000152587891,4.239999771118164,4.090000152587891,4.199999809265137,4.199999809265137,32600
2005-05-23,4.239999771118164,4.269999980926514,4.03000020980835,4.099999904632568,4.099999904632568,110400
2005-05-24,4.099999904632568,4.269999980926514,3.940000057220459,4.03000020980835,4.03000020980835,151400
2005-05-25,4.090000152587891,4.099999904632568,3.890000104904175,3.9000000953674316,3.9000000953674316,109800
2005-05-26,3.890000104904175,4.050000190734863,3.869999885559082,4.019999980926514,4.019999980926514,65000
2005-05-27,4.0,4.260000228881836,4.0,4.070000171661377,4.070000171661377,50200
2005-05-31,4.0,4.199999809265137,4.0,4.090000152587891,4.090000152587891,50700
2005-06-01,4.159999847412109,4.239999771118164,4.050000190734863,4.199999809265137,4.199999809265137,86400
2005-06-02,4.170000076293945,4.25,4.090000152587891,4.239999771118164,4.239999771118164,30900
2005-06-03,4.25,4.289999961853027,4.019999980926514,4.050000190734863,4.050000190734863,44600
2005-06-06,4.110000133514404,4.349999904632568,4.110000133514404,4.210000038146973,4.210000038146973,85000
2005-06-07,4.199999809265137,4.25,4.079999923706055,4.170000076293945,4.170000076293945,63500
2005-06-08,4.159999847412109,4.170000076293945,4.010000228881836,4.079999923706055,4.079999923706055,51300
2005-06-09,4.099999904632568,4.199999809265137,4.050000190734863,4.150000095367432,4.150000095367432,33100
2005-06-10,4.150000095367432,4.210000038146973,4.050000190734863,4.139999866485596,4.139999866485596,35800
2005-06-13,4.210000038146973,4.239999771118164,4.079999923706055,4.139999866485596,4.139999866485596,47200
2005-06-14,4.130000114440918,4.130000114440918,3.9600000381469727,4.119999885559082,4.119999885559082,48500
2005-06-15,4.039999961853027,4.21999979019165,3.950000047683716,3.990000009536743,3.990000009536743,115500
2005-06-16,3.940000057220459,4.090000152587891,3.940000057220459,4.090000152587891,4.090000152587891,16300
2005-06-17,4.150000095367432,4.150000095367432,4.0,4.079999923706055,4.079999923706055,13300
2005-06-20,4.099999904632568,4.099999904632568,4.019999980926514,4.050000190734863,4.050000190734863,48300
2005-06-21,4.099999904632568,4.139999866485596,4.0,4.139999866485596,4.139999866485596,19900
2005-06-22,4.190000057220459,4.309999942779541,4.139999866485596,4.300000190734863,4.300000190734863,84600
2005-06-23,4.349999904632568,4.349999904632568,4.159999847412109,4.159999847412109,4.159999847412109,23400
2005-06-24,4.019999980926514,4.349999904632568,4.019999980926514,4.079999923706055,4.079999923706055,40400
2005-06-27,4.150000095367432,4.679999828338623,4.079999923706055,4.590000152587891,4.590000152587891,242100
2005-06-28,4.570000171661377,4.75,4.46999979019165,4.510000228881836,4.510000228881836,128800
2005-06-29,4.699999809265137,4.699999809265137,4.409999847412109,4.550000190734863,4.550000190734863,70300
2005-06-30,4.460000038146973,4.480000019073486,4.269999980926514,4.429999828338623,4.429999828338623,54500
2005-07-01,4.400000095367432,4.440000057220459,4.340000152587891,4.429999828338623,4.429999828338623,25900
2005-07-05,4.460000038146973,4.579999923706055,4.380000114440918,4.409999847412109,4.409999847412109,35000
2005-07-06,4.489999771118164,4.539999961853027,4.269999980926514,4.429999828338623,4.429999828338623,76100
2005-07-07,4.340000152587891,4.519999980926514,4.309999942779541,4.5,4.5,40800
2005-07-08,4.570000171661377,4.599999904632568,4.389999866485596,4.510000228881836,4.510000228881836,31800
2005-07-11,4.570000171661377,4.849999904632568,4.449999809265137,4.840000152587891,4.840000152587891,172600
2005-07-12,4.840000152587891,5.050000190734863,4.650000095367432,4.900000095367432,4.900000095367432,150100
2005-07-13,5.0,5.050000190734863,4.829999923706055,4.889999866485596,4.889999866485596,84600
2005-07-14,4.889999866485596,5.010000228881836,4.539999961853027,4.739999771118164,4.739999771118164,59400
2005-07-15,4.739999771118164,4.900000095367432,4.650000095367432,4.789999961853027,4.789999961853027,193700
2005-07-18,4.840000152587891,4.889999866485596,4.75,4.869999885559082,4.869999885559082,135000
2005-07-19,4.840000152587891,4.900000095367432,4.760000228881836,4.800000190734863,4.800000190734863,74500
2005-07-20,4.800000190734863,5.0,4.800000190734863,4.900000095367432,4.900000095367432,252400
2005-07-21,5.0,5.150000095367432,4.920000076293945,4.949999809265137,4.949999809265137,217300
2005-07-22,4.949999809265137,5.119999885559082,4.909999847412109,5.0,5.0,77200
2005-07-25,5.099999904632568,5.800000190734863,5.050000190734863,5.53000020980835,5.53000020980835,334800
2005-07-26,5.579999923706055,5.920000076293945,5.579999923706055,5.789999961853027,5.789999961853027,423700
2005-07-27,5.900000095367432,7.170000076293945,5.650000095367432,6.670000076293945,6.670000076293945,923500
2005-07-28,6.570000171661377,6.809999942779541,6.380000114440918,6.760000228881836,6.760000228881836,318400
2005-07-29,6.789999961853027,7.099999904632568,6.690000057220459,6.820000171661377,6.820000171661377,278700
2005-08-01,6.820000171661377,7.090000152587891,6.75,6.989999771118164,6.989999771118164,312400
2005-08-02,7.0,7.260000228881836,7.0,7.099999904632568,7.099999904632568,274800
2005-08-03,7.150000095367432,7.239999771118164,6.039999961853027,6.909999847412109,6.909999847412109,472700
2005-08-04,6.889999866485596,7.099999904632568,6.739999771118164,7.0,7.0,171700
2005-08-05,7.0,7.070000171661377,6.730000019073486,6.960000038146973,6.960000038146973,167900
2005-08-08,7.150000095367432,7.710000038146973,7.03000020980835,7.510000228881836,7.510000228881836,486400
2005-08-09,7.690000057220459,7.699999809265137,7.110000133514404,7.239999771118164,7.239999771118164,270100
2005-08-10,7.309999942779541,7.309999942779541,6.880000114440918,7.139999866485596,7.139999866485596,289200
2005-08-11,7.179999828338623,7.21999979019165,6.880000114440918,7.090000152587891,7.090000152587891,84000
2005-08-12,7.070000171661377,7.070000171661377,6.869999885559082,6.989999771118164,6.989999771118164,49800
2005-08-15,7.090000152587891,7.289999961853027,7.0,7.230000019073486,7.230000019073486,171400
2005-08-16,7.289999961853027,7.300000190734863,6.989999771118164,7.090000152587891,7.090000152587891,108800
2005-08-17,7.050000190734863,7.25,7.0,7.070000171661377,7.070000171661377,96500
2005-08-18,7.019999980926514,7.289999961853027,7.019999980926514,7.230000019073486,7.230000019073486,107800
2005-08-19,7.349999904632568,7.420000076293945,7.050000190734863,7.389999866485596,7.389999866485596,141500
2005-08-22,7.010000228881836,7.230000019073486,6.139999866485596,6.75,6.75,522000
2005-08-23,6.619999885559082,6.670000076293945,6.28000020980835,6.420000076293945,6.420000076293945,177700
2005-08-24,6.320000171661377,6.460000038146973,5.849999904632568,5.96999979019165,5.96999979019165,359400
2005-08-25,5.96999979019165,6.329999923706055,5.960000038146973,6.320000171661377,6.320000171661377,191500
2005-08-26,6.340000152587891,6.489999771118164,6.170000076293945,6.21999979019165,6.21999979019165,71800
2005-08-29,6.119999885559082,6.340000152587891,5.78000020980835,6.190000057220459,6.190000057220459,119400
2005-08-30,6.150000095367432,6.5,6.119999885559082,6.21999979019165,6.21999979019165,133600
2005-08-31,6.349999904632568,7.070000171661377,6.349999904632568,6.760000228881836,6.760000228881836,265200
2005-09-01,7.070000171661377,7.150000095367432,6.840000152587891,6.929999828338623,6.929999828338623,219400
2005-09-02,7.090000152587891,7.150000095367432,6.840000152587891,6.989999771118164,6.989999771118164,105200
2005-09-06,7.119999885559082,7.150000095367432,6.840000152587891,7.019999980926514,7.019999980926514,175400
2005-09-07,7.050000190734863,7.78000020980835,6.800000190734863,7.550000190734863,7.550000190734863,399100
2005-09-08,7.599999904632568,8.149999618530273,7.599999904632568,7.739999771118164,7.739999771118164,293600
2005-09-09,7.75,8.050000190734863,7.46999979019165,7.630000114440918,7.630000114440918,241600
2005-09-12,7.630000114440918,8.050000190734863,7.630000114440918,7.920000076293945,7.920000076293945,236200
2005-09-13,7.840000152587891,7.989999771118164,7.380000114440918,7.769999980926514,7.769999980926514,161800
2005-09-14,7.920000076293945,7.920000076293945,7.710000038146973,7.800000190734863,7.800000190734863,48500
2005-09-15,7.800000190734863,7.929999828338623,7.559999942779541,7.900000095367432,7.900000095367432,87600
2005-09-16,7.880000114440918,8.449999809265137,7.880000114440918,8.3100004196167,8.3100004196167,232700
2005-09-19,8.449999809265137,9.0,8.420000076293945,8.720000267028809,8.720000267028809,211800
2005-09-20,8.699999809265137,9.050000190734863,8.380000114440918,8.600000381469727,8.600000381469727,218300
2005-09-21,8.600000381469727,8.800000190734863,8.25,8.539999961853027,8.539999961853027,141700
2005-09-22,8.479999542236328,8.770000457763672,8.170000076293945,8.289999961853027,8.289999961853027,158600
2005-09-23,8.229999542236328,8.869999885559082,8.210000038146973,8.800000190734863,8.800000190734863,88400
2005-09-26,9.039999961853027,9.15999984741211,8.5,8.59000015258789,8.59000015258789,113100
2005-09-27,8.569999694824219,9.0,8.510000228881836,8.819999694824219,8.819999694824219,173600
2005-09-28,8.9399995803833,9.229999542236328,8.739999771118164,9.029999732971191,9.029999732971191,152900
2005-09-29,9.0,9.100000381469727,8.670000076293945,9.010000228881836,9.010000228881836,149800
2005-09-30,9.050000190734863,9.0600004196167,8.770000457763672,8.859999656677246,8.859999656677246,72400
2005-10-03,8.779999732971191,9.149999618530273,8.75,8.899999618530273,8.899999618530273,91800
2005-10-04,9.100000381469727,9.199999809265137,8.819999694824219,8.989999771118164,8.989999771118164,155000
2005-10-05,9.0600004196167,9.0600004196167,8.720000267028809,8.800000190734863,8.800000190734863,95500
2005-10-06,8.800000190734863,8.970000267028809,8.729999542236328,8.949999809265137,8.949999809265137,75700
2005-10-07,8.800000190734863,9.0,8.699999809265137,8.789999961853027,8.789999961853027,73300
2005-10-10,8.770000457763672,8.850000381469727,8.680000305175781,8.75,8.75,30300
2005-10-11,8.75,8.899999618530273,7.710000038146973,7.889999866485596,7.889999866485596,323900
2005-10-12,7.699999809265137,7.949999809265137,7.670000076293945,7.78000020980835,7.78000020980835,150000
2005-10-13,7.71999979019165,7.900000095367432,7.570000171661377,7.590000152587891,7.590000152587891,96000
2005-10-14,7.869999885559082,7.869999885559082,6.510000228881836,6.800000190734863,6.800000190734863,340200
2005-10-17,6.75,7.059999942779541,6.619999885559082,6.980000019073486,6.980000019073486,179600
2005-10-18,7.070000171661377,7.070000171661377,6.659999847412109,6.730000019073486,6.730000019073486,76500
2005-10-19,6.730000019073486,6.860000133514404,6.5,6.829999923706055,6.829999923706055,88200
2005-10-20,6.929999828338623,6.989999771118164,6.820000171661377,6.860000133514404,6.860000133514404,60600
2005-10-21,6.940000057220459,7.170000076293945,6.880000114440918,7.099999904632568,7.099999904632568,109000
2005-10-24,7.199999809265137,7.710000038146973,6.900000095367432,7.369999885559082,7.369999885559082,123600
2005-10-25,7.5,7.730000019073486,7.400000095367432,7.449999809265137,7.449999809265137,80500
2005-10-26,7.550000190734863,7.570000171661377,7.039999961853027,7.159999847412109,7.159999847412109,65500
2005-10-27,7.0,7.210000038146973,6.679999828338623,6.710000038146973,6.710000038146973,59700
2005-10-28,6.619999885559082,6.889999866485596,6.619999885559082,6.659999847412109,6.659999847412109,90900
2005-10-31,6.610000133514404,6.949999809265137,6.53000020980835,6.630000114440918,6.630000114440918,51400
2005-11-01,6.769999980926514,6.929999828338623,6.610000133514404,6.800000190734863,6.800000190734863,45200
2005-11-02,6.940000057220459,7.079999923706055,6.460000038146973,6.670000076293945,6.670000076293945,138000
2005-11-03,6.809999942779541,6.949999809265137,6.550000190734863,6.849999904632568,6.849999904632568,75000
2005-11-04,6.889999866485596,6.889999866485596,6.610000133514404,6.699999809265137,6.699999809265137,36300
2005-11-07,6.699999809265137,6.829999923706055,6.630000114440918,6.809999942779541,6.809999942779541,45500
2005-11-08,6.880000114440918,7.0,6.800000190734863,6.960000038146973,6.960000038146973,76600
2005-11-09,7.019999980926514,7.070000171661377,6.869999885559082,6.929999828338623,6.929999828338623,55300
2005-11-10,7.079999923706055,7.130000114440918,6.900000095367432,6.980000019073486,6.980000019073486,92600
2005-11-11,7.090000152587891,7.670000076293945,7.010000228881836,7.239999771118164,7.239999771118164,155900
2005-11-14,7.300000190734863,7.539999961853027,7.199999809265137,7.460000038146973,7.460000038146973,108500
2005-11-15,7.679999828338623,7.900000095367432,7.389999866485596,7.480000019073486,7.480000019073486,181100
2005-11-16,7.5,7.710000038146973,7.349999904632568,7.420000076293945,7.420000076293945,61400
2005-11-17,7.46999979019165,7.630000114440918,6.929999828338623,7.170000076293945,7.170000076293945,80200
2005-11-18,7.300000190734863,7.300000190734863,7.119999885559082,7.269999980926514,7.269999980926514,41400
2005-11-21,7.639999866485596,8.170000076293945,7.5,8.119999885559082,8.119999885559082,311800
2005-11-22,8.170000076293945,8.180000305175781,7.710000038146973,8.130000114440918,8.130000114440918,169300
2005-11-23,8.15999984741211,8.729999542236328,7.949999809265137,8.399999618530273,8.399999618530273,256400
2005-11-25,8.359999656677246,8.75,8.350000381469727,8.6899995803833,8.6899995803833,67600
2005-11-28,8.819999694824219,9.0,8.59000015258789,8.84000015258789,8.84000015258789,242600
2005-11-29,8.84000015258789,9.199999809265137,8.5,8.720000267028809,8.720000267028809,131400
2005-11-30,8.630000114440918,9.029999732971191,8.600000381469727,8.9399995803833,8.9399995803833,161400
2005-12-01,8.949999809265137,9.079999923706055,8.5,8.920000076293945,8.920000076293945,206100
2005-12-02,8.859999656677246,8.920000076293945,8.520000457763672,8.739999771118164,8.739999771118164,107400
2005-12-05,8.949999809265137,8.949999809265137,8.710000038146973,8.739999771118164,8.739999771118164,105100
2005-12-06,8.699999809265137,9.850000381469727,8.619999885559082,9.739999771118164,9.739999771118164,515100
2005-12-07,9.989999771118164,10.25,9.5600004196167,9.75,9.75,332100
2005-12-08,9.890000343322754,9.890000343322754,9.460000038146973,9.630000114440918,9.630000114440918,102100
2005-12-09,9.529999732971191,10.170000076293945,9.460000038146973,10.0600004196167,10.0600004196167,248500
2005-12-12,10.25,10.59000015258789,10.149999618530273,10.5600004196167,10.5600004196167,295800
2005-12-13,10.600000381469727,10.649999618530273,10.050000190734863,10.329999923706055,10.329999923706055,202400
2005-12-14,10.359999656677246,10.5,10.100000381469727,10.489999771118164,10.489999771118164,124700
2005-12-15,10.569999694824219,11.079999923706055,10.239999771118164,11.010000228881836,11.010000228881836,274100
2005-12-16,11.109999656677246,11.630000114440918,10.779999732971191,11.329999923706055,11.329999923706055,237800
2005-12-19,11.430000305175781,11.460000038146973,10.720000267028809,10.729999542236328,10.729999542236328,268600
2005-12-20,10.649999618530273,10.8100004196167,10.050000190734863,10.300000190734863,10.300000190734863,214900
2005-12-21,10.25,10.670000076293945,10.1899995803833,10.40999984741211,10.40999984741211,112900
2005-12-22,10.479999542236328,10.890000343322754,10.479999542236328,10.619999885559082,10.619999885559082,72400
2005-12-23,10.600000381469727,10.779999732971191,10.449999809265137,10.619999885559082,10.619999885559082,119800
2005-12-27,10.800000190734863,11.0,10.390000343322754,10.619999885559082,10.619999885559082,149400
2005-12-28,10.979999542236328,10.979999542236328,9.640000343322754,9.720000267028809,9.720000267028809,286600
2005-12-29,9.649999618530273,10.289999961853027,9.619999885559082,10.170000076293945,10.170000076293945,177500
2005-12-30,10.180000305175781,10.369999885559082,9.739999771118164,10.149999618530273,10.149999618530273,189100
2006-01-03,10.15999984741211,10.3100004196167,10.0,10.010000228881836,10.010000228881836,158300
2006-01-04,9.699999809265137,10.5,9.699999809265137,10.25,10.25,178800
2006-01-05,10.34000015258789,10.5,10.180000305175781,10.239999771118164,10.239999771118164,104300
2006-01-06,10.15999984741211,10.460000038146973,10.15999984741211,10.319999694824219,10.319999694824219,88400
2006-01-09,11.760000228881836,12.25,11.369999885559082,11.760000228881836,11.760000228881836,744800
2006-01-10,11.789999961853027,12.149999618530273,11.5,12.020000457763672,12.020000457763672,376800
2006-01-11,12.100000381469727,12.239999771118164,11.979999542236328,12.029999732971191,12.029999732971191,271600
2006-01-12,12.149999618530273,12.149999618530273,11.880000114440918,12.039999961853027,12.039999961853027,295400
2006-01-13,12.109999656677246,12.109999656677246,11.949999809265137,12.050000190734863,12.050000190734863,140600
2006-01-17,12.25,13.720000267028809,12.210000038146973,13.520000457763672,13.520000457763672,641800
2006-01-18,13.399999618530273,13.859999656677246,13.0,13.600000381469727,13.600000381469727,299600
2006-01-19,13.890000343322754,13.890000343322754,13.25,13.319999694824219,13.319999694824219,266600
2006-01-20,13.319999694824219,14.0,13.319999694824219,13.609999656677246,13.609999656677246,364100
2006-01-23,13.970000267028809,14.220000267028809,13.630000114440918,13.819999694824219,13.819999694824219,269500
2006-01-24,14.130000114440918,14.25,13.600000381469727,14.079999923706055,14.079999923706055,304600
2006-01-25,14.010000228881836,14.100000381469727,13.800000190734863,13.970000267028809,13.970000267028809,142100
2006-01-26,14.140000343322754,14.75,14.010000228881836,14.34000015258789,14.34000015258789,310500
2006-01-27,14.479999542236328,14.65999984741211,14.039999961853027,14.289999961853027,14.289999961853027,269400
2006-01-30,14.390000343322754,14.710000038146973,14.199999809265137,14.479999542236328,14.479999542236328,160100
2006-01-31,14.529999732971191,14.6899995803833,13.5600004196167,14.300000190734863,14.300000190734863,236700
2006-02-01,14.479999542236328,14.760000228881836,13.880000114440918,14.199999809265137,14.199999809265137,182400
2006-02-02,14.199999809265137,14.199999809265137,13.619999885559082,13.930000305175781,13.930000305175781,137700
2006-02-03,14.0,14.539999961853027,13.699999809265137,14.050000190734863,14.050000190734863,173600
2006-02-06,14.359999656677246,14.369999885559082,14.050000190734863,14.140000343322754,14.140000343322754,194800
2006-02-07,14.1899995803833,14.289999961853027,13.850000381469727,14.0,14.0,216400
2006-02-08,14.09000015258789,14.34000015258789,13.850000381469727,13.970000267028809,13.970000267028809,141600
2006-02-09,14.0,14.0,13.600000381469727,13.649999618530273,13.649999618530273,146600
2006-02-10,13.5600004196167,13.75,11.739999771118164,12.300000190734863,12.300000190734863,941600
2006-02-13,12.34000015258789,13.100000381469727,12.020000457763672,12.699999809265137,12.699999809265137,318000
2006-02-14,12.789999961853027,12.899999618530273,12.5,12.579999923706055,12.579999923706055,180500
2006-02-15,12.579999923706055,13.029999732971191,11.949999809265137,12.989999771118164,12.989999771118164,213400
2006-02-16,13.020000457763672,13.239999771118164,12.729999542236328,13.0,13.0,109000
2006-02-17,13.239999771118164,13.34000015258789,12.930000305175781,12.979999542236328,12.979999542236328,142900
2006-02-21,13.09000015258789,13.489999771118164,12.9399995803833,13.010000228881836,13.010000228881836,193200
2006-02-22,12.970000267028809,12.979999542236328,12.239999771118164,12.5,12.5,292300
2006-02-23,12.430000305175781,12.84000015258789,11.680000305175781,11.869999885559082,11.869999885559082,457700
2006-02-24,11.979999542236328,12.199999809265137,11.0,11.5600004196167,11.5600004196167,475800
2006-02-27,11.619999885559082,11.899999618530273,11.5600004196167,11.619999885559082,11.619999885559082,265800
2006-02-28,11.569999694824219,11.630000114440918,10.779999732971191,10.829999923706055,10.829999923706055,352300
2006-03-01,10.90999984741211,11.140000343322754,10.8100004196167,10.989999771118164,10.989999771118164,179700
2006-03-02,10.899999618530273,11.0,10.609999656677246,10.75,10.75,198200
2006-03-03,10.729999542236328,11.0,10.579999923706055,10.630000114440918,10.630000114440918,124200
2006-03-06,10.609999656677246,10.84000015258789,10.359999656677246,10.40999984741211,10.40999984741211,292700
2006-03-07,10.359999656677246,10.529999732971191,9.479999542236328,9.609999656677246,9.609999656677246,557100
2006-03-08,9.609999656677246,10.260000228881836,9.609999656677246,9.819999694824219,9.819999694824219,399900
2006-03-09,9.899999618530273,9.899999618530273,9.479999542236328,9.539999961853027,9.539999961853027,283700
2006-03-10,9.569999694824219,9.59000015258789,9.0,9.069999694824219,9.069999694824219,393000
2006-03-13,9.029999732971191,9.5,8.720000267028809,9.199999809265137,9.199999809265137,561300
2006-03-14,9.220000267028809,9.229999542236328,8.369999885559082,8.899999618530273,8.899999618530273,630500
2006-03-15,8.899999618530273,9.229999542236328,8.819999694824219,9.210000038146973,9.210000038146973,334200
2006-03-16,9.069999694824219,9.199999809265137,8.600000381469727,8.75,8.75,2082800
2006-03-17,8.75,9.210000038146973,8.75,9.0,9.0,462200
2006-03-20,8.970000267028809,9.0,8.699999809265137,8.699999809265137,8.699999809265137,245800
2006-03-21,8.789999961853027,9.079999923706055,8.720000267028809,8.789999961853027,8.789999961853027,330300
2006-03-22,8.8100004196167,8.920000076293945,8.649999618530273,8.65999984741211,8.65999984741211,195000
2006-03-23,8.649999618530273,8.75,8.100000381469727,8.270000457763672,8.270000457763672,551200
2006-03-24,8.399999618530273,8.899999618530273,8.279999732971191,8.8100004196167,8.8100004196167,462200
2006-03-27,8.84000015258789,8.84000015258789,8.1899995803833,8.430000305175781,8.430000305175781,513300
2006-03-28,8.510000228881836,8.779999732971191,8.489999771118164,8.539999961853027,8.539999961853027,249900
2006-03-29,8.520000457763672,8.8100004196167,8.520000457763672,8.75,8.75,310500
2006-03-30,8.75,8.760000228881836,8.460000038146973,8.510000228881836,8.510000228881836,154700
2006-03-31,8.489999771118164,8.729999542236328,8.489999771118164,8.5600004196167,8.5600004196167,193000
2006-04-03,8.520000457763672,8.579999923706055,7.889999866485596,8.0,8.0,616300
2006-04-04,8.0,8.199999809265137,7.949999809265137,7.960000038146973,7.960000038146973,338200
2006-04-05,7.960000038146973,8.0,7.650000095367432,7.840000152587891,7.840000152587891,308900
2006-04-06,7.840000152587891,8.039999961853027,7.769999980926514,7.96999979019165,7.96999979019165,299800
2006-04-07,8.020000457763672,8.149999618530273,7.860000133514404,7.900000095367432,7.900000095367432,139500
2006-04-10,7.860000133514404,7.909999847412109,7.360000133514404,7.489999771118164,7.489999771118164,273300
2006-04-11,7.460000038146973,7.630000114440918,7.010000228881836,7.179999828338623,7.179999828338623,374600
2006-04-12,7.059999942779541,7.489999771118164,7.059999942779541,7.400000095367432,7.400000095367432,173700
2006-04-13,7.429999828338623,7.679999828338623,7.349999904632568,7.550000190734863,7.550000190734863,201000
2006-04-17,7.099999904632568,7.21999979019165,6.96999979019165,6.989999771118164,6.989999771118164,648000
2006-04-18,7.0,7.28000020980835,6.829999923706055,7.179999828338623,7.179999828338623,550400
2006-04-19,7.150000095367432,7.28000020980835,7.0,7.199999809265137,7.199999809265137,438200
2006-04-20,7.130000114440918,7.25,7.090000152587891,7.099999904632568,7.099999904632568,159000
2006-04-21,7.099999904632568,7.25,7.099999904632568,7.199999809265137,7.199999809265137,298700
2006-04-24,7.110000133514404,7.25,7.079999923706055,7.179999828338623,7.179999828338623,181300
2006-04-25,7.159999847412109,7.25,7.079999923706055,7.079999923706055,7.079999923706055,204100
2006-04-26,7.090000152587891,7.179999828338623,6.960000038146973,7.03000020980835,7.03000020980835,126800
2006-04-27,6.96999979019165,7.070000171661377,6.849999904632568,6.900000095367432,6.900000095367432,141500
2006-04-28,6.849999904632568,7.010000228881836,6.800000190734863,6.900000095367432,6.900000095367432,160200
2006-05-01,6.849999904632568,7.110000133514404,6.849999904632568,7.0,7.0,307900
2006-05-02,6.980000019073486,7.119999885559082,6.860000133514404,6.929999828338623,6.929999828338623,121400
2006-05-03,6.949999809265137,7.090000152587891,6.809999942779541,6.980000019073486,6.980000019073486,226700
2006-05-04,6.849999904632568,7.460000038146973,6.849999904632568,7.360000133514404,7.360000133514404,297800
2006-05-05,7.380000114440918,7.5,7.090000152587891,7.170000076293945,7.170000076293945,149100
2006-05-08,7.150000095367432,7.199999809265137,7.0,7.019999980926514,7.019999980926514,121700
2006-05-09,7.010000228881836,7.03000020980835,6.800000190734863,6.849999904632568,6.849999904632568,153700
2006-05-10,6.809999942779541,7.329999923706055,6.75,7.199999809265137,7.199999809265137,231200
2006-05-11,7.170000076293945,7.289999961853027,6.860000133514404,6.940000057220459,6.940000057220459,202700
2006-05-12,6.900000095367432,6.900000095367432,6.400000095367432,6.610000133514404,6.610000133514404,230000
2006-05-15,6.539999961853027,6.869999885559082,6.5,6.75,6.75,132200
2006-05-16,6.789999961853027,6.980000019073486,6.5,6.510000228881836,6.510000228881836,239300
2006-05-17,6.5,6.590000152587891,6.289999961853027,6.369999885559082,6.369999885559082,175400
2006-05-18,6.360000133514404,6.670000076293945,6.360000133514404,6.5,6.5,126100
2006-05-19,6.849999904632568,7.349999904632568,6.760000228881836,7.230000019073486,7.230000019073486,837800
2006-05-22,7.25,7.269999980926514,7.0,7.25,7.25,261100
2006-05-23,7.300000190734863,7.389999866485596,6.829999923706055,6.849999904632568,6.849999904632568,321500
2006-05-24,6.849999904632568,7.789999961853027,6.650000095367432,7.679999828338623,7.679999828338623,446400
2006-05-25,7.849999904632568,7.900000095367432,7.260000228881836,7.639999866485596,7.639999866485596,366400
2006-05-26,7.659999847412109,8.25,7.449999809265137,8.130000114440918,8.130000114440918,491700
2006-05-30,8.109999656677246,8.359999656677246,8.0,8.100000381469727,8.100000381469727,192600
2006-05-31,8.109999656677246,8.25,7.800000190734863,8.25,8.25,168700
2006-06-01,8.3100004196167,8.529999732971191,8.109999656677246,8.470000267028809,8.470000267028809,149600
2006-06-02,8.5,8.729999542236328,8.420000076293945,8.600000381469727,8.600000381469727,194200
2006-06-05,8.579999923706055,8.699999809265137,8.1899995803833,8.380000114440918,8.380000114440918,255600
2006-06-06,8.4399995803833,8.4399995803833,7.849999904632568,8.0600004196167,8.0600004196167,195400
2006-06-07,8.0600004196167,8.5,8.039999961853027,8.3100004196167,8.3100004196167,225500
2006-06-08,8.25,8.300000190734863,7.599999904632568,8.130000114440918,8.130000114440918,222000
2006-06-09,8.199999809265137,8.229999542236328,8.0,8.109999656677246,8.109999656677246,107200
2006-06-12,8.09000015258789,8.100000381469727,7.610000133514404,7.659999847412109,7.659999847412109,110600
2006-06-13,7.610000133514404,7.949999809265137,7.570000171661377,7.650000095367432,7.650000095367432,134500
2006-06-14,7.670000076293945,7.670000076293945,7.309999942779541,7.5,7.5,75600
2006-06-15,7.579999923706055,7.789999961853027,7.420000076293945,7.769999980926514,7.769999980926514,88600
2006-06-16,7.75,7.760000228881836,7.400000095367432,7.440000057220459,7.440000057220459,186800
2006-06-19,7.489999771118164,8.470000267028809,7.179999828338623,7.239999771118164,7.239999771118164,311700
2006-06-20,7.199999809265137,7.429999828338623,7.079999923706055,7.150000095367432,7.150000095367432,155800
2006-06-21,7.110000133514404,7.460000038146973,7.070000171661377,7.380000114440918,7.380000114440918,109200
2006-06-22,7.309999942779541,7.440000057220459,7.110000133514404,7.360000133514404,7.360000133514404,97000
2006-06-23,7.360000133514404,7.739999771118164,7.329999923706055,7.619999885559082,7.619999885559082,135700
2006-06-26,7.519999980926514,7.869999885559082,7.449999809265137,7.610000133514404,7.610000133514404,113800
2006-06-27,7.590000152587891,7.710000038146973,7.239999771118164,7.369999885559082,7.369999885559082,91000
2006-06-28,7.409999847412109,7.409999847412109,7.03000020980835,7.21999979019165,7.21999979019165,163500
2006-06-29,7.309999942779541,7.309999942779541,7.019999980926514,7.159999847412109,7.159999847412109,145700
2006-06-30,7.179999828338623,7.449999809265137,7.099999904632568,7.130000114440918,7.130000114440918,2487700
2006-07-03,7.170000076293945,7.400000095367432,7.0,7.360000133514404,7.360000133514404,194300
2006-07-05,7.21999979019165,7.519999980926514,7.059999942779541,7.510000228881836,7.510000228881836,332200
2006-07-06,7.519999980926514,7.880000114440918,7.170000076293945,7.239999771118164,7.239999771118164,269400
2006-07-07,7.199999809265137,7.320000171661377,7.079999923706055,7.079999923706055,7.079999923706055,158700
2006-07-10,7.079999923706055,7.300000190734863,7.070000171661377,7.119999885559082,7.119999885559082,108000
2006-07-11,7.050000190734863,7.210000038146973,6.900000095367432,7.150000095367432,7.150000095367432,172900
2006-07-12,7.119999885559082,7.269999980926514,6.800000190734863,6.809999942779541,6.809999942779541,164400
2006-07-13,6.789999961853027,6.829999923706055,6.420000076293945,6.420000076293945,6.420000076293945,154200
2006-07-14,6.420000076293945,6.570000171661377,6.25,6.519999980926514,6.519999980926514,115000
2006-07-17,6.5,6.53000020980835,5.96999979019165,5.989999771118164,5.989999771118164,159100
2006-07-18,6.079999923706055,6.119999885559082,5.53000020980835,5.940000057220459,5.940000057220459,269500
2006-07-19,5.920000076293945,6.5,5.78000020980835,6.409999847412109,6.409999847412109,239300
2006-07-20,6.400000095367432,6.5,5.989999771118164,6.019999980926514,6.019999980926514,99100
2006-07-21,6.03000020980835,6.03000020980835,5.690000057220459,5.860000133514404,5.860000133514404,103800
2006-07-24,5.929999828338623,6.349999904632568,5.929999828338623,6.03000020980835,6.03000020980835,225500
2006-07-25,5.920000076293945,6.360000133514404,5.920000076293945,6.230000019073486,6.230000019073486,156100
2006-07-26,6.159999847412109,6.320000171661377,6.039999961853027,6.050000190734863,6.050000190734863,237100
2006-07-27,6.119999885559082,6.190000057220459,5.760000228881836,5.849999904632568,5.849999904632568,130900
2006-07-28,5.889999866485596,6.269999980926514,5.75,6.039999961853027,6.039999961853027,187400
2006-07-31,6.059999942779541,6.190000057220459,5.760000228881836,6.010000228881836,6.010000228881836,149800
2006-08-01,5.940000057220459,6.099999904632568,5.789999961853027,5.900000095367432,5.900000095367432,78500
2006-08-02,5.889999866485596,6.039999961853027,5.75,5.840000152587891,5.840000152587891,99400
2006-08-03,5.849999904632568,6.039999961853027,5.699999809265137,5.920000076293945,5.920000076293945,81400
2006-08-04,6.119999885559082,6.199999809265137,5.75,5.849999904632568,5.849999904632568,141000
2006-08-07,5.789999961853027,6.199999809265137,5.789999961853027,6.050000190734863,6.050000190734863,184000
2006-08-08,6.119999885559082,6.159999847412109,5.789999961853027,5.789999961853027,5.789999961853027,154400
2006-08-09,5.849999904632568,6.199999809265137,5.849999904632568,5.909999847412109,5.909999847412109,163800
2006-08-10,5.820000171661377,6.110000133514404,5.78000020980835,5.900000095367432,5.900000095367432,77300
2006-08-11,5.860000133514404,5.949999809265137,5.449999809265137,5.519999980926514,5.519999980926514,120000
2006-08-14,5.590000152587891,5.769999980926514,5.409999847412109,5.409999847412109,5.409999847412109,144000
2006-08-15,5.519999980926514,5.630000114440918,5.460000038146973,5.570000171661377,5.570000171661377,104300
2006-08-16,5.630000114440918,5.760000228881836,5.429999828338623,5.53000020980835,5.53000020980835,103500
2006-08-17,5.539999961853027,5.570000171661377,5.460000038146973,5.5,5.5,117100
2006-08-18,5.539999961853027,5.650000095367432,5.409999847412109,5.630000114440918,5.630000114440918,70500
2006-08-21,5.610000133514404,5.630000114440918,5.400000095367432,5.409999847412109,5.409999847412109,60100
2006-08-22,5.400000095367432,5.53000020980835,5.380000114440918,5.400000095367432,5.400000095367432,94600
2006-08-23,5.400000095367432,5.5,5.269999980926514,5.309999942779541,5.309999942779541,88900
2006-08-24,5.309999942779541,5.800000190734863,5.309999942779541,5.619999885559082,5.619999885559082,290300
2006-08-25,5.630000114440918,5.860000133514404,5.570000171661377,5.650000095367432,5.650000095367432,207600
2006-08-28,5.679999828338623,6.070000171661377,5.639999866485596,5.940000057220459,5.940000057220459,132400
2006-08-29,5.989999771118164,6.230000019073486,5.96999979019165,6.190000057220459,6.190000057220459,347000
2006-08-30,6.21999979019165,6.449999809265137,6.199999809265137,6.28000020980835,6.28000020980835,216200
2006-08-31,6.5,6.809999942779541,6.449999809265137,6.480000019073486,6.480000019073486,256400
2006-09-01,6.5,6.75,6.21999979019165,6.260000228881836,6.260000228881836,107300
2006-09-05,6.260000228881836,6.289999961853027,6.170000076293945,6.260000228881836,6.260000228881836,71100
2006-09-06,6.199999809265137,6.25,6.099999904632568,6.119999885559082,6.119999885559082,81000
2006-09-07,6.090000152587891,6.110000133514404,5.929999828338623,5.949999809265137,5.949999809265137,87400
2006-09-08,5.940000057220459,5.940000057220459,5.710000038146973,5.730000019073486,5.730000019073486,64000
2006-09-11,5.71999979019165,5.739999771118164,5.570000171661377,5.599999904632568,5.599999904632568,57900
2006-09-12,5.570000171661377,5.829999923706055,5.570000171661377,5.730000019073486,5.730000019073486,101400
2006-09-13,5.730000019073486,6.0,5.699999809265137,6.0,6.0,158400
2006-09-14,5.949999809265137,6.079999923706055,5.889999866485596,5.980000019073486,5.980000019073486,79700
2006-09-15,6.050000190734863,6.150000095367432,5.789999961853027,5.880000114440918,5.880000114440918,219500
2006-09-18,5.840000152587891,5.929999828338623,5.75,5.829999923706055,5.829999923706055,49400
2006-09-19,5.809999942779541,5.880000114440918,5.599999904632568,5.730000019073486,5.730000019073486,62500
2006-09-20,5.789999961853027,6.050000190734863,5.730000019073486,5.869999885559082,5.869999885559082,78900
2006-09-21,5.920000076293945,6.010000228881836,5.639999866485596,5.710000038146973,5.710000038146973,64500
2006-09-22,5.670000076293945,5.710000038146973,5.519999980926514,5.570000171661377,5.570000171661377,94400
2006-09-25,5.5,5.789999961853027,5.5,5.590000152587891,5.590000152587891,80700
2006-09-26,5.610000133514404,5.739999771118164,5.590000152587891,5.619999885559082,5.619999885559082,110100
2006-09-27,5.590000152587891,5.829999923706055,5.590000152587891,5.71999979019165,5.71999979019165,146600
2006-09-28,5.710000038146973,5.909999847412109,5.699999809265137,5.800000190734863,5.800000190734863,129700
2006-09-29,5.840000152587891,5.909999847412109,5.53000020980835,5.550000190734863,5.550000190734863,95800
2006-10-02,5.519999980926514,5.679999828338623,5.519999980926514,5.599999904632568,5.599999904632568,56900
2006-10-03,5.599999904632568,5.679999828338623,5.420000076293945,5.46999979019165,5.46999979019165,181000
2006-10-04,5.480000019073486,5.809999942779541,5.46999979019165,5.78000020980835,5.78000020980835,127000
2006-10-05,5.75,6.400000095367432,5.670000076293945,6.269999980926514,6.269999980926514,235800
2006-10-06,6.25,6.53000020980835,6.110000133514404,6.210000038146973,6.210000038146973,267000
2006-10-09,6.179999828338623,6.28000020980835,5.989999771118164,6.199999809265137,6.199999809265137,52700
2006-10-10,6.230000019073486,6.289999961853027,6.010000228881836,6.230000019073486,6.230000019073486,88300
2006-10-11,6.21999979019165,6.349999904632568,6.039999961853027,6.170000076293945,6.170000076293945,90600
2006-10-12,6.179999828338623,6.619999885559082,6.119999885559082,6.579999923706055,6.579999923706055,225900
2006-10-13,6.610000133514404,7.0,6.599999904632568,6.920000076293945,6.920000076293945,297200
2006-10-16,6.860000133514404,7.050000190734863,6.789999961853027,6.980000019073486,6.980000019073486,190800
2006-10-17,6.949999809265137,7.179999828338623,6.739999771118164,7.019999980926514,7.019999980926514,133500
2006-10-18,7.039999961853027,7.130000114440918,6.849999904632568,6.940000057220459,6.940000057220459,160600
2006-10-19,6.949999809265137,7.269999980926514,6.789999961853027,7.210000038146973,7.210000038146973,298400
2006-10-20,7.260000228881836,7.329999923706055,7.010000228881836,7.070000171661377,7.070000171661377,112600
2006-10-23,7.03000020980835,7.389999866485596,7.010000228881836,7.199999809265137,7.199999809265137,244400
2006-10-24,7.190000057220459,7.199999809265137,6.889999866485596,6.940000057220459,6.940000057220459,132100
2006-10-25,6.960000038146973,7.019999980926514,6.559999942779541,6.610000133514404,6.610000133514404,119500
2006-10-26,6.659999847412109,6.960000038146973,6.659999847412109,6.920000076293945,6.920000076293945,101300
2006-10-27,6.840000152587891,7.099999904632568,6.769999980926514,6.829999923706055,6.829999923706055,169200
2006-10-30,6.829999923706055,6.96999979019165,6.570000171661377,6.78000020980835,6.78000020980835,98500
2006-10-31,6.809999942779541,7.590000152587891,6.760000228881836,7.199999809265137,7.199999809265137,490000
2006-11-01,7.050000190734863,7.380000114440918,7.019999980926514,7.110000133514404,7.110000133514404,173800
2006-11-02,7.059999942779541,7.570000171661377,7.019999980926514,7.199999809265137,7.199999809265137,342800
2006-11-03,7.21999979019165,7.550000190734863,7.190000057220459,7.28000020980835,7.28000020980835,288800
2006-11-06,7.300000190734863,7.619999885559082,7.210000038146973,7.5,7.5,282100
2006-11-07,7.519999980926514,7.960000038146973,7.489999771118164,7.590000152587891,7.590000152587891,278600
2006-11-08,7.659999847412109,7.96999979019165,7.420000076293945,7.75,7.75,225700
2006-11-09,7.800000190734863,7.960000038146973,7.599999904632568,7.699999809265137,7.699999809265137,178400
2006-11-10,7.699999809265137,8.020000457763672,7.650000095367432,7.960000038146973,7.960000038146973,416300
2006-11-13,7.960000038146973,8.09000015258789,7.710000038146973,7.909999847412109,7.909999847412109,231800
2006-11-14,7.909999847412109,8.020000457763672,7.800000190734863,7.989999771118164,7.989999771118164,133400
2006-11-15,7.960000038146973,8.260000228881836,7.849999904632568,7.900000095367432,7.900000095367432,259200
2006-11-16,7.96999979019165,8.039999961853027,7.820000171661377,7.920000076293945,7.920000076293945,128000
2006-11-17,7.949999809265137,8.380000114440918,7.869999885559082,8.229999542236328,8.229999542236328,382200
2006-11-20,7.71999979019165,8.890000343322754,7.71999979019165,8.59000015258789,8.59000015258789,515300
2006-11-21,8.609999656677246,8.699999809265137,8.229999542236328,8.359999656677246,8.359999656677246,301300
2006-11-22,8.399999618530273,8.489999771118164,8.1899995803833,8.220000267028809,8.220000267028809,139800
2006-11-24,8.140000343322754,8.460000038146973,8.130000114440918,8.1899995803833,8.1899995803833,65600
2006-11-27,8.149999618530273,8.180000305175781,7.389999866485596,7.480000019073486,7.480000019073486,210800
2006-11-28,7.480000019073486,7.900000095367432,7.300000190734863,7.860000133514404,7.860000133514404,223500
2006-11-29,7.900000095367432,8.180000305175781,7.599999904632568,7.679999828338623,7.679999828338623,186100
2006-11-30,7.659999847412109,7.929999828338623,7.599999904632568,7.78000020980835,7.78000020980835,212000
2006-12-01,7.78000020980835,7.900000095367432,7.329999923706055,7.46999979019165,7.46999979019165,196500
2006-12-04,7.510000228881836,7.730000019073486,7.340000152587891,7.46999979019165,7.46999979019165,157300
2006-12-05,7.53000020980835,7.75,7.369999885559082,7.420000076293945,7.420000076293945,132300
2006-12-06,7.400000095367432,7.449999809265137,6.349999904632568,6.800000190734863,6.800000190734863,1322200
2006-12-07,6.849999904632568,6.860000133514404,6.639999866485596,6.659999847412109,6.659999847412109,224500
2006-12-08,6.659999847412109,6.75,6.5,6.579999923706055,6.579999923706055,246900
2006-12-11,6.550000190734863,6.699999809265137,6.409999847412109,6.46999979019165,6.46999979019165,177500
2006-12-12,6.429999828338623,6.519999980926514,6.190000057220459,6.239999771118164,6.239999771118164,311700
2006-12-13,6.309999942779541,6.349999904632568,5.960000038146973,6.059999942779541,6.059999942779541,253100
2006-12-14,6.039999961853027,6.289999961853027,6.039999961853027,6.159999847412109,6.159999847412109,243400
2006-12-15,6.190000057220459,6.289999961853027,6.050000190734863,6.059999942779541,6.059999942779541,295200
2006-12-18,6.099999904632568,6.099999904632568,5.760000228881836,5.829999923706055,5.829999923706055,228000
2006-12-19,5.789999961853027,5.949999809265137,5.710000038146973,5.920000076293945,5.920000076293945,255500
2006-12-20,5.960000038146973,6.019999980926514,5.869999885559082,5.940000057220459,5.940000057220459,308400
2006-12-21,5.96999979019165,6.050000190734863,5.880000114440918,6.0,6.0,243300
2006-12-22,5.989999771118164,6.050000190734863,5.889999866485596,5.909999847412109,5.909999847412109,182300
2006-12-26,5.940000057220459,6.150000095367432,5.940000057220459,6.119999885559082,6.119999885559082,309100
2006-12-27,6.190000057220459,6.460000038146973,6.110000133514404,6.269999980926514,6.269999980926514,463700
2006-12-28,6.25,6.309999942779541,6.050000190734863,6.050000190734863,6.050000190734863,128700
2006-12-29,6.039999961853027,6.139999866485596,5.840000152587891,5.860000133514404,5.860000133514404,187000
2007-01-03,5.929999828338623,5.960000038146973,5.550000190734863,5.679999828338623,5.679999828338623,255500
2007-01-04,5.650000095367432,5.650000095367432,5.519999980926514,5.539999961853027,5.539999961853027,205500
2007-01-05,5.519999980926514,5.599999904632568,5.389999866485596,5.389999866485596,5.389999866485596,242400
2007-01-08,5.389999866485596,5.409999847412109,5.110000133514404,5.190000057220459,5.190000057220459,314100
2007-01-09,5.210000038146973,5.539999961853027,5.199999809265137,5.519999980926514,5.519999980926514,444400
2007-01-10,5.449999809265137,5.510000228881836,5.309999942779541,5.340000152587891,5.340000152587891,254500
2007-01-11,5.329999923706055,5.539999961853027,5.300000190734863,5.409999847412109,5.409999847412109,153000
2007-01-12,5.400000095367432,5.53000020980835,5.360000133514404,5.440000057220459,5.440000057220459,128000
2007-01-16,5.489999771118164,6.159999847412109,5.380000114440918,6.139999866485596,6.139999866485596,430600
2007-01-17,6.320000171661377,6.389999866485596,5.730000019073486,5.739999771118164,5.739999771118164,510500
2007-01-18,5.760000228881836,5.789999961853027,5.599999904632568,5.610000133514404,5.610000133514404,152500
2007-01-19,5.619999885559082,6.059999942779541,5.619999885559082,5.820000171661377,5.820000171661377,371900
2007-01-22,5.800000190734863,5.840000152587891,5.610000133514404,5.630000114440918,5.630000114440918,150300
2007-01-23,5.630000114440918,5.710000038146973,5.510000228881836,5.670000076293945,5.670000076293945,194000
2007-01-24,5.699999809265137,5.849999904632568,5.590000152587891,5.659999847412109,5.659999847412109,185500
2007-01-25,5.679999828338623,5.739999771118164,5.389999866485596,5.46999979019165,5.46999979019165,245300
2007-01-26,5.5,5.619999885559082,5.320000171661377,5.420000076293945,5.420000076293945,448400
2007-01-29,5.679999828338623,5.75,5.519999980926514,5.670000076293945,5.670000076293945,306800
2007-01-30,5.710000038146973,5.820000171661377,5.610000133514404,5.730000019073486,5.730000019073486,190900
2007-01-31,5.710000038146973,5.889999866485596,5.699999809265137,5.800000190734863,5.800000190734863,264300
2007-02-01,5.820000171661377,6.190000057220459,5.820000171661377,6.099999904632568,6.099999904632568,488800
2007-02-02,6.099999904632568,6.5,6.079999923706055,6.309999942779541,6.309999942779541,422300
2007-02-05,6.400000095367432,6.559999942779541,6.25,6.28000020980835,6.28000020980835,519800
2007-02-06,6.320000171661377,6.329999923706055,5.840000152587891,5.920000076293945,5.920000076293945,290100
2007-02-07,5.949999809265137,6.21999979019165,5.829999923706055,6.050000190734863,6.050000190734863,251900
2007-02-08,5.989999771118164,6.099999904632568,5.809999942779541,5.829999923706055,5.829999923706055,268900
2007-02-09,5.789999961853027,5.800000190734863,5.559999942779541,5.650000095367432,5.650000095367432,274400
2007-02-12,5.690000057220459,5.840000152587891,5.650000095367432,5.679999828338623,5.679999828338623,157100
2007-02-13,5.690000057220459,5.789999961853027,5.599999904632568,5.630000114440918,5.630000114440918,126600
2007-02-14,5.619999885559082,5.829999923706055,5.610000133514404,5.630000114440918,5.630000114440918,218600
2007-02-15,5.650000095367432,5.710000038146973,5.460000038146973,5.519999980926514,5.519999980926514,145000
2007-02-16,5.519999980926514,5.829999923706055,5.449999809265137,5.730000019073486,5.730000019073486,201600
2007-02-20,5.699999809265137,5.889999866485596,5.699999809265137,5.840000152587891,5.840000152587891,175900
2007-02-21,5.820000171661377,5.900000095367432,5.650000095367432,5.710000038146973,5.710000038146973,155500
2007-02-22,5.739999771118164,5.760000228881836,5.570000171661377,5.739999771118164,5.739999771118164,161400
2007-02-23,6.369999885559082,6.369999885559082,5.860000133514404,6.03000020980835,6.03000020980835,833000
2007-02-26,6.110000133514404,6.119999885559082,5.75,5.820000171661377,5.820000171661377,295400
2007-02-27,5.78000020980835,5.869999885559082,5.349999904632568,5.369999885559082,5.369999885559082,353200
2007-02-28,5.349999904632568,5.650000095367432,5.300000190734863,5.340000152587891,5.340000152587891,317000
2007-03-01,5.639999866485596,5.739999771118164,5.420000076293945,5.730000019073486,5.730000019073486,691600
2007-03-02,5.739999771118164,5.989999771118164,5.679999828338623,5.860000133514404,5.860000133514404,600900
2007-03-05,5.809999942779541,5.829999923706055,5.46999979019165,5.5,5.5,340800
2007-03-06,5.559999942779541,5.730000019073486,5.489999771118164,5.599999904632568,5.599999904632568,248100
2007-03-07,5.75,6.690000057220459,5.670000076293945,6.610000133514404,6.610000133514404,1715000
2007-03-08,6.730000019073486,6.75,6.309999942779541,6.460000038146973,6.460000038146973,680900
2007-03-09,6.5,6.699999809265137,6.300000190734863,6.409999847412109,6.409999847412109,413800
2007-03-12,6.429999828338623,6.519999980926514,6.309999942779541,6.409999847412109,6.409999847412109,305400
2007-03-13,6.349999904632568,6.78000020980835,6.329999923706055,6.380000114440918,6.380000114440918,647800
2007-03-14,6.510000228881836,6.550000190734863,6.329999923706055,6.389999866485596,6.389999866485596,326200
2007-03-15,6.409999847412109,6.519999980926514,6.380000114440918,6.429999828338623,6.429999828338623,233400
2007-03-16,6.420000076293945,6.679999828338623,6.349999904632568,6.579999923706055,6.579999923706055,485500
2007-03-19,6.659999847412109,6.849999904632568,6.579999923706055,6.630000114440918,6.630000114440918,392300
2007-03-20,6.650000095367432,6.900000095367432,6.599999904632568,6.730000019073486,6.730000019073486,376300
2007-03-21,6.75,6.860000133514404,6.699999809265137,6.800000190734863,6.800000190734863,227100
2007-03-22,6.800000190734863,6.800000190734863,6.670000076293945,6.769999980926514,6.769999980926514,276800
2007-03-23,6.75,6.78000020980835,6.590000152587891,6.670000076293945,6.670000076293945,153300
2007-03-26,6.639999866485596,6.690000057220459,6.559999942779541,6.610000133514404,6.610000133514404,172200
2007-03-27,6.579999923706055,6.659999847412109,6.53000020980835,6.630000114440918,6.630000114440918,172500
2007-03-28,6.679999828338623,6.880000114440918,6.590000152587891,6.820000171661377,6.820000171661377,285700
2007-03-29,6.889999866485596,6.900000095367432,6.710000038146973,6.809999942779541,6.809999942779541,361700
2007-03-30,6.960000038146973,7.019999980926514,6.730000019073486,6.75,6.75,810200
2007-04-02,6.659999847412109,6.940000057220459,6.650000095367432,6.929999828338623,6.929999828338623,373600
2007-04-03,6.96999979019165,7.210000038146973,6.880000114440918,7.110000133514404,7.110000133514404,741200
2007-04-04,7.130000114440918,7.230000019073486,7.079999923706055,7.170000076293945,7.170000076293945,353400
2007-04-05,7.170000076293945,7.420000076293945,7.139999866485596,7.309999942779541,7.309999942779541,321200
2007-04-09,7.309999942779541,7.340000152587891,7.150000095367432,7.239999771118164,7.239999771118164,292300
2007-04-10,7.269999980926514,7.360000133514404,7.25,7.300000190734863,7.300000190734863,222600
2007-04-11,7.340000152587891,7.340000152587891,7.119999885559082,7.179999828338623,7.179999828338623,292600
2007-04-12,7.150000095367432,7.539999961853027,7.130000114440918,7.460000038146973,7.460000038146973,344400
2007-04-13,7.5,7.710000038146973,7.400000095367432,7.46999979019165,7.46999979019165,377100
2007-04-16,7.570000171661377,7.650000095367432,7.449999809265137,7.480000019073486,7.480000019073486,288200
2007-04-17,7.519999980926514,7.739999771118164,7.46999979019165,7.670000076293945,7.670000076293945,391600
2007-04-18,7.710000038146973,7.920000076293945,7.400000095367432,7.559999942779541,7.559999942779541,367000
2007-04-19,7.659999847412109,7.659999847412109,7.400000095367432,7.440000057220459,7.440000057220459,206900
2007-04-20,7.480000019073486,7.730000019073486,7.400000095367432,7.679999828338623,7.679999828338623,323600
2007-04-23,7.630000114440918,7.71999979019165,7.420000076293945,7.550000190734863,7.550000190734863,179000
2007-04-24,7.550000190734863,7.789999961853027,7.46999979019165,7.75,7.75,301500
2007-04-25,7.820000171661377,7.940000057220459,7.630000114440918,7.670000076293945,7.670000076293945,193600
2007-04-26,7.769999980926514,8.0,7.75,7.940000057220459,7.940000057220459,265900
2007-04-27,7.929999828338623,8.109999656677246,7.800000190734863,7.920000076293945,7.920000076293945,242200
2007-04-30,7.949999809265137,7.949999809265137,7.320000171661377,7.440000057220459,7.440000057220459,408100
2007-05-01,7.340000152587891,7.539999961853027,6.599999904632568,7.440000057220459,7.440000057220459,786900
2007-05-02,7.019999980926514,7.440000057220459,6.309999942779541,6.46999979019165,6.46999979019165,1045600
2007-05-03,6.5,6.53000020980835,6.369999885559082,6.480000019073486,6.480000019073486,633600
2007-05-04,6.480000019073486,6.480000019073486,6.190000057220459,6.329999923706055,6.329999923706055,470100
2007-05-07,6.309999942779541,6.309999942779541,6.050000190734863,6.090000152587891,6.090000152587891,333800
2007-05-08,6.050000190734863,6.059999942779541,5.809999942779541,5.889999866485596,5.889999866485596,331300
2007-05-09,5.820000171661377,5.849999904632568,5.639999866485596,5.670000076293945,5.670000076293945,316300
2007-05-10,5.650000095367432,5.650000095367432,5.46999979019165,5.539999961853027,5.539999961853027,433700
2007-05-11,5.610000133514404,5.690000057220459,5.53000020980835,5.630000114440918,5.630000114440918,351800
2007-05-14,5.659999847412109,5.75,5.400000095367432,5.420000076293945,5.420000076293945,518000
2007-05-15,5.429999828338623,5.590000152587891,5.300000190734863,5.309999942779541,5.309999942779541,455900
2007-05-16,5.300000190734863,5.429999828338623,5.110000133514404,5.130000114440918,5.130000114440918,401000
2007-05-17,5.119999885559082,5.550000190734863,5.119999885559082,5.5,5.5,492600
2007-05-18,5.550000190734863,5.860000133514404,5.480000019073486,5.800000190734863,5.800000190734863,440900
2007-05-21,5.829999923706055,6.150000095367432,5.800000190734863,6.099999904632568,6.099999904632568,603200
2007-05-22,6.130000114440918,6.269999980926514,5.989999771118164,6.139999866485596,6.139999866485596,419400
2007-05-23,6.159999847412109,6.170000076293945,5.880000114440918,5.909999847412109,5.909999847412109,203400
2007-05-24,5.920000076293945,5.940000057220459,5.550000190734863,5.639999866485596,5.639999866485596,210000
2007-05-25,5.699999809265137,5.880000114440918,5.630000114440918,5.829999923706055,5.829999923706055,129300
2007-05-29,5.849999904632568,5.980000019073486,5.849999904632568,5.960000038146973,5.960000038146973,238500
2007-05-30,5.940000057220459,6.090000152587891,5.809999942779541,6.079999923706055,6.079999923706055,281300
2007-05-31,6.0,6.320000171661377,5.889999866485596,6.21999979019165,6.21999979019165,408400
2007-06-01,6.21999979019165,6.5,6.21999979019165,6.349999904632568,6.349999904632568,510400
2007-06-04,6.329999923706055,6.449999809265137,6.210000038146973,6.400000095367432,6.400000095367432,363100
2007-06-05,6.389999866485596,6.429999828338623,6.289999961853027,6.360000133514404,6.360000133514404,420400
2007-06-06,6.309999942779541,6.380000114440918,6.25,6.309999942779541,6.309999942779541,277000
2007-06-07,6.25,6.309999942779541,6.0,6.110000133514404,6.110000133514404,248800
2007-06-08,6.070000171661377,6.420000076293945,6.070000171661377,6.409999847412109,6.409999847412109,243200
2007-06-11,6.400000095367432,6.400000095367432,6.150000095367432,6.150000095367432,6.150000095367432,171300
2007-06-12,6.099999904632568,6.389999866485596,5.940000057220459,6.210000038146973,6.210000038146973,271700
2007-06-13,6.210000038146973,6.25,6.010000228881836,6.230000019073486,6.230000019073486,190400
2007-06-14,6.210000038146973,6.429999828338623,6.190000057220459,6.389999866485596,6.389999866485596,352100
2007-06-15,6.489999771118164,6.489999771118164,6.079999923706055,6.170000076293945,6.170000076293945,452200
2007-06-18,6.159999847412109,6.21999979019165,6.130000114440918,6.179999828338623,6.179999828338623,234500
2007-06-19,6.130000114440918,6.25,6.0,6.210000038146973,6.210000038146973,336700
2007-06-20,6.199999809265137,6.260000228881836,6.070000171661377,6.110000133514404,6.110000133514404,244700
2007-06-21,6.090000152587891,6.190000057220459,6.039999961853027,6.190000057220459,6.190000057220459,182800
2007-06-22,6.199999809265137,6.489999771118164,6.050000190734863,6.46999979019165,6.46999979019165,3030900
2007-06-25,6.449999809265137,6.590000152587891,6.380000114440918,6.480000019073486,6.480000019073486,614000
2007-06-26,6.590000152587891,6.599999904632568,6.289999961853027,6.360000133514404,6.360000133514404,509700
2007-06-27,6.300000190734863,6.639999866485596,6.300000190734863,6.599999904632568,6.599999904632568,265800
2007-06-28,6.559999942779541,6.789999961853027,6.559999942779541,6.75,6.75,329000
2007-06-29,6.789999961853027,6.949999809265137,6.730000019073486,6.760000228881836,6.760000228881836,231200
2007-07-02,6.760000228881836,6.920000076293945,6.739999771118164,6.860000133514404,6.860000133514404,333000
2007-07-03,6.840000152587891,6.949999809265137,6.769999980926514,6.849999904632568,6.849999904632568,185400
2007-07-05,6.840000152587891,7.039999961853027,6.809999942779541,6.820000171661377,6.820000171661377,333300
2007-07-06,6.849999904632568,7.159999847412109,6.820000171661377,7.099999904632568,7.099999904632568,574300
2007-07-09,7.110000133514404,7.21999979019165,6.889999866485596,6.940000057220459,6.940000057220459,215300
2007-07-10,6.920000076293945,6.96999979019165,6.659999847412109,6.710000038146973,6.710000038146973,183900
2007-07-11,6.760000228881836,6.820000171661377,6.590000152587891,6.789999961853027,6.789999961853027,246600
2007-07-12,6.860000133514404,6.920000076293945,6.739999771118164,6.75,6.75,218700
2007-07-13,6.75,6.789999961853027,6.619999885559082,6.739999771118164,6.739999771118164,139000
2007-07-16,6.710000038146973,6.800000190734863,6.639999866485596,6.690000057220459,6.690000057220459,225700
2007-07-17,6.670000076293945,6.670000076293945,6.400000095367432,6.449999809265137,6.449999809265137,190600
2007-07-18,6.400000095367432,6.559999942779541,6.25,6.460000038146973,6.460000038146973,171200
2007-07-19,6.480000019073486,6.670000076293945,6.349999904632568,6.369999885559082,6.369999885559082,139100
2007-07-20,6.340000152587891,6.429999828338623,6.260000228881836,6.28000020980835,6.28000020980835,84500
2007-07-23,6.329999923706055,6.380000114440918,6.090000152587891,6.170000076293945,6.170000076293945,208000
2007-07-24,6.130000114440918,6.28000020980835,6.119999885559082,6.159999847412109,6.159999847412109,129100
2007-07-25,6.190000057220459,6.239999771118164,6.050000190734863,6.179999828338623,6.179999828338623,132300
2007-07-26,6.159999847412109,6.289999961853027,6.059999942779541,6.25,6.25,126500
2007-07-27,6.25,6.510000228881836,6.179999828338623,6.300000190734863,6.300000190734863,185000
2007-07-30,6.260000228881836,6.409999847412109,6.099999904632568,6.159999847412109,6.159999847412109,119300
2007-07-31,6.25,6.380000114440918,6.079999923706055,6.360000133514404,6.360000133514404,170800
2007-08-01,6.349999904632568,6.650000095367432,6.320000171661377,6.389999866485596,6.389999866485596,467200
2007-08-02,6.380000114440918,6.699999809265137,6.300000190734863,6.590000152587891,6.590000152587891,268500
2007-08-03,6.550000190734863,6.599999904632568,6.260000228881836,6.360000133514404,6.360000133514404,206000
2007-08-06,6.28000020980835,6.590000152587891,6.260000228881836,6.53000020980835,6.53000020980835,227600
2007-08-07,6.480000019073486,7.0,6.480000019073486,6.900000095367432,6.900000095367432,264700
2007-08-08,6.929999828338623,7.96999979019165,6.880000114440918,7.679999828338623,7.679999828338623,929500
2007-08-09,7.559999942779541,8.239999771118164,7.519999980926514,7.980000019073486,7.980000019073486,1605300
2007-08-10,7.880000114440918,7.880000114440918,7.289999961853027,7.329999923706055,7.329999923706055,518800
2007-08-13,7.340000152587891,7.340000152587891,6.610000133514404,6.940000057220459,6.940000057220459,304300
2007-08-14,6.909999847412109,7.090000152587891,6.800000190734863,6.840000152587891,6.840000152587891,119500
2007-08-15,6.849999904632568,7.03000020980835,6.659999847412109,6.730000019073486,6.730000019073486,129700
2007-08-16,6.650000095367432,6.949999809265137,6.510000228881836,6.840000152587891,6.840000152587891,159700
2007-08-17,6.920000076293945,7.159999847412109,6.900000095367432,7.03000020980835,7.03000020980835,153800
2007-08-20,7.070000171661377,7.150000095367432,6.96999979019165,7.019999980926514,7.019999980926514,100400
2007-08-21,6.869999885559082,7.309999942779541,6.829999923706055,7.300000190734863,7.300000190734863,121300
2007-08-22,7.320000171661377,7.389999866485596,7.190000057220459,7.28000020980835,7.28000020980835,192900
2007-08-23,7.130000114440918,7.210000038146973,6.820000171661377,6.880000114440918,6.880000114440918,167700
2007-08-24,6.829999923706055,6.949999809265137,6.75,6.889999866485596,6.889999866485596,122900
2007-08-27,6.829999923706055,6.869999885559082,6.610000133514404,6.71999979019165,6.71999979019165,93300
2007-08-28,6.630000114440918,7.21999979019165,6.619999885559082,6.869999885559082,6.869999885559082,269600
2007-08-29,6.920000076293945,6.949999809265137,6.809999942779541,6.949999809265137,6.949999809265137,64200
2007-08-30,6.940000057220459,6.980000019073486,6.789999961853027,6.829999923706055,6.829999923706055,77800
2007-08-31,6.920000076293945,7.039999961853027,6.860000133514404,6.920000076293945,6.920000076293945,60600
2007-09-04,6.889999866485596,7.099999904632568,6.789999961853027,7.050000190734863,7.050000190734863,98600
2007-09-05,6.980000019073486,7.119999885559082,6.940000057220459,7.050000190734863,7.050000190734863,121800
2007-09-06,7.070000171661377,7.420000076293945,7.070000171661377,7.329999923706055,7.329999923706055,220000
2007-09-07,7.199999809265137,7.599999904632568,7.179999828338623,7.519999980926514,7.519999980926514,186000
2007-09-10,7.559999942779541,7.559999942779541,7.28000020980835,7.550000190734863,7.550000190734863,124000
2007-09-11,7.519999980926514,7.730000019073486,7.329999923706055,7.539999961853027,7.539999961853027,116000
2007-09-12,7.289999961853027,7.639999866485596,7.289999961853027,7.429999828338623,7.429999828338623,104700
2007-09-13,7.480000019073486,7.5,7.369999885559082,7.429999828338623,7.429999828338623,104100
2007-09-14,7.329999923706055,7.409999847412109,7.230000019073486,7.369999885559082,7.369999885559082,89900
2007-09-17,7.300000190734863,7.349999904632568,7.199999809265137,7.28000020980835,7.28000020980835,92000
2007-09-18,7.309999942779541,7.349999904632568,7.170000076293945,7.269999980926514,7.269999980926514,98800
2007-09-19,7.260000228881836,7.349999904632568,7.0,7.190000057220459,7.190000057220459,118000
2007-09-20,7.190000057220459,7.300000190734863,7.059999942779541,7.059999942779541,7.059999942779541,93200
2007-09-21,7.059999942779541,7.46999979019165,7.059999942779541,7.230000019073486,7.230000019073486,214600
2007-09-24,7.179999828338623,7.5,7.179999828338623,7.369999885559082,7.369999885559082,75700
2007-09-25,7.369999885559082,8.09000015258789,7.369999885559082,7.829999923706055,7.829999923706055,237200
2007-09-26,7.829999923706055,8.0600004196167,7.71999979019165,8.0,8.0,245900
2007-09-27,8.010000228881836,8.779999732971191,8.010000228881836,8.760000228881836,8.760000228881836,541900
2007-09-28,8.729999542236328,9.079999923706055,8.5600004196167,8.729999542236328,8.729999542236328,525300
2007-10-01,8.710000038146973,8.890000343322754,8.640000343322754,8.8100004196167,8.8100004196167,122100
2007-10-02,8.850000381469727,9.5,8.8100004196167,9.329999923706055,9.329999923706055,332300
2007-10-03,9.229999542236328,9.5,9.130000114440918,9.260000228881836,9.260000228881836,189500
2007-10-04,9.3100004196167,9.569999694824219,9.300000190734863,9.319999694824219,9.319999694824219,223200
2007-10-05,9.359999656677246,9.930000305175781,9.25,9.640000343322754,9.640000343322754,261000
2007-10-08,9.65999984741211,10.0,9.529999732971191,9.960000038146973,9.960000038146973,174000
2007-10-09,9.920000076293945,10.0600004196167,9.5600004196167,9.640000343322754,9.640000343322754,227400
2007-10-10,9.600000381469727,9.600000381469727,9.109999656677246,9.25,9.25,275200
2007-10-11,9.039999961853027,9.5,9.039999961853027,9.15999984741211,9.15999984741211,234200
2007-10-12,9.399999618530273,10.199999809265137,9.260000228881836,10.180000305175781,10.180000305175781,845500
2007-10-15,10.220000267028809,10.289999961853027,9.699999809265137,9.75,9.75,286900
2007-10-16,9.699999809265137,9.869999885559082,9.65999984741211,9.710000038146973,9.710000038146973,199800
2007-10-17,9.760000228881836,9.890000343322754,9.579999923706055,9.699999809265137,9.699999809265137,268300
2007-10-18,9.600000381469727,9.699999809265137,9.369999885559082,9.40999984741211,9.40999984741211,179900
2007-10-19,9.359999656677246,9.550000190734863,9.109999656677246,9.119999885559082,9.119999885559082,261300
2007-10-22,9.039999961853027,9.350000381469727,9.029999732971191,9.260000228881836,9.260000228881836,209600
2007-10-23,8.970000267028809,9.390000343322754,8.970000267028809,9.109999656677246,9.109999656677246,258200
2007-10-24,9.029999732971191,9.149999618530273,8.899999618530273,9.020000457763672,9.020000457763672,693000
2007-10-25,9.069999694824219,9.270000457763672,8.920000076293945,9.09000015258789,9.09000015258789,361300
2007-10-26,9.119999885559082,9.170000076293945,8.800000190734863,8.899999618530273,8.899999618530273,241300
2007-10-29,8.850000381469727,9.0600004196167,8.800000190734863,8.880000114440918,8.880000114440918,214400
2007-10-30,8.930000305175781,8.949999809265137,8.729999542236328,8.800000190734863,8.800000190734863,138700
2007-10-31,8.739999771118164,9.329999923706055,8.739999771118164,9.0,9.0,543700
2007-11-01,8.989999771118164,9.119999885559082,8.729999542236328,8.819999694824219,8.819999694824219,309700
2007-11-02,8.920000076293945,9.180000305175781,8.800000190734863,9.170000076293945,9.170000076293945,163500
2007-11-05,9.109999656677246,9.329999923706055,9.050000190734863,9.3100004196167,9.3100004196167,229300
2007-11-06,9.3100004196167,9.789999961853027,9.3100004196167,9.739999771118164,9.739999771118164,379600
2007-11-07,9.630000114440918,9.640000343322754,9.289999961853027,9.380000114440918,9.380000114440918,187700
2007-11-08,9.460000038146973,9.5,9.039999961853027,9.199999809265137,9.199999809265137,278900
2007-11-09,9.050000190734863,9.15999984741211,8.829999923706055,9.0600004196167,9.0600004196167,245100
2007-11-12,9.029999732971191,9.170000076293945,8.930000305175781,8.960000038146973,8.960000038146973,172100
2007-11-13,9.0,9.270000457763672,8.84000015258789,9.220000267028809,9.220000267028809,202400
2007-11-14,9.3100004196167,9.470000267028809,8.930000305175781,8.9399995803833,8.9399995803833,174800
2007-11-15,8.949999809265137,8.960000038146973,8.300000190734863,8.380000114440918,8.380000114440918,200100
2007-11-16,8.4399995803833,8.569999694824219,8.130000114440918,8.239999771118164,8.239999771118164,215800
2007-11-19,8.199999809265137,8.220000267028809,7.929999828338623,8.079999923706055,8.079999923706055,163300
2007-11-20,8.0,8.329999923706055,7.980000019073486,8.140000343322754,8.140000343322754,133000
2007-11-21,8.149999618530273,8.170000076293945,7.699999809265137,7.710000038146973,7.710000038146973,170300
2007-11-23,7.730000019073486,7.75,7.539999961853027,7.590000152587891,7.590000152587891,66500
2007-11-26,7.570000171661377,7.789999961853027,7.25,7.300000190734863,7.300000190734863,127000
2007-11-27,7.349999904632568,7.420000076293945,7.210000038146973,7.380000114440918,7.380000114440918,143800
2007-11-28,7.400000095367432,7.599999904632568,7.150000095367432,7.570000171661377,7.570000171661377,159700
2007-11-29,7.519999980926514,7.78000020980835,7.440000057220459,7.639999866485596,7.639999866485596,117200
2007-11-30,7.71999979019165,7.78000020980835,7.420000076293945,7.71999979019165,7.71999979019165,114800
2007-12-03,7.599999904632568,7.599999904632568,6.309999942779541,6.630000114440918,6.630000114440918,803000
2007-12-04,6.559999942779541,7.0,6.539999961853027,6.880000114440918,6.880000114440918,204500
2007-12-05,6.809999942779541,6.989999771118164,6.730000019073486,6.860000133514404,6.860000133514404,139800
2007-12-06,6.820000171661377,6.96999979019165,6.75,6.940000057220459,6.940000057220459,130100
2007-12-07,6.989999771118164,7.0,6.800000190734863,6.980000019073486,6.980000019073486,111300
2007-12-10,6.960000038146973,6.980000019073486,6.800000190734863,6.869999885559082,6.869999885559082,106700
2007-12-11,6.860000133514404,6.980000019073486,6.639999866485596,6.730000019073486,6.730000019073486,145400
2007-12-12,6.809999942779541,6.880000114440918,6.610000133514404,6.679999828338623,6.679999828338623,128400
2007-12-13,6.579999923706055,6.730000019073486,6.579999923706055,6.730000019073486,6.730000019073486,95100
2007-12-14,6.639999866485596,7.090000152587891,6.630000114440918,7.0,7.0,190200
2007-12-17,6.940000057220459,7.03000020980835,6.460000038146973,6.480000019073486,6.480000019073486,343800
2007-12-18,6.510000228881836,6.690000057220459,6.170000076293945,6.369999885559082,6.369999885559082,223300
2007-12-19,6.329999923706055,6.570000171661377,6.309999942779541,6.519999980926514,6.519999980926514,111700
2007-12-20,6.539999961853027,6.610000133514404,6.429999828338623,6.53000020980835,6.53000020980835,122500
2007-12-21,6.579999923706055,6.579999923706055,6.449999809265137,6.510000228881836,6.510000228881836,141200
2007-12-24,6.519999980926514,6.789999961853027,6.460000038146973,6.75,6.75,54900
2007-12-26,6.699999809265137,7.0,6.670000076293945,6.929999828338623,6.929999828338623,154800
2007-12-27,6.880000114440918,6.949999809265137,6.550000190734863,6.559999942779541,6.559999942779541,101200
2007-12-28,6.590000152587891,6.900000095367432,6.5,6.75,6.75,134900
2007-12-31,6.690000057220459,6.829999923706055,6.5,6.510000228881836,6.510000228881836,156100
2008-01-02,6.510000228881836,6.679999828338623,6.420000076293945,6.559999942779541,6.559999942779541,125700
2008-01-03,6.630000114440918,6.630000114440918,6.230000019073486,6.309999942779541,6.309999942779541,105100
2008-01-04,6.28000020980835,6.440000057220459,6.25,6.329999923706055,6.329999923706055,103400
2008-01-07,6.309999942779541,6.579999923706055,6.309999942779541,6.559999942779541,6.559999942779541,84200
2008-01-08,6.449999809265137,6.619999885559082,6.300000190734863,6.420000076293945,6.420000076293945,146000
2008-01-09,6.369999885559082,7.019999980926514,6.289999961853027,6.989999771118164,6.989999771118164,132900
2008-01-10,6.869999885559082,7.210000038146973,6.75,7.170000076293945,7.170000076293945,209600
2008-01-11,7.090000152587891,7.289999961853027,6.829999923706055,6.869999885559082,6.869999885559082,121400
2008-01-14,6.900000095367432,6.96999979019165,6.670000076293945,6.829999923706055,6.829999923706055,69000
2008-01-15,6.78000020980835,7.050000190734863,6.670000076293945,6.820000171661377,6.820000171661377,141000
2008-01-16,6.769999980926514,6.989999771118164,6.650000095367432,6.739999771118164,6.739999771118164,121100
2008-01-17,6.820000171661377,6.889999866485596,6.380000114440918,6.449999809265137,6.449999809265137,179500
2008-01-18,6.349999904632568,6.480000019073486,6.090000152587891,6.46999979019165,6.46999979019165,139200
2008-01-22,6.289999961853027,6.590000152587891,6.170000076293945,6.440000057220459,6.440000057220459,123500
2008-01-23,6.269999980926514,6.380000114440918,6.050000190734863,6.150000095367432,6.150000095367432,261200
2008-01-24,6.139999866485596,6.369999885559082,5.929999828338623,6.010000228881836,6.010000228881836,239000
2008-01-25,6.110000133514404,6.210000038146973,5.960000038146973,6.179999828338623,6.179999828338623,112700
2008-01-28,6.139999866485596,6.21999979019165,6.059999942779541,6.21999979019165,6.21999979019165,104100
2008-01-29,6.25,6.309999942779541,6.130000114440918,6.269999980926514,6.269999980926514,241700
2008-01-30,6.260000228881836,6.289999961853027,6.03000020980835,6.150000095367432,6.150000095367432,116500
2008-01-31,6.099999904632568,6.309999942779541,6.090000152587891,6.300000190734863,6.300000190734863,232200
2008-02-01,6.300000190734863,6.320000171661377,6.150000095367432,6.269999980926514,6.269999980926514,124300
2008-02-04,6.420000076293945,6.519999980926514,6.260000228881836,6.389999866485596,6.389999866485596,234000
2008-02-05,6.300000190734863,6.510000228881836,6.179999828338623,6.210000038146973,6.210000038146973,171200
2008-02-06,6.28000020980835,6.340000152587891,6.150000095367432,6.150000095367432,6.150000095367432,136200
2008-02-07,6.21999979019165,6.380000114440918,6.150000095367432,6.199999809265137,6.199999809265137,144700
2008-02-08,6.199999809265137,6.349999904632568,6.110000133514404,6.230000019073486,6.230000019073486,160800
2008-02-11,6.210000038146973,6.5,6.119999885559082,6.429999828338623,6.429999828338623,157200
2008-02-12,6.420000076293945,6.420000076293945,6.199999809265137,6.289999961853027,6.289999961853027,87700
2008-02-13,6.300000190734863,6.809999942779541,6.199999809265137,6.619999885559082,6.619999885559082,164500
2008-02-14,6.550000190734863,6.690000057220459,6.239999771118164,6.400000095367432,6.400000095367432,183700
2008-02-15,6.309999942779541,6.5,5.849999904632568,6.0,6.0,280900
2008-02-19,6.050000190734863,6.090000152587891,5.849999904632568,6.03000020980835,6.03000020980835,162600
2008-02-20,5.829999923706055,6.019999980926514,5.650000095367432,5.840000152587891,5.840000152587891,183000
2008-02-21,5.75,5.989999771118164,5.599999904632568,5.730000019073486,5.730000019073486,186900
2008-02-22,5.929999828338623,6.130000114440918,5.800000190734863,6.03000020980835,6.03000020980835,325600
2008-02-25,6.070000171661377,6.340000152587891,5.929999828338623,6.199999809265137,6.199999809265137,153100
2008-02-26,6.059999942779541,6.340000152587891,6.059999942779541,6.210000038146973,6.210000038146973,139000
2008-02-27,6.130000114440918,6.300000190734863,6.130000114440918,6.199999809265137,6.199999809265137,71900
2008-02-28,6.179999828338623,6.260000228881836,6.090000152587891,6.199999809265137,6.199999809265137,98700
2008-02-29,6.110000133514404,6.28000020980835,6.070000171661377,6.25,6.25,145900
2008-03-03,6.21999979019165,6.239999771118164,5.940000057220459,6.070000171661377,6.070000171661377,77400
2008-03-04,6.050000190734863,6.130000114440918,5.630000114440918,5.809999942779541,5.809999942779541,216500
2008-03-05,5.809999942779541,5.809999942779541,5.650000095367432,5.71999979019165,5.71999979019165,93100
2008-03-06,5.659999847412109,5.739999771118164,5.389999866485596,5.409999847412109,5.409999847412109,111000
2008-03-07,5.340000152587891,5.460000038146973,5.010000228881836,5.099999904632568,5.099999904632568,195700
2008-03-10,5.150000095367432,5.179999828338623,4.820000171661377,4.860000133514404,4.860000133514404,82500
2008-03-11,4.960000038146973,5.010000228881836,4.739999771118164,4.909999847412109,4.909999847412109,117200
2008-03-12,4.940000057220459,4.980000019073486,4.690000057220459,4.71999979019165,4.71999979019165,103400
2008-03-13,4.699999809265137,4.849999904632568,4.519999980926514,4.800000190734863,4.800000190734863,103900
2008-03-14,4.800000190734863,4.800000190734863,4.369999885559082,4.5,4.5,160100
2008-03-17,4.380000114440918,4.539999961853027,4.179999828338623,4.369999885559082,4.369999885559082,109100
2008-03-18,4.440000057220459,4.519999980926514,4.25,4.510000228881836,4.510000228881836,97400
2008-03-19,4.5,4.869999885559082,4.460000038146973,4.840000152587891,4.840000152587891,153400
2008-03-20,4.559999942779541,4.889999866485596,4.340000152587891,4.869999885559082,4.869999885559082,218300
2008-03-24,4.789999961853027,5.199999809265137,4.679999828338623,5.050000190734863,5.050000190734863,234500
2008-03-25,5.090000152587891,5.179999828338623,4.989999771118164,5.110000133514404,5.110000133514404,78200
2008-03-26,5.119999885559082,5.880000114440918,5.119999885559082,5.800000190734863,5.800000190734863,283300
2008-03-27,5.75,6.199999809265137,5.75,6.039999961853027,6.039999961853027,222500
2008-03-28,6.039999961853027,6.329999923706055,5.829999923706055,6.070000171661377,6.070000171661377,138400
2008-03-31,5.949999809265137,6.059999942779541,5.699999809265137,5.769999980926514,5.769999980926514,110900
2008-04-01,5.789999961853027,6.400000095367432,5.789999961853027,6.400000095367432,6.400000095367432,201000
2008-04-02,6.329999923706055,6.570000171661377,6.25,6.510000228881836,6.510000228881836,106400
2008-04-03,6.510000228881836,6.679999828338623,6.5,6.650000095367432,6.650000095367432,122000
2008-04-04,6.710000038146973,7.239999771118164,6.710000038146973,7.239999771118164,7.239999771118164,179100
2008-04-07,7.230000019073486,7.230000019073486,6.659999847412109,6.800000190734863,6.800000190734863,119500
2008-04-08,6.809999942779541,6.940000057220459,6.659999847412109,6.860000133514404,6.860000133514404,50900
2008-04-09,6.860000133514404,6.880000114440918,6.539999961853027,6.670000076293945,6.670000076293945,74200
2008-04-10,6.630000114440918,7.170000076293945,6.630000114440918,7.070000171661377,7.070000171661377,128100
2008-04-11,7.03000020980835,7.119999885559082,6.679999828338623,6.760000228881836,6.760000228881836,72000
2008-04-14,6.769999980926514,7.0,6.449999809265137,6.559999942779541,6.559999942779541,124000
2008-04-15,6.349999904632568,6.519999980926514,6.340000152587891,6.519999980926514,6.519999980926514,80400
2008-04-16,6.539999961853027,6.679999828338623,6.309999942779541,6.380000114440918,6.380000114440918,106300
2008-04-17,6.349999904632568,6.449999809265137,6.239999771118164,6.260000228881836,6.260000228881836,81500
2008-04-18,6.440000057220459,6.579999923706055,6.150000095367432,6.449999809265137,6.449999809265137,110700
2008-04-21,6.539999961853027,6.860000133514404,6.420000076293945,6.760000228881836,6.760000228881836,112800
2008-04-22,6.760000228881836,6.769999980926514,6.360000133514404,6.369999885559082,6.369999885559082,74200
2008-04-23,6.369999885559082,6.46999979019165,6.079999923706055,6.119999885559082,6.119999885559082,103200
2008-04-24,6.139999866485596,6.139999866485596,5.880000114440918,5.909999847412109,5.909999847412109,125900
2008-04-25,5.889999866485596,6.110000133514404,5.760000228881836,6.090000152587891,6.090000152587891,115000
2008-04-28,6.070000171661377,6.820000171661377,6.059999942779541,6.78000020980835,6.78000020980835,125100
2008-04-29,6.820000171661377,6.829999923706055,6.510000228881836,6.610000133514404,6.610000133514404,93000
2008-04-30,6.539999961853027,6.789999961853027,5.980000019073486,6.230000019073486,6.230000019073486,218100
2008-05-01,6.300000190734863,6.699999809265137,6.199999809265137,6.300000190734863,6.300000190734863,128800
2008-05-02,6.0,6.130000114440918,5.25,5.570000171661377,5.570000171661377,445300
2008-05-05,5.53000020980835,5.820000171661377,5.449999809265137,5.769999980926514,5.769999980926514,176800
2008-05-06,5.739999771118164,6.010000228881836,5.630000114440918,6.010000228881836,6.010000228881836,152900
2008-05-07,6.0,6.0,5.449999809265137,5.460000038146973,5.460000038146973,163500
2008-05-08,5.460000038146973,5.670000076293945,5.349999904632568,5.590000152587891,5.590000152587891,229000
2008-05-09,5.519999980926514,5.570000171661377,5.380000114440918,5.5,5.5,131800
2008-05-12,5.539999961853027,5.570000171661377,5.409999847412109,5.510000228881836,5.510000228881836,48700
2008-05-13,5.559999942779541,5.559999942779541,5.309999942779541,5.519999980926514,5.519999980926514,207100
2008-05-14,5.5,5.579999923706055,5.409999847412109,5.420000076293945,5.420000076293945,142300
2008-05-15,5.440000057220459,5.489999771118164,5.150000095367432,5.190000057220459,5.190000057220459,153200
2008-05-16,5.239999771118164,5.269999980926514,5.150000095367432,5.269999980926514,5.269999980926514,202300
2008-05-19,5.239999771118164,5.380000114440918,5.150000095367432,5.159999847412109,5.159999847412109,104000
2008-05-20,5.170000076293945,5.380000114440918,5.159999847412109,5.25,5.25,66700
2008-05-21,5.230000019073486,5.320000171661377,5.019999980926514,5.260000228881836,5.260000228881836,201400
2008-05-22,5.25,5.269999980926514,5.090000152587891,5.139999866485596,5.139999866485596,63500
2008-05-23,5.150000095367432,5.150000095367432,4.53000020980835,4.889999866485596,4.889999866485596,290700
2008-05-27,4.920000076293945,4.96999979019165,4.710000038146973,4.809999942779541,4.809999942779541,130300
2008-05-28,4.860000133514404,4.989999771118164,4.860000133514404,4.920000076293945,4.920000076293945,133500
2008-05-29,4.940000057220459,5.119999885559082,4.909999847412109,5.03000020980835,5.03000020980835,83800
2008-05-30,5.070000171661377,5.179999828338623,4.869999885559082,4.940000057220459,4.940000057220459,232100
2008-06-02,4.949999809265137,5.079999923706055,4.880000114440918,5.050000190734863,5.050000190734863,197900
2008-06-03,5.099999904632568,5.28000020980835,4.960000038146973,5.269999980926514,5.269999980926514,143600
2008-06-04,5.269999980926514,5.409999847412109,5.210000038146973,5.349999904632568,5.349999904632568,110600
2008-06-05,5.320000171661377,5.320000171661377,5.099999904632568,5.190000057220459,5.190000057220459,112900
2008-06-06,5.190000057220459,5.269999980926514,5.090000152587891,5.099999904632568,5.099999904632568,57100
2008-06-09,5.179999828338623,5.28000020980835,4.900000095367432,5.0,5.0,112900
2008-06-10,4.96999979019165,5.059999942779541,4.880000114440918,4.980000019073486,4.980000019073486,81500
2008-06-11,5.199999809265137,5.21999979019165,5.059999942779541,5.159999847412109,5.159999847412109,124000
2008-06-12,5.159999847412109,5.199999809265137,4.829999923706055,4.860000133514404,4.860000133514404,73200
2008-06-13,4.960000038146973,5.019999980926514,4.579999923706055,4.679999828338623,4.679999828338623,157700
2008-06-16,4.699999809265137,4.880000114440918,4.699999809265137,4.809999942779541,4.809999942779541,117600
2008-06-17,4.840000152587891,5.150000095367432,4.769999980926514,4.889999866485596,4.889999866485596,116300
2008-06-18,4.900000095367432,4.940000057220459,4.710000038146973,4.75,4.75,92200
2008-06-19,4.889999866485596,4.889999866485596,4.650000095367432,4.75,4.75,99500
2008-06-20,4.690000057220459,4.71999979019165,4.460000038146973,4.599999904632568,4.599999904632568,153500
2008-06-23,4.650000095367432,4.699999809265137,4.380000114440918,4.409999847412109,4.409999847412109,133100
2008-06-24,4.429999828338623,4.460000038146973,4.179999828338623,4.199999809265137,4.199999809265137,183100
2008-06-25,4.230000019073486,4.539999961853027,4.090000152587891,4.46999979019165,4.46999979019165,229400
2008-06-26,4.480000019073486,4.579999923706055,4.28000020980835,4.519999980926514,4.519999980926514,121400
2008-06-27,4.5,4.610000133514404,4.409999847412109,4.539999961853027,4.539999961853027,67700
2008-06-30,4.579999923706055,4.650000095367432,4.090000152587891,4.090000152587891,4.090000152587891,132700
2008-07-01,4.090000152587891,4.309999942779541,4.090000152587891,4.269999980926514,4.269999980926514,62900
2008-07-02,4.309999942779541,4.789999961853027,4.309999942779541,4.639999866485596,4.639999866485596,198100
2008-07-03,4.699999809265137,4.71999979019165,4.489999771118164,4.590000152587891,4.590000152587891,47700
2008-07-07,4.579999923706055,4.619999885559082,4.380000114440918,4.449999809265137,4.449999809265137,41700
2008-07-08,4.429999828338623,4.78000020980835,4.380000114440918,4.699999809265137,4.699999809265137,72400
2008-07-09,4.659999847412109,4.659999847412109,4.570000171661377,4.599999904632568,4.599999904632568,87000
2008-07-10,4.690000057220459,4.690000057220459,4.349999904632568,4.480000019073486,4.480000019073486,47100
2008-07-11,4.5,4.5,4.21999979019165,4.389999866485596,4.389999866485596,49800
2008-07-14,4.480000019073486,4.53000020980835,4.340000152587891,4.409999847412109,4.409999847412109,23600
2008-07-15,4.409999847412109,4.639999866485596,4.269999980926514,4.320000171661377,4.320000171661377,87600
2008-07-16,4.320000171661377,4.579999923706055,4.139999866485596,4.510000228881836,4.510000228881836,130900
2008-07-17,4.559999942779541,4.949999809265137,4.539999961853027,4.920000076293945,4.920000076293945,107900
2008-07-18,4.929999828338623,5.25,4.590000152587891,5.130000114440918,5.130000114440918,152300
2008-07-21,5.099999904632568,5.329999923706055,4.789999961853027,5.179999828338623,5.179999828338623,114700
2008-07-22,5.119999885559082,5.239999771118164,5.019999980926514,5.090000152587891,5.090000152587891,39500
2008-07-23,5.0,5.329999923706055,4.659999847412109,5.130000114440918,5.130000114440918,72000
2008-07-24,5.260000228881836,5.349999904632568,5.070000171661377,5.130000114440918,5.130000114440918,32600
2008-07-25,5.199999809265137,5.199999809265137,5.0,5.110000133514404,5.110000133514404,31700
2008-07-28,5.010000228881836,5.349999904632568,5.010000228881836,5.090000152587891,5.090000152587891,78900
2008-07-29,5.050000190734863,5.079999923706055,4.519999980926514,4.570000171661377,4.570000171661377,59200
2008-07-30,4.570000171661377,4.849999904632568,4.570000171661377,4.809999942779541,4.809999942779541,109300
2008-07-31,4.929999828338623,5.170000076293945,4.880000114440918,5.070000171661377,5.070000171661377,82100
2008-08-01,5.070000171661377,5.190000057220459,4.610000133514404,4.78000020980835,4.78000020980835,76000
2008-08-04,4.739999771118164,4.739999771118164,4.260000228881836,4.289999961853027,4.289999961853027,100500
2008-08-05,4.380000114440918,4.519999980926514,4.230000019073486,4.380000114440918,4.380000114440918,145700
2008-08-06,4.340000152587891,4.46999979019165,4.210000038146973,4.369999885559082,4.369999885559082,75000
2008-08-07,4.320000171661377,4.329999923706055,3.930000066757202,4.050000190734863,4.050000190734863,169900
2008-08-08,4.050000190734863,4.489999771118164,4.050000190734863,4.449999809265137,4.449999809265137,80700
2008-08-11,4.5,4.639999866485596,4.300000190734863,4.579999923706055,4.579999923706055,56600
2008-08-12,4.599999904632568,4.599999904632568,4.340000152587891,4.5,4.5,43400
2008-08-13,4.460000038146973,4.590000152587891,4.320000171661377,4.590000152587891,4.590000152587891,38500
2008-08-14,4.550000190734863,4.730000019073486,4.519999980926514,4.690000057220459,4.690000057220459,48800
2008-08-15,4.699999809265137,4.880000114440918,4.639999866485596,4.710000038146973,4.710000038146973,46200
2008-08-18,4.760000228881836,4.809999942779541,4.599999904632568,4.71999979019165,4.71999979019165,19600
2008-08-19,4.610000133514404,4.760000228881836,4.53000020980835,4.590000152587891,4.590000152587891,44600
2008-08-20,4.619999885559082,4.829999923706055,4.489999771118164,4.519999980926514,4.519999980926514,59200
2008-08-21,4.539999961853027,4.559999942779541,4.320000171661377,4.53000020980835,4.53000020980835,70900
2008-08-22,4.510000228881836,4.630000114440918,4.449999809265137,4.5,4.5,221600
2008-08-25,4.519999980926514,4.639999866485596,4.369999885559082,4.519999980926514,4.519999980926514,148200
2008-08-26,4.510000228881836,4.599999904632568,4.400000095367432,4.5,4.5,126900
2008-08-27,4.409999847412109,4.590000152587891,4.320000171661377,4.380000114440918,4.380000114440918,50400
2008-08-28,4.380000114440918,4.5,4.369999885559082,4.440000057220459,4.440000057220459,33300
2008-08-29,4.420000076293945,4.510000228881836,4.420000076293945,4.460000038146973,4.460000038146973,33400
2008-09-02,4.480000019073486,4.510000228881836,4.349999904632568,4.429999828338623,4.429999828338623,107100
2008-09-03,4.369999885559082,4.489999771118164,4.329999923706055,4.46999979019165,4.46999979019165,45100
2008-09-04,4.329999923706055,4.46999979019165,4.329999923706055,4.409999847412109,4.409999847412109,45100
2008-09-05,4.360000133514404,4.449999809265137,4.21999979019165,4.300000190734863,4.300000190734863,51700
2008-09-08,4.340000152587891,4.409999847412109,4.099999904632568,4.199999809265137,4.199999809265137,55400
2008-09-09,4.159999847412109,4.21999979019165,3.8299999237060547,3.8499999046325684,3.8499999046325684,97900
2008-09-10,3.930000066757202,3.9600000381469727,3.75,3.859999895095825,3.859999895095825,75100
2008-09-11,3.7799999713897705,3.8499999046325684,3.390000104904175,3.4600000381469727,3.4600000381469727,105100
2008-09-12,3.4600000381469727,3.609999895095825,3.200000047683716,3.5999999046325684,3.5999999046325684,165000
2008-09-15,3.5999999046325684,3.809999942779541,3.5999999046325684,3.609999895095825,3.609999895095825,56100
2008-09-16,3.5999999046325684,3.8499999046325684,3.5999999046325684,3.8399999141693115,3.8399999141693115,43400
2008-09-17,3.759999990463257,3.9000000953674316,3.6700000762939453,3.740000009536743,3.740000009536743,64100
2008-09-18,3.75,4.300000190734863,3.5999999046325684,4.28000020980835,4.28000020980835,96100
2008-09-19,4.329999923706055,4.769999980926514,4.179999828338623,4.650000095367432,4.650000095367432,231100
2008-09-22,4.690000057220459,4.739999771118164,4.0,4.610000133514404,4.610000133514404,151100
2008-09-23,4.449999809265137,5.019999980926514,4.449999809265137,5.019999980926514,5.019999980926514,132400
2008-09-24,5.0,5.010000228881836,4.53000020980835,4.539999961853027,4.539999961853027,223800
2008-09-25,4.5,4.869999885559082,4.099999904632568,4.230000019073486,4.230000019073486,165400
2008-09-26,4.090000152587891,4.260000228881836,3.809999942779541,4.210000038146973,4.210000038146973,404000
2008-09-29,4.0,4.380000114440918,3.950000047683716,4.199999809265137,4.199999809265137,114000
2008-09-30,4.25,4.440000057220459,4.079999923706055,4.130000114440918,4.130000114440918,57600
2008-10-01,4.159999847412109,4.369999885559082,4.159999847412109,4.190000057220459,4.190000057220459,52400
2008-10-02,4.239999771118164,4.360000133514404,4.039999961853027,4.130000114440918,4.130000114440918,114600
2008-10-03,4.110000133514404,4.329999923706055,3.990000009536743,3.990000009536743,3.990000009536743,157500
2008-10-06,3.940000057220459,4.070000171661377,3.4700000286102295,3.5799999237060547,3.5799999237060547,119000
2008-10-07,3.609999895095825,3.609999895095825,3.2300000190734863,3.25,3.25,91700
2008-10-08,3.1700000762939453,3.430000066757202,2.859999895095825,3.1700000762939453,3.1700000762939453,115000
2008-10-09,3.2799999713897705,3.7300000190734863,3.109999895095825,3.130000114440918,3.130000114440918,137100
2008-10-10,2.930000066757202,3.009999990463257,2.2799999713897705,2.3299999237060547,2.3299999237060547,231000
2008-10-13,2.5,2.930000066757202,2.2699999809265137,2.680000066757202,2.680000066757202,281100
2008-10-14,2.809999942779541,2.9800000190734863,2.7799999713897705,2.799999952316284,2.799999952316284,131000
2008-10-15,2.7699999809265137,2.9000000953674316,2.2300000190734863,2.4700000286102295,2.4700000286102295,60900
2008-10-16,2.4700000286102295,2.819999933242798,2.059999942779541,2.190000057220459,2.190000057220459,92100
2008-10-17,2.2100000381469727,3.4600000381469727,2.2100000381469727,2.559999942779541,2.559999942779541,151800
2008-10-20,2.6600000858306885,3.130000114440918,2.609999895095825,3.0,3.0,143600
2008-10-21,2.9000000953674316,3.009999990463257,2.740000009536743,2.7799999713897705,2.7799999713897705,85700
2008-10-22,2.740000009536743,2.7799999713897705,2.390000104904175,2.440000057220459,2.440000057220459,130300
2008-10-23,2.5399999618530273,2.549999952316284,2.0799999237060547,2.119999885559082,2.119999885559082,85000
2008-10-24,2.049999952316284,2.1700000762939453,1.909999966621399,2.109999895095825,2.109999895095825,80700
2008-10-27,2.009999990463257,2.1600000858306885,1.9299999475479126,1.9900000095367432,1.9900000095367432,60400
2008-10-28,2.009999990463257,2.0799999237060547,1.899999976158142,1.9199999570846558,1.9199999570846558,105900
2008-10-29,2.0299999713897705,2.0299999713897705,1.8899999856948853,1.909999966621399,1.909999966621399,142600
2008-10-30,1.9900000095367432,2.0,1.7599999904632568,1.8700000047683716,1.8700000047683716,145000
2008-10-31,1.7899999618530273,1.840000033378601,1.6100000143051147,1.8300000429153442,1.8300000429153442,183200
2008-11-03,1.8899999856948853,1.8899999856948853,1.559999942779541,1.5700000524520874,1.5700000524520874,188700
2008-11-04,1.649999976158142,1.75,1.25,1.2599999904632568,1.2599999904632568,415500
2008-11-05,1.2699999809265137,1.3300000429153442,0.8100000023841858,0.8999999761581421,0.8999999761581421,893200
2008-11-06,0.949999988079071,1.3799999952316284,0.8100000023841858,1.100000023841858,1.100000023841858,1100800
2008-11-07,1.1799999475479126,1.190000057220459,1.0,1.090000033378601,1.090000033378601,236500
2008-11-10,1.1100000143051147,1.159999966621399,1.0499999523162842,1.100000023841858,1.100000023841858,171000
2008-11-11,1.100000023841858,1.2599999904632568,1.0499999523162842,1.2100000381469727,1.2100000381469727,159400
2008-11-12,1.2400000095367432,1.2799999713897705,1.0700000524520874,1.190000057220459,1.190000057220459,158700
2008-11-13,1.2200000286102295,1.25,1.149999976158142,1.2400000095367432,1.2400000095367432,168800
2008-11-14,1.2400000095367432,1.2599999904632568,1.190000057220459,1.2599999904632568,1.2599999904632568,227800
2008-11-17,1.2000000476837158,1.2799999713897705,1.190000057220459,1.2699999809265137,1.2699999809265137,238400
2008-11-18,1.2799999713897705,1.2799999713897705,1.1399999856948853,1.2200000286102295,1.2200000286102295,123700
2008-11-19,1.25,1.25,1.0199999809265137,1.0800000429153442,1.0800000429153442,39300
2008-11-20,1.1399999856948853,1.1399999856948853,0.9399999976158142,0.949999988079071,0.949999988079071,62400
2008-11-21,1.0199999809265137,1.0199999809265137,0.8999999761581421,0.9700000286102295,0.9700000286102295,76300
2008-11-24,1.0,1.0299999713897705,0.8799999952316284,0.8899999856948853,0.8899999856948853,88700
2008-11-25,0.9399999976158142,0.9800000190734863,0.8899999856948853,0.9200000166893005,0.9200000166893005,69700
2008-11-26,0.9399999976158142,1.0499999523162842,0.8899999856948853,1.0399999618530273,1.0399999618530273,147900
2008-11-28,1.0499999523162842,1.0499999523162842,0.9599999785423279,1.0499999523162842,1.0499999523162842,101800
2008-12-01,1.0499999523162842,1.0499999523162842,0.9599999785423279,1.0099999904632568,1.0099999904632568,118400
2008-12-02,1.0299999713897705,1.0299999713897705,0.9800000190734863,1.0099999904632568,1.0099999904632568,43200
2008-12-03,0.949999988079071,1.0099999904632568,0.8799999952316284,0.9399999976158142,0.9399999976158142,300800
2008-12-04,0.8799999952316284,0.9399999976158142,0.8500000238418579,0.8899999856948853,0.8899999856948853,96600
2008-12-05,0.9100000262260437,0.9399999976158142,0.8799999952316284,0.9399999976158142,0.9399999976158142,56900
2008-12-08,0.949999988079071,0.9900000095367432,0.8500000238418579,0.9200000166893005,0.9200000166893005,149400
2008-12-09,0.9300000071525574,0.9300000071525574,0.8299999833106995,0.8799999952316284,0.8799999952316284,117100
2008-12-10,0.8799999952316284,0.8799999952316284,0.699999988079071,0.7099999785423279,0.7099999785423279,296500
2008-12-11,0.5699999928474426,0.7599999904632568,0.5699999928474426,0.6800000071525574,0.6800000071525574,284800
2008-12-12,0.6000000238418579,0.6800000071525574,0.6000000238418579,0.6800000071525574,0.6800000071525574,237900
2008-12-15,0.699999988079071,0.75,0.6499999761581421,0.699999988079071,0.699999988079071,629900
2008-12-16,0.7300000190734863,0.75,0.5699999928474426,0.5799999833106995,0.5799999833106995,341900
2008-12-17,0.6000000238418579,0.6200000047683716,0.550000011920929,0.6000000238418579,0.6000000238418579,825600
2008-12-18,0.6499999761581421,0.6700000166893005,0.6200000047683716,0.6299999952316284,0.6299999952316284,364900
2008-12-19,0.6299999952316284,0.7400000095367432,0.6000000238418579,0.699999988079071,0.699999988079071,760800
2008-12-22,0.800000011920929,0.8899999856948853,0.699999988079071,0.7599999904632568,0.7599999904632568,664700
2008-12-23,0.7200000286102295,0.7900000214576721,0.6600000262260437,0.7300000190734863,0.7300000190734863,470800
2008-12-24,0.6299999952316284,0.7300000190734863,0.6299999952316284,0.699999988079071,0.699999988079071,176100
2008-12-26,0.7300000190734863,0.7300000190734863,0.6399999856948853,0.6800000071525574,0.6800000071525574,137100
2008-12-29,0.699999988079071,0.699999988079071,0.6399999856948853,0.6700000166893005,0.6700000166893005,239100
2008-12-30,0.699999988079071,0.699999988079071,0.6200000047683716,0.6299999952316284,0.6299999952316284,251400
2008-12-31,0.699999988079071,0.699999988079071,0.6399999856948853,0.699999988079071,0.699999988079071,326200
2009-01-02,0.699999988079071,0.8199999928474426,0.6899999976158142,0.8199999928474426,0.8199999928474426,243300
2009-01-05,0.800000011920929,0.8700000047683716,0.800000011920929,0.8500000238418579,0.8500000238418579,151000
2009-01-06,0.8600000143051147,0.8600000143051147,0.7599999904632568,0.7900000214576721,0.7900000214576721,295300
2009-01-07,0.8199999928474426,0.8199999928474426,0.7400000095367432,0.7799999713897705,0.7799999713897705,110400
2009-01-08,0.800000011920929,0.800000011920929,0.7599999904632568,0.800000011920929,0.800000011920929,88300
2009-01-09,0.800000011920929,0.8799999952316284,0.7699999809265137,0.8600000143051147,0.8600000143051147,142200
2009-01-12,0.8600000143051147,0.8799999952316284,0.7799999713897705,0.7900000214576721,0.7900000214576721,140500
2009-01-13,0.8199999928474426,0.9599999785423279,0.800000011920929,0.9300000071525574,0.9300000071525574,190400
2009-01-14,0.9599999785423279,0.9599999785423279,0.8299999833106995,0.8399999737739563,0.8399999737739563,118400
2009-01-15,0.8799999952316284,0.9700000286102295,0.8299999833106995,0.9599999785423279,0.9599999785423279,211300
2009-01-16,1.0,1.100000023841858,0.9599999785423279,1.0700000524520874,1.0700000524520874,211900
2009-01-20,1.1200000047683716,1.1200000047683716,0.8999999761581421,0.949999988079071,0.949999988079071,140300
2009-01-21,0.949999988079071,0.9900000095367432,0.9100000262260437,0.9700000286102295,0.9700000286102295,54300
2009-01-22,1.0,1.0199999809265137,0.949999988079071,0.9599999785423279,0.9599999785423279,22500
2009-01-23,0.9800000190734863,0.9900000095367432,0.949999988079071,0.9599999785423279,0.9599999785423279,46200
2009-01-26,1.0099999904632568,1.0499999523162842,0.8500000238418579,0.9100000262260437,0.9100000262260437,198000
2009-01-27,0.9800000190734863,1.0,0.9100000262260437,0.9800000190734863,0.9800000190734863,78500
2009-01-28,1.0199999809265137,1.0299999713897705,0.9300000071525574,0.9399999976158142,0.9399999976158142,74100
2009-01-29,0.9900000095367432,0.9900000095367432,0.949999988079071,0.9599999785423279,0.9599999785423279,26400
2009-01-30,0.9599999785423279,0.9800000190734863,0.8899999856948853,0.9399999976158142,0.9399999976158142,62600
2009-02-02,0.9700000286102295,0.9700000286102295,0.8799999952316284,0.9100000262260437,0.9100000262260437,45300
2009-02-03,0.8899999856948853,0.8899999856948853,0.7599999904632568,0.7699999809265137,0.7699999809265137,197700
2009-02-04,0.8100000023841858,0.8600000143051147,0.7699999809265137,0.7799999713897705,0.7799999713897705,87800
2009-02-05,0.8100000023841858,0.8399999737739563,0.7699999809265137,0.8299999833106995,0.8299999833106995,40000
2009-02-06,0.8899999856948853,0.8999999761581421,0.7799999713897705,0.8999999761581421,0.8999999761581421,105900
2009-02-09,0.8899999856948853,0.8899999856948853,0.8100000023841858,0.8399999737739563,0.8399999737739563,33800
2009-02-10,0.8100000023841858,0.8600000143051147,0.7300000190734863,0.7400000095367432,0.7400000095367432,149700
2009-02-11,0.7300000190734863,0.7699999809265137,0.699999988079071,0.699999988079071,0.699999988079071,64200
2009-02-12,0.7400000095367432,0.75,0.6800000071525574,0.7099999785423279,0.7099999785423279,33200
2009-02-13,0.699999988079071,0.7900000214576721,0.6700000166893005,0.7900000214576721,0.7900000214576721,64500
2009-02-17,0.8100000023841858,0.8100000023841858,0.6800000071525574,0.7599999904632568,0.7599999904632568,76600
2009-02-18,0.800000011920929,0.800000011920929,0.6700000166893005,0.75,0.75,32100
2009-02-19,0.699999988079071,0.7699999809265137,0.6800000071525574,0.7200000286102295,0.7200000286102295,57600
2009-02-20,0.7799999713897705,0.7799999713897705,0.5899999737739563,0.6200000047683716,0.6200000047683716,240900
2009-02-23,0.6499999761581421,0.7099999785423279,0.6499999761581421,0.6800000071525574,0.6800000071525574,47200
2009-02-24,0.7200000286102295,0.8500000238418579,0.699999988079071,0.8500000238418579,0.8500000238418579,207300
2009-02-25,0.8500000238418579,0.8700000047683716,0.7200000286102295,0.7200000286102295,0.7200000286102295,115100
2009-02-26,0.7400000095367432,0.8299999833106995,0.7300000190734863,0.800000011920929,0.800000011920929,61400
2009-02-27,0.8299999833106995,0.8299999833106995,0.699999988079071,0.7400000095367432,0.7400000095367432,91900
2009-03-02,0.7099999785423279,0.7400000095367432,0.6800000071525574,0.7200000286102295,0.7200000286102295,78600
2009-03-03,0.6800000071525574,0.75,0.6800000071525574,0.7200000286102295,0.7200000286102295,31500
2009-03-04,0.7300000190734863,0.7699999809265137,0.6800000071525574,0.7599999904632568,0.7599999904632568,54400
2009-03-05,0.7699999809265137,0.7699999809265137,0.6800000071525574,0.6800000071525574,0.6800000071525574,33200
2009-03-06,0.6800000071525574,0.7300000190734863,0.6800000071525574,0.7099999785423279,0.7099999785423279,23000
2009-03-09,0.75,0.7799999713897705,0.75,0.7699999809265137,0.7699999809265137,86300
2009-03-10,0.75,0.7900000214576721,0.7400000095367432,0.7699999809265137,0.7699999809265137,54000
2009-03-11,0.699999988079071,0.7900000214576721,0.699999988079071,0.7200000286102295,0.7200000286102295,21200
2009-03-12,0.7699999809265137,0.800000011920929,0.75,0.800000011920929,0.800000011920929,30500
2009-03-13,0.8100000023841858,0.8500000238418579,0.75,0.8299999833106995,0.8299999833106995,65500
2009-03-16,0.8299999833106995,0.8399999737739563,0.7699999809265137,0.8399999737739563,0.8399999737739563,50700
2009-03-17,0.8100000023841858,0.8299999833106995,0.7799999713897705,0.8100000023841858,0.8100000023841858,34700
2009-03-18,0.8100000023841858,0.8299999833106995,0.7400000095367432,0.800000011920929,0.800000011920929,119300
2009-03-19,0.8299999833106995,0.8299999833106995,0.7300000190734863,0.75,0.75,83700
2009-03-20,0.7799999713897705,0.7799999713897705,0.6700000166893005,0.6700000166893005,0.6700000166893005,84300
2009-03-23,0.699999988079071,0.699999988079071,0.6399999856948853,0.6499999761581421,0.6499999761581421,114300
2009-03-24,0.6499999761581421,0.6600000262260437,0.6100000143051147,0.6299999952316284,0.6299999952316284,102100
2009-03-25,0.6299999952316284,0.6800000071525574,0.6200000047683716,0.6499999761581421,0.6499999761581421,137400
2009-03-26,0.6399999856948853,0.6700000166893005,0.6000000238418579,0.6700000166893005,0.6700000166893005,187000
2009-03-27,0.6600000262260437,0.6700000166893005,0.6299999952316284,0.6399999856948853,0.6399999856948853,250800
2009-03-30,0.6700000166893005,0.6700000166893005,0.6499999761581421,0.6600000262260437,0.6600000262260437,27900
2009-03-31,0.6800000071525574,0.6800000071525574,0.6299999952316284,0.6800000071525574,0.6800000071525574,53200
2009-04-01,0.6800000071525574,0.6800000071525574,0.6299999952316284,0.6800000071525574,0.6800000071525574,30000
2009-04-02,0.6600000262260437,0.699999988079071,0.6600000262260437,0.6700000166893005,0.6700000166893005,69200
2009-04-03,0.6399999856948853,0.6700000166893005,0.6399999856948853,0.6399999856948853,0.6399999856948853,36200
2009-04-06,0.6399999856948853,0.6800000071525574,0.6399999856948853,0.6700000166893005,0.6700000166893005,63300
2009-04-07,0.6800000071525574,0.7900000214576721,0.6700000166893005,0.7799999713897705,0.7799999713897705,328800
2009-04-08,0.800000011920929,0.8100000023841858,0.7799999713897705,0.7900000214576721,0.7900000214576721,141500
2009-04-09,0.8100000023841858,0.8700000047683716,0.7900000214576721,0.8700000047683716,0.8700000047683716,172700
2009-04-13,0.8799999952316284,1.0399999618530273,0.8799999952316284,1.0099999904632568,1.0099999904632568,246900
2009-04-14,1.0399999618530273,1.0800000429153442,0.9100000262260437,0.9200000166893005,0.9200000166893005,399000
2009-04-15,0.949999988079071,0.949999988079071,0.8500000238418579,0.8700000047683716,0.8700000047683716,127100
2009-04-16,0.8899999856948853,0.9399999976158142,0.8899999856948853,0.9200000166893005,0.9200000166893005,84200
2009-04-17,0.9300000071525574,1.0,0.9200000166893005,0.949999988079071,0.949999988079071,249800
2009-04-20,1.0499999523162842,1.0499999523162842,0.9900000095367432,1.0199999809265137,1.0199999809265137,528400
2009-04-21,1.100000023841858,1.2000000476837158,1.059999942779541,1.1100000143051147,1.1100000143051147,621100
2009-04-22,1.149999976158142,1.190000057220459,1.1200000047683716,1.159999966621399,1.159999966621399,384400
2009-04-23,1.2000000476837158,1.2000000476837158,1.0299999713897705,1.059999942779541,1.059999942779541,294100
2009-04-24,1.100000023841858,1.100000023841858,1.0199999809265137,1.090000033378601,1.090000033378601,163200
2009-04-27,1.5,1.5,1.1799999475479126,1.340000033378601,1.340000033378601,599600
2009-04-28,1.440000057220459,1.4700000286102295,1.3600000143051147,1.3799999952316284,1.3799999952316284,404800
2009-04-29,1.4199999570846558,1.4500000476837158,1.25,1.2899999618530273,1.2899999618530273,216300
2009-04-30,1.2799999713897705,1.2999999523162842,1.0800000429153442,1.1699999570846558,1.1699999570846558,332500
2009-05-01,1.100000023841858,1.100000023841858,0.8999999761581421,1.0499999523162842,1.0499999523162842,699900
2009-05-04,0.9100000262260437,1.0399999618530273,0.8999999761581421,0.9599999785423279,0.9599999785423279,492500
2009-05-05,0.9599999785423279,1.090000033378601,0.949999988079071,1.090000033378601,1.090000033378601,247300
2009-05-06,1.090000033378601,1.100000023841858,1.0,1.100000023841858,1.100000023841858,181500
2009-05-07,1.100000023841858,1.1100000143051147,1.0199999809265137,1.0399999618530273,1.0399999618530273,90700
2009-05-08,1.0399999618530273,1.100000023841858,0.9700000286102295,0.9700000286102295,0.9700000286102295,236200
2009-05-11,1.0,1.100000023841858,1.0,1.090000033378601,1.090000033378601,146800
2009-05-12,1.100000023841858,1.100000023841858,1.0099999904632568,1.0199999809265137,1.0199999809265137,123200
2009-05-13,1.0499999523162842,1.0800000429153442,1.0099999904632568,1.0199999809265137,1.0199999809265137,105500
2009-05-14,1.0199999809265137,1.059999942779541,1.0,1.0399999618530273,1.0399999618530273,102100
2009-05-15,1.059999942779541,1.149999976158142,0.9700000286102295,0.9900000095367432,0.9900000095367432,716900
2009-05-18,1.0,1.100000023841858,0.9900000095367432,1.0099999904632568,1.0099999904632568,212500
2009-05-19,1.0499999523162842,1.0700000524520874,1.0099999904632568,1.0099999904632568,1.0099999904632568,46300
2009-05-20,1.0499999523162842,1.0700000524520874,1.0099999904632568,1.0099999904632568,1.0099999904632568,71200
2009-05-21,1.0099999904632568,1.0700000524520874,0.9700000286102295,1.0700000524520874,1.0700000524520874,122800
2009-05-22,1.0800000429153442,1.0800000429153442,0.9800000190734863,1.0800000429153442,1.0800000429153442,102500
2009-05-26,1.0700000524520874,1.0700000524520874,0.9800000190734863,1.0199999809265137,1.0199999809265137,92600
2009-05-27,1.0,1.0299999713897705,0.9900000095367432,1.0299999713897705,1.0299999713897705,34900
2009-05-28,1.090000033378601,1.25,1.0499999523162842,1.2000000476837158,1.2000000476837158,669800
2009-05-29,1.2000000476837158,1.2400000095367432,1.100000023841858,1.2400000095367432,1.2400000095367432,309400
2009-06-01,1.2699999809265137,1.2699999809265137,1.1399999856948853,1.1699999570846558,1.1699999570846558,288300
2009-06-02,1.2200000286102295,1.2200000286102295,1.1100000143051147,1.1799999475479126,1.1799999475479126,106300
2009-06-03,1.159999966621399,1.190000057220459,1.059999942779541,1.059999942779541,1.059999942779541,235300
2009-06-04,1.059999942779541,1.1399999856948853,1.0199999809265137,1.1399999856948853,1.1399999856948853,344300
2009-06-05,1.1399999856948853,1.1399999856948853,1.0800000429153442,1.100000023841858,1.100000023841858,101300
2009-06-08,1.059999942779541,1.1399999856948853,1.0499999523162842,1.1399999856948853,1.1399999856948853,135200
2009-06-09,1.100000023841858,1.1399999856948853,1.090000033378601,1.1399999856948853,1.1399999856948853,98200
2009-06-10,1.1799999475479126,1.1799999475479126,1.0800000429153442,1.1299999952316284,1.1299999952316284,43600
2009-06-11,1.0800000429153442,1.149999976158142,1.0800000429153442,1.149999976158142,1.149999976158142,76200
2009-06-12,1.149999976158142,1.149999976158142,1.0800000429153442,1.0800000429153442,1.0800000429153442,74700
2009-06-15,1.090000033378601,1.090000033378601,1.0499999523162842,1.059999942779541,1.059999942779541,38000
2009-06-16,1.100000023841858,1.100000023841858,1.059999942779541,1.0700000524520874,1.0700000524520874,33800
2009-06-17,1.0700000524520874,1.0700000524520874,0.9800000190734863,1.0099999904632568,1.0099999904632568,125700
2009-06-18,1.0099999904632568,1.059999942779541,1.0,1.0399999618530273,1.0399999618530273,50300
2009-06-19,1.0199999809265137,1.059999942779541,1.0099999904632568,1.0199999809265137,1.0199999809265137,60900
2009-06-22,1.0299999713897705,1.0299999713897705,0.9800000190734863,1.0199999809265137,1.0199999809265137,84500
2009-06-23,0.9800000190734863,1.0099999904632568,0.8500000238418579,0.8899999856948853,0.8899999856948853,229600
2009-06-24,0.8799999952316284,1.0299999713897705,0.8600000143051147,1.0099999904632568,1.0099999904632568,161500
2009-06-25,1.0,1.0,0.8999999761581421,0.949999988079071,0.949999988079071,38100
2009-06-26,0.9599999785423279,1.0099999904632568,0.9200000166893005,1.0099999904632568,1.0099999904632568,68600
2009-06-29,0.9700000286102295,0.9700000286102295,0.8999999761581421,0.8999999761581421,0.8999999761581421,46300
2009-06-30,0.9100000262260437,1.0299999713897705,0.9100000262260437,1.0299999713897705,1.0299999713897705,100300
2009-07-01,0.9800000190734863,1.0499999523162842,0.949999988079071,0.949999988079071,0.949999988079071,58100
2009-07-02,0.9700000286102295,0.9700000286102295,0.949999988079071,0.9700000286102295,0.9700000286102295,16200
2009-07-06,0.949999988079071,0.949999988079071,0.9100000262260437,0.9200000166893005,0.9200000166893005,23800
2009-07-07,0.9300000071525574,1.0,0.9200000166893005,0.9300000071525574,0.9300000071525574,37200
2009-07-08,0.9200000166893005,0.9200000166893005,0.8100000023841858,0.8600000143051147,0.8600000143051147,328500
2009-07-09,0.8299999833106995,0.8999999761581421,0.8299999833106995,0.8799999952316284,0.8799999952316284,46500
2009-07-10,0.8799999952316284,0.8799999952316284,0.8500000238418579,0.8700000047683716,0.8700000047683716,60800
2009-07-13,0.9100000262260437,0.9800000190734863,0.8999999761581421,0.9300000071525574,0.9300000071525574,120400
2009-07-14,0.9700000286102295,1.0,0.9399999976158142,0.9800000190734863,0.9800000190734863,111100
2009-07-15,0.9800000190734863,0.9800000190734863,0.949999988079071,0.9599999785423279,0.9599999785423279,56100
2009-07-16,0.9399999976158142,1.0399999618530273,0.9399999976158142,0.949999988079071,0.949999988079071,263400
2009-07-17,1.0,1.0499999523162842,0.949999988079071,1.0399999618530273,1.0399999618530273,151700
2009-07-20,1.0499999523162842,1.159999966621399,1.0299999713897705,1.1399999856948853,1.1399999856948853,229400
2009-07-21,1.159999966621399,1.2100000381469727,1.090000033378601,1.149999976158142,1.149999976158142,217800
2009-07-22,1.1299999952316284,1.2100000381469727,1.090000033378601,1.2100000381469727,1.2100000381469727,184700
2009-07-23,1.25,1.9500000476837158,1.2100000381469727,1.7999999523162842,1.7999999523162842,2307500
2009-07-24,2.059999942779541,2.3499999046325684,1.9500000476837158,2.049999952316284,2.049999952316284,1711300
2009-07-27,2.490000009536743,3.0,2.0999999046325684,2.9800000190734863,2.9800000190734863,2993600
2009-07-28,2.8399999141693115,2.880000114440918,2.1600000858306885,2.299999952316284,2.299999952316284,2230900
2009-07-29,2.200000047683716,2.25,1.75,1.940000057220459,1.940000057220459,1718100
2009-07-30,1.8799999952316284,2.130000114440918,1.850000023841858,1.909999966621399,1.909999966621399,978000
2009-07-31,1.850000023841858,1.8799999952316284,1.600000023841858,1.6699999570846558,1.6699999570846558,969800
2009-08-03,1.7300000190734863,1.840000033378601,1.7000000476837158,1.7699999809265137,1.7699999809265137,511400
2009-08-04,1.6399999856948853,1.7200000286102295,1.6200000047683716,1.6799999475479126,1.6799999475479126,273600
2009-08-05,1.659999966621399,1.75,1.600000023841858,1.75,1.75,450700
2009-08-06,1.7000000476837158,1.7000000476837158,1.600000023841858,1.7000000476837158,1.7000000476837158,392400
2009-08-07,1.659999966621399,1.850000023841858,1.600000023841858,1.7899999618530273,1.7899999618530273,774700
2009-08-10,1.7899999618530273,2.1500000953674316,1.75,2.069999933242798,2.069999933242798,1073200
2009-08-11,2.109999895095825,2.109999895095825,1.850000023841858,1.9600000381469727,1.9600000381469727,477100
2009-08-12,1.9199999570846558,2.0299999713897705,1.850000023841858,1.850000023841858,1.850000023841858,174900
2009-08-13,1.899999976158142,1.9199999570846558,1.809999942779541,1.899999976158142,1.899999976158142,166900
2009-08-14,1.899999976158142,1.9199999570846558,1.75,1.8600000143051147,1.8600000143051147,193700
2009-08-17,1.7999999523162842,1.8300000429153442,1.75,1.809999942779541,1.809999942779541,139400
2009-08-18,1.7799999713897705,1.7999999523162842,1.7200000286102295,1.7899999618530273,1.7899999618530273,323700
2009-08-19,2.309999942779541,3.569999933242798,2.1700000762939453,2.880000114440918,2.880000114440918,21300000
2009-08-20,2.4800000190734863,2.5,2.0399999618530273,2.0999999046325684,2.0999999046325684,11220800
2009-08-21,2.200000047683716,2.240000009536743,2.0199999809265137,2.069999933242798,2.069999933242798,2899000
2009-08-24,2.119999885559082,2.130000114440918,2.0299999713897705,2.109999895095825,2.109999895095825,1357500
2009-08-25,2.109999895095825,2.109999895095825,2.0199999809265137,2.049999952316284,2.049999952316284,1065800
2009-08-26,2.240000009536743,2.4000000953674316,2.1500000953674316,2.180000066757202,2.180000066757202,6038000
2009-08-27,2.2200000286102295,2.25,2.109999895095825,2.1500000953674316,2.1500000953674316,1464300
2009-08-28,2.2100000381469727,2.2100000381469727,2.109999895095825,2.130000114440918,2.130000114440918,846500
2009-08-31,2.119999885559082,2.200000047683716,2.0799999237060547,2.109999895095825,2.109999895095825,807400
2009-09-01,2.130000114440918,2.190000057220459,1.9500000476837158,1.9700000286102295,1.9700000286102295,1716800
2009-09-02,1.9500000476837158,2.0399999618530273,1.899999976158142,1.9800000190734863,1.9800000190734863,822500
2009-09-03,2.0,2.059999942779541,1.9600000381469727,2.0299999713897705,2.0299999713897705,663900
2009-09-04,2.0299999713897705,2.0999999046325684,1.9700000286102295,2.0199999809265137,2.0199999809265137,659500
2009-09-08,2.0799999237060547,2.109999895095825,2.0,2.0899999141693115,2.0899999141693115,743100
2009-09-09,2.069999933242798,2.200000047683716,2.059999942779541,2.180000066757202,2.180000066757202,1216900
2009-09-10,2.190000057220459,2.190000057220459,2.130000114440918,2.1500000953674316,2.1500000953674316,635600
2009-09-11,2.180000066757202,2.2899999618530273,2.109999895095825,2.180000066757202,2.180000066757202,1010200
2009-09-14,2.180000066757202,2.180000066757202,2.059999942779541,2.140000104904175,2.140000104904175,775800
2009-09-15,2.119999885559082,2.119999885559082,2.0399999618530273,2.0399999618530273,2.0399999618530273,778500
2009-09-16,2.0399999618530273,2.109999895095825,2.0399999618530273,2.0899999141693115,2.0899999141693115,545100
2009-09-17,2.25,2.5899999141693115,2.240000009536743,2.3399999141693115,2.3399999141693115,6558200
2009-09-18,2.319999933242798,2.359999895095825,2.2100000381469727,2.3399999141693115,2.3399999141693115,881800
2009-09-21,2.2699999809265137,2.390000104904175,2.25,2.309999942779541,2.309999942779541,467200
2009-09-22,2.2899999618530273,2.309999942779541,2.259999990463257,2.2899999618530273,2.2899999618530273,397100
2009-09-23,2.2899999618530273,2.359999895095825,2.25,2.2799999713897705,2.2799999713897705,550400
2009-09-24,2.299999952316284,2.299999952316284,2.0999999046325684,2.109999895095825,2.109999895095825,941200
2009-09-25,2.109999895095825,2.1700000762939453,2.0799999237060547,2.0799999237060547,2.0799999237060547,424000
2009-09-28,2.069999933242798,2.240000009536743,2.069999933242798,2.200000047683716,2.200000047683716,512400
2009-09-29,2.4000000953674316,2.509999990463257,2.2300000190734863,2.309999942779541,2.309999942779541,1285700
2009-09-30,2.359999895095825,2.359999895095825,2.1600000858306885,2.190000057220459,2.190000057220459,529800
2009-10-01,2.200000047683716,2.2200000286102295,2.0799999237060547,2.1500000953674316,2.1500000953674316,676100
2009-10-02,2.140000104904175,2.200000047683716,2.0899999141693115,2.200000047683716,2.200000047683716,583100
2009-10-05,2.180000066757202,2.2799999713897705,2.1600000858306885,2.2699999809265137,2.2699999809265137,283300
2009-10-06,2.2899999618530273,2.2899999618530273,2.180000066757202,2.25,2.25,357500
2009-10-07,2.200000047683716,2.2200000286102295,2.1600000858306885,2.200000047683716,2.200000047683716,140900
2009-10-08,2.2200000286102295,2.2300000190734863,2.180000066757202,2.200000047683716,2.200000047683716,142200
2009-10-09,2.2100000381469727,2.259999990463257,2.1500000953674316,2.2300000190734863,2.2300000190734863,213200
2009-10-12,2.259999990463257,2.299999952316284,2.200000047683716,2.25,2.25,205200
2009-10-13,2.25,2.299999952316284,2.200000047683716,2.299999952316284,2.299999952316284,304000
2009-10-14,2.3399999141693115,2.3399999141693115,2.2200000286102295,2.309999942779541,2.309999942779541,274400
2009-10-15,2.2899999618530273,2.309999942779541,2.2200000286102295,2.309999942779541,2.309999942779541,299900
2009-10-16,2.2899999618530273,2.299999952316284,2.25,2.2799999713897705,2.2799999713897705,142300
2009-10-19,2.2699999809265137,2.2799999713897705,2.2200000286102295,2.2799999713897705,2.2799999713897705,279200
2009-10-20,2.240000009536743,2.2699999809265137,2.200000047683716,2.259999990463257,2.259999990463257,375900
2009-10-21,2.2300000190734863,2.25,2.200000047683716,2.2300000190734863,2.2300000190734863,227100
2009-10-22,2.25,2.25,2.0899999141693115,2.1600000858306885,2.1600000858306885,390400
2009-10-23,2.1500000953674316,2.1500000953674316,2.0199999809265137,2.0299999713897705,2.0299999713897705,481100
2009-10-26,2.0299999713897705,2.0799999237060547,1.909999966621399,1.9199999570846558,1.9199999570846558,477800
2009-10-27,1.9900000095367432,2.049999952316284,1.7999999523162842,1.9900000095367432,1.9900000095367432,438900
2009-10-28,1.940000057220459,1.940000057220459,1.7899999618530273,1.8200000524520874,1.8200000524520874,315700
2009-10-29,1.850000023841858,2.0399999618530273,1.7999999523162842,1.9600000381469727,1.9600000381469727,382700
2009-10-30,1.8600000143051147,1.9199999570846558,1.6699999570846558,1.6799999475479126,1.6799999475479126,713000
2009-11-02,1.7400000095367432,1.7400000095367432,1.5700000524520874,1.6399999856948853,1.6399999856948853,418400
2009-11-03,1.6399999856948853,1.8300000429153442,1.6399999856948853,1.809999942779541,1.809999942779541,270500
2009-11-04,1.7999999523162842,1.7999999523162842,1.7200000286102295,1.7400000095367432,1.7400000095367432,135500
2009-11-05,1.7200000286102295,1.8899999856948853,1.7200000286102295,1.8799999952316284,1.8799999952316284,204900
2009-11-06,1.8899999856948853,1.940000057220459,1.840000033378601,1.940000057220459,1.940000057220459,164300
2009-11-09,2.0,2.0799999237060547,1.9500000476837158,1.9800000190734863,1.9800000190734863,432800
2009-11-10,2.0899999141693115,2.140000104904175,2.0,2.109999895095825,2.109999895095825,402000
2009-11-11,2.180000066757202,2.319999933242798,2.0399999618530273,2.2100000381469727,2.2100000381469727,1374500
2009-11-12,2.25,2.690000057220459,2.25,2.690000057220459,2.690000057220459,2521400
2009-11-13,2.6700000762939453,2.7899999618530273,2.5299999713897705,2.7200000286102295,2.7200000286102295,2034700
2009-11-16,2.75,2.8299999237060547,2.509999990463257,2.559999942779541,2.559999942779541,850500
2009-11-17,2.0799999237060547,2.3499999046325684,2.0,2.0899999141693115,2.0899999141693115,2447600
2009-11-18,2.0799999237060547,2.109999895095825,2.009999990463257,2.109999895095825,2.109999895095825,699300
2009-11-19,2.119999885559082,2.119999885559082,1.9500000476837158,2.0299999713897705,2.0299999713897705,506400
2009-11-20,2.0399999618530273,2.0399999618530273,1.9500000476837158,2.0,2.0,306300
2009-11-23,2.0,2.0,1.940000057220459,1.9800000190734863,1.9800000190734863,287200
2009-11-24,1.940000057220459,1.9700000286102295,1.8700000047683716,1.9500000476837158,1.9500000476837158,266400
2009-11-25,1.9800000190734863,1.9800000190734863,1.9199999570846558,1.9500000476837158,1.9500000476837158,174400
2009-11-27,1.909999966621399,1.909999966621399,1.8700000047683716,1.899999976158142,1.899999976158142,67400
2009-11-30,1.899999976158142,1.899999976158142,1.8200000524520874,1.8200000524520874,1.8200000524520874,193100
2009-12-01,1.850000023841858,1.9700000286102295,1.850000023841858,1.940000057220459,1.940000057220459,238100
2009-12-02,1.909999966621399,1.9800000190734863,1.899999976158142,1.9299999475479126,1.9299999475479126,128000
2009-12-03,1.9299999475479126,1.9299999475479126,1.850000023841858,1.8799999952316284,1.8799999952316284,114600
2009-12-04,1.899999976158142,1.9199999570846558,1.850000023841858,1.899999976158142,1.899999976158142,185300
2009-12-07,1.940000057220459,1.940000057220459,1.8600000143051147,1.8799999952316284,1.8799999952316284,133100
2009-12-08,1.909999966621399,1.909999966621399,1.8600000143051147,1.8899999856948853,1.8899999856948853,106800
2009-12-09,1.8799999952316284,1.8899999856948853,1.7799999713897705,1.850000023841858,1.850000023841858,299700
2009-12-10,1.840000033378601,1.8600000143051147,1.7999999523162842,1.809999942779541,1.809999942779541,82700
2009-12-11,1.7999999523162842,1.840000033378601,1.7799999713897705,1.8300000429153442,1.8300000429153442,106900
2009-12-14,1.8300000429153442,1.8300000429153442,1.7599999904632568,1.7899999618530273,1.7899999618530273,235600
2009-12-15,1.7599999904632568,1.7999999523162842,1.7599999904632568,1.7699999809265137,1.7699999809265137,77500
2009-12-16,1.7999999523162842,1.7999999523162842,1.7599999904632568,1.7599999904632568,1.7599999904632568,143100
2009-12-17,1.7599999904632568,1.7999999523162842,1.7400000095367432,1.7799999713897705,1.7799999713897705,163300
2009-12-18,1.7699999809265137,1.7699999809265137,1.6799999475479126,1.6799999475479126,1.6799999475479126,700500
2009-12-21,1.7100000381469727,1.8300000429153442,1.7000000476837158,1.7200000286102295,1.7200000286102295,321800
2009-12-22,1.7300000190734863,1.7899999618530273,1.649999976158142,1.7000000476837158,1.7000000476837158,178500
2009-12-23,1.7400000095367432,1.8899999856948853,1.7000000476837158,1.8899999856948853,1.8899999856948853,214900
2009-12-24,1.8700000047683716,1.8799999952316284,1.7999999523162842,1.850000023841858,1.850000023841858,148000
2009-12-28,1.8700000047683716,1.909999966621399,1.8300000429153442,1.840000033378601,1.840000033378601,210800
2009-12-29,1.8300000429153442,1.8600000143051147,1.809999942779541,1.840000033378601,1.840000033378601,126900
2009-12-30,1.7999999523162842,1.840000033378601,1.7999999523162842,1.8200000524520874,1.8200000524520874,79500
2009-12-31,1.7999999523162842,1.9900000095367432,1.7999999523162842,1.9900000095367432,1.9900000095367432,348500
2010-01-04,1.9800000190734863,1.9800000190734863,1.7799999713897705,1.7999999523162842,1.7999999523162842,365900
2010-01-05,1.8600000143051147,1.8600000143051147,1.7599999904632568,1.7799999713897705,1.7799999713897705,218900
2010-01-06,1.7799999713897705,1.909999966621399,1.7799999713897705,1.850000023841858,1.850000023841858,203800
2010-01-07,1.899999976158142,1.899999976158142,1.8200000524520874,1.899999976158142,1.899999976158142,122100
2010-01-08,1.940000057220459,1.9700000286102295,1.909999966621399,1.9600000381469727,1.9600000381469727,221700
2010-01-11,1.9800000190734863,2.180000066757202,1.9700000286102295,2.1500000953674316,2.1500000953674316,600100
2010-01-12,2.140000104904175,2.1600000858306885,1.9199999570846558,2.0399999618530273,2.0399999618530273,287900
2010-01-13,2.049999952316284,2.059999942779541,1.9199999570846558,1.9700000286102295,1.9700000286102295,296200
2010-01-14,2.2300000190734863,2.490000009536743,2.119999885559082,2.2300000190734863,2.2300000190734863,2668200
2010-01-15,2.1700000762939453,2.2200000286102295,2.0399999618530273,2.140000104904175,2.140000104904175,432800
2010-01-19,2.140000104904175,2.1700000762939453,2.049999952316284,2.119999885559082,2.119999885559082,143900
2010-01-20,2.130000114440918,2.140000104904175,2.0399999618530273,2.0899999141693115,2.0899999141693115,177400
2010-01-21,2.0999999046325684,2.0999999046325684,2.009999990463257,2.0799999237060547,2.0799999237060547,168900
2010-01-22,2.0799999237060547,2.0799999237060547,1.9500000476837158,1.9500000476837158,1.9500000476837158,227400
2010-01-25,1.9500000476837158,2.0399999618530273,1.9500000476837158,1.9600000381469727,1.9600000381469727,154000
2010-01-26,1.9600000381469727,1.9700000286102295,1.8799999952316284,1.9199999570846558,1.9199999570846558,126700
2010-01-27,1.9500000476837158,1.9500000476837158,1.899999976158142,1.899999976158142,1.899999976158142,113400
2010-01-28,1.9600000381469727,1.9700000286102295,1.840000033378601,1.8600000143051147,1.8600000143051147,171300
2010-01-29,1.8600000143051147,1.909999966621399,1.7999999523162842,1.840000033378601,1.840000033378601,195700
2010-02-01,1.8200000524520874,1.899999976158142,1.8200000524520874,1.8899999856948853,1.8899999856948853,76500
2010-02-02,1.8700000047683716,1.909999966621399,1.8300000429153442,1.909999966621399,1.909999966621399,108900
2010-02-03,1.940000057220459,2.069999933242798,1.9199999570846558,2.0299999713897705,2.0299999713897705,282100
2010-02-04,2.0299999713897705,2.059999942779541,1.850000023841858,1.8899999856948853,1.8899999856948853,225800
2010-02-05,1.909999966621399,1.9800000190734863,1.850000023841858,1.9500000476837158,1.9500000476837158,154200
2010-02-08,1.9500000476837158,2.0799999237060547,1.8700000047683716,2.0199999809265137,2.0199999809265137,125000
2010-02-09,2.240000009536743,2.259999990463257,2.0999999046325684,2.109999895095825,2.109999895095825,885800
2010-02-10,2.109999895095825,2.2300000190734863,2.009999990463257,2.0899999141693115,2.0899999141693115,309500
2010-02-11,2.0999999046325684,2.190000057220459,2.049999952316284,2.140000104904175,2.140000104904175,293400
2010-02-12,2.0999999046325684,2.2300000190734863,2.0999999046325684,2.2300000190734863,2.2300000190734863,338600
2010-02-16,2.2300000190734863,2.4000000953674316,2.2100000381469727,2.369999885559082,2.369999885559082,570800
2010-02-17,2.359999895095825,2.450000047683716,2.25,2.380000114440918,2.380000114440918,488100
2010-02-18,2.390000104904175,2.390000104904175,2.2799999713897705,2.299999952316284,2.299999952316284,273000
2010-02-19,2.259999990463257,2.3299999237060547,2.200000047683716,2.240000009536743,2.240000009536743,132400
2010-02-22,2.25,2.3299999237060547,2.2200000286102295,2.2799999713897705,2.2799999713897705,259400
2010-02-23,2.2100000381469727,2.259999990463257,2.180000066757202,2.25,2.25,228500
2010-02-24,2.2799999713897705,2.299999952316284,2.1500000953674316,2.1700000762939453,2.1700000762939453,197100
2010-02-25,2.200000047683716,2.2100000381469727,2.130000114440918,2.200000047683716,2.200000047683716,121100
2010-02-26,2.200000047683716,2.4800000190734863,2.200000047683716,2.450000047683716,2.450000047683716,304900
2010-03-01,2.4700000286102295,2.4700000286102295,2.2799999713897705,2.4000000953674316,2.4000000953674316,290800
2010-03-02,2.440000057220459,2.440000057220459,2.359999895095825,2.4100000858306885,2.4100000858306885,135700
2010-03-03,2.4200000762939453,2.4200000762939453,2.309999942779541,2.3399999141693115,2.3399999141693115,155300
2010-03-04,2.319999933242798,2.380000114440918,2.2799999713897705,2.3399999141693115,2.3399999141693115,98600
2010-03-05,2.309999942779541,2.359999895095825,2.299999952316284,2.309999942779541,2.309999942779541,158200
2010-03-08,2.309999942779541,2.440000057220459,2.309999942779541,2.359999895095825,2.359999895095825,153200
2010-03-09,2.619999885559082,2.75,2.509999990463257,2.640000104904175,2.640000104904175,1987900
2010-03-10,2.6700000762939453,2.7200000286102295,2.5999999046325684,2.630000114440918,2.630000114440918,480300
2010-03-11,2.6500000953674316,2.859999895095825,2.5999999046325684,2.8499999046325684,2.8499999046325684,848400
2010-03-12,2.930000066757202,3.140000104904175,2.8499999046325684,3.049999952316284,3.049999952316284,1310100
2010-03-15,3.059999942779541,3.059999942779541,2.680000066757202,2.799999952316284,2.799999952316284,745000
2010-03-16,2.799999952316284,2.990000009536743,2.740000009536743,2.8499999046325684,2.8499999046325684,403800
2010-03-17,2.859999895095825,2.9800000190734863,2.859999895095825,2.9100000858306885,2.9100000858306885,462700
2010-03-18,2.9000000953674316,2.950000047683716,2.8499999046325684,2.8499999046325684,2.8499999046325684,234500
2010-03-19,2.9000000953674316,2.940000057220459,2.740000009536743,2.740000009536743,2.740000009536743,412200
2010-03-22,2.759999990463257,2.880000114440918,2.680000066757202,2.859999895095825,2.859999895095825,339500
2010-03-23,2.890000104904175,3.049999952316284,2.869999885559082,2.9800000190734863,2.9800000190734863,694900
2010-03-24,3.009999990463257,3.0799999237060547,2.940000057220459,2.950000047683716,2.950000047683716,433700
2010-03-25,3.009999990463257,3.0299999713897705,2.8499999046325684,2.880000114440918,2.880000114440918,293900
2010-03-26,2.9000000953674316,2.940000057220459,2.8399999141693115,2.869999885559082,2.869999885559082,189500
2010-03-29,2.9200000762939453,2.9200000762939453,2.75,2.809999942779541,2.809999942779541,313200
2010-03-30,2.8499999046325684,2.8499999046325684,2.680000066757202,2.740000009536743,2.740000009536743,269000
2010-03-31,2.7699999809265137,2.869999885559082,2.7699999809265137,2.7899999618530273,2.7899999618530273,259300
2010-04-01,2.8399999141693115,2.869999885559082,2.7699999809265137,2.8299999237060547,2.8299999237060547,233600
2010-04-05,2.890000104904175,3.2699999809265137,2.8499999046325684,3.25,3.25,1431200
2010-04-06,3.299999952316284,3.3499999046325684,3.059999942779541,3.069999933242798,3.069999933242798,1167300
2010-04-07,3.0999999046325684,3.1600000858306885,3.009999990463257,3.1600000858306885,3.1600000858306885,500700
2010-04-08,3.180000066757202,3.180000066757202,2.990000009536743,3.0999999046325684,3.0999999046325684,353500
2010-04-09,3.0999999046325684,3.180000066757202,3.0299999713897705,3.049999952316284,3.049999952316284,292000
2010-04-12,3.0999999046325684,3.119999885559082,3.0199999809265137,3.0999999046325684,3.0999999046325684,249400
2010-04-13,3.1500000953674316,3.180000066757202,3.059999942779541,3.069999933242798,3.069999933242798,267600
2010-04-14,3.1500000953674316,3.200000047683716,3.0999999046325684,3.1700000762939453,3.1700000762939453,320600
2010-04-15,3.140000104904175,3.200000047683716,3.140000104904175,3.200000047683716,3.200000047683716,146600
2010-04-16,3.200000047683716,3.299999952316284,3.0999999046325684,3.25,3.25,452000
2010-04-19,3.25,3.25,3.119999885559082,3.190000057220459,3.190000057220459,216700
2010-04-20,3.2200000286102295,3.2300000190734863,3.130000114440918,3.1500000953674316,3.1500000953674316,157600
2010-04-21,3.119999885559082,3.200000047683716,3.049999952316284,3.180000066757202,3.180000066757202,239700
2010-04-22,3.1500000953674316,3.25,3.0999999046325684,3.2200000286102295,3.2200000286102295,111100
2010-04-23,3.259999990463257,3.490000009536743,3.200000047683716,3.359999895095825,3.359999895095825,422300
2010-04-26,3.3499999046325684,3.490000009536743,3.2699999809265137,3.3499999046325684,3.3499999046325684,506100
2010-04-27,3.3499999046325684,3.4000000953674316,3.1600000858306885,3.25,3.25,376900
2010-04-28,3.240000009536743,3.380000114440918,3.2100000381469727,3.3499999046325684,3.3499999046325684,278300
2010-04-29,3.3499999046325684,3.7100000381469727,3.3499999046325684,3.7100000381469727,3.7100000381469727,773200
2010-04-30,3.5,3.5,3.240000009536743,3.240000009536743,3.240000009536743,531300
2010-05-03,3.240000009536743,3.3399999141693115,2.990000009536743,3.0,3.0,585200
2010-05-04,2.9600000381469727,2.9700000286102295,2.8299999237060547,2.8299999237060547,2.8299999237060547,473200
2010-05-05,2.799999952316284,2.9000000953674316,2.609999895095825,2.799999952316284,2.799999952316284,449500
2010-05-06,2.859999895095825,2.859999895095825,2.4200000762939453,2.549999952316284,2.549999952316284,366200
2010-05-07,2.5999999046325684,2.7300000190734863,2.440000057220459,2.609999895095825,2.609999895095825,383300
2010-05-10,2.950000047683716,2.9700000286102295,2.7200000286102295,2.930000066757202,2.930000066757202,522200
2010-05-11,2.9200000762939453,3.0799999237060547,2.859999895095825,2.9800000190734863,2.9800000190734863,233400
2010-05-12,3.049999952316284,3.0999999046325684,2.990000009536743,3.059999942779541,3.059999942779541,165500
2010-05-13,3.0799999237060547,3.0899999141693115,2.890000104904175,2.9200000762939453,2.9200000762939453,238100
2010-05-14,2.9000000953674316,2.9000000953674316,2.75,2.7899999618530273,2.7899999618530273,215100
2010-05-17,2.75,2.9600000381469727,2.75,2.859999895095825,2.859999895095825,143900
2010-05-18,2.950000047683716,3.049999952316284,2.9100000858306885,2.9700000286102295,2.9700000286102295,261300
2010-05-19,2.990000009536743,3.0199999809265137,2.940000057220459,3.0199999809265137,3.0199999809265137,107600
2010-05-20,2.9600000381469727,2.9600000381469727,2.740000009536743,2.75,2.75,266600
2010-05-21,2.6500000953674316,2.8399999141693115,2.609999895095825,2.7200000286102295,2.7200000286102295,277700
2010-05-24,2.75,2.880000114440918,2.6700000762939453,2.809999942779541,2.809999942779541,76000
2010-05-25,2.6500000953674316,2.759999990463257,2.619999885559082,2.700000047683716,2.700000047683716,268000
2010-05-26,2.7699999809265137,2.950000047683716,2.75,2.799999952316284,2.799999952316284,265700
2010-05-27,2.940000057220459,3.059999942779541,2.940000057220459,3.049999952316284,3.049999952316284,399800
2010-05-28,3.049999952316284,3.240000009536743,2.9200000762939453,3.1600000858306885,3.1600000858306885,378100
2010-06-01,3.069999933242798,3.2699999809265137,3.059999942779541,3.200000047683716,3.200000047683716,229500
2010-06-02,3.25,3.309999942779541,3.1600000858306885,3.309999942779541,3.309999942779541,183300
2010-06-03,3.309999942779541,3.3499999046325684,3.1700000762939453,3.299999952316284,3.299999952316284,332900
2010-06-04,3.1700000762939453,3.319999933242798,3.1700000762939453,3.190000057220459,3.190000057220459,186100
2010-06-07,3.25,3.2799999713897705,3.0199999809265137,3.0199999809265137,3.0199999809265137,211400
2010-06-08,3.0,3.1700000762939453,2.9600000381469727,3.1700000762939453,3.1700000762939453,199600
2010-06-09,3.190000057220459,3.2100000381469727,3.059999942779541,3.1500000953674316,3.1500000953674316,141900
2010-06-10,3.190000057220459,3.2100000381469727,3.109999895095825,3.1600000858306885,3.1600000858306885,186000
2010-06-11,3.0799999237060547,3.2200000286102295,3.0799999237060547,3.1700000762939453,3.1700000762939453,147600
2010-06-14,3.2100000381469727,3.2100000381469727,3.140000104904175,3.180000066757202,3.180000066757202,175500
2010-06-15,3.190000057220459,3.2799999713897705,3.140000104904175,3.2699999809265137,3.2699999809265137,187400
2010-06-16,3.2799999713897705,3.319999933242798,3.25,3.299999952316284,3.299999952316284,173100
2010-06-17,3.3299999237060547,3.3299999237060547,3.259999990463257,3.319999933242798,3.319999933242798,78100
2010-06-18,3.299999952316284,3.4700000286102295,3.299999952316284,3.4700000286102295,3.4700000286102295,384300
2010-06-21,3.4700000286102295,3.4700000286102295,3.2100000381469727,3.25,3.25,236300
2010-06-22,3.2200000286102295,3.3499999046325684,3.180000066757202,3.2899999618530273,3.2899999618530273,161200
2010-06-23,3.319999933242798,3.369999885559082,3.2100000381469727,3.309999942779541,3.309999942779541,113700
2010-06-24,3.3299999237060547,3.380000114440918,3.1500000953674316,3.190000057220459,3.190000057220459,211100
2010-06-25,3.1600000858306885,3.4800000190734863,3.1500000953674316,3.4200000762939453,3.4200000762939453,5072800
2010-06-28,3.4200000762939453,3.4200000762939453,3.2699999809265137,3.2699999809265137,3.2699999809265137,228800
2010-06-29,3.200000047683716,3.2200000286102295,3.049999952316284,3.049999952316284,3.049999952316284,297600
2010-06-30,3.0899999141693115,3.190000057220459,3.0299999713897705,3.1600000858306885,3.1600000858306885,260800
2010-07-01,3.200000047683716,3.200000047683716,2.890000104904175,3.0,3.0,263100
2010-07-02,3.0299999713897705,3.0299999713897705,2.9200000762939453,2.990000009536743,2.990000009536743,132500
2010-07-06,3.0299999713897705,3.109999895095825,2.9200000762939453,2.9200000762939453,2.9200000762939453,142000
2010-07-07,2.930000066757202,2.9600000381469727,2.799999952316284,2.950000047683716,2.950000047683716,318600
2010-07-08,2.9700000286102295,3.009999990463257,2.9200000762939453,2.990000009536743,2.990000009536743,147400
2010-07-09,2.9700000286102295,3.009999990463257,2.890000104904175,2.990000009536743,2.990000009536743,101800
2010-07-12,2.990000009536743,3.0199999809265137,2.950000047683716,2.990000009536743,2.990000009536743,99800
2010-07-13,2.990000009536743,3.1500000953674316,2.9800000190734863,3.119999885559082,3.119999885559082,328200
2010-07-14,3.0999999046325684,3.180000066757202,3.069999933242798,3.140000104904175,3.140000104904175,158900
2010-07-15,3.1500000953674316,3.200000047683716,3.049999952316284,3.0999999046325684,3.0999999046325684,93000
2010-07-16,3.0999999046325684,3.109999895095825,3.009999990463257,3.0399999618530273,3.0399999618530273,163300
2010-07-19,3.0399999618530273,3.0899999141693115,2.859999895095825,3.0,3.0,159700
2010-07-20,2.950000047683716,2.9800000190734863,2.880000114440918,2.9800000190734863,2.9800000190734863,112100
2010-07-21,2.990000009536743,3.059999942779541,2.880000114440918,2.880000114440918,2.880000114440918,114800
2010-07-22,2.930000066757202,3.069999933242798,2.9100000858306885,3.069999933242798,3.069999933242798,96400
2010-07-23,3.049999952316284,3.0999999046325684,2.990000009536743,3.0899999141693115,3.0899999141693115,142100
2010-07-26,3.0799999237060547,3.25,3.059999942779541,3.240000009536743,3.240000009536743,215100
2010-07-27,3.259999990463257,3.259999990463257,3.130000114440918,3.1600000858306885,3.1600000858306885,141400
2010-07-28,3.140000104904175,3.1700000762939453,3.0899999141693115,3.130000114440918,3.130000114440918,137400
2010-07-29,3.130000114440918,3.190000057220459,2.9700000286102295,2.9700000286102295,2.9700000286102295,179800
2010-07-30,2.950000047683716,3.1500000953674316,2.950000047683716,3.0999999046325684,3.0999999046325684,163800
2010-08-02,3.119999885559082,3.2300000190734863,3.0999999046325684,3.1700000762939453,3.1700000762939453,160000
2010-08-03,3.1500000953674316,3.240000009536743,3.119999885559082,3.119999885559082,3.119999885559082,151000
2010-08-04,3.1600000858306885,3.2200000286102295,3.1500000953674316,3.2200000286102295,3.2200000286102295,118800
2010-08-05,3.190000057220459,3.240000009536743,3.1600000858306885,3.180000066757202,3.180000066757202,79200
2010-08-06,3.130000114440918,3.2300000190734863,3.0999999046325684,3.1500000953674316,3.1500000953674316,47400
2010-08-09,3.1600000858306885,3.2300000190734863,3.1600000858306885,3.2100000381469727,3.2100000381469727,122200
2010-08-10,3.1700000762939453,3.200000047683716,3.0999999046325684,3.109999895095825,3.109999895095825,52000
2010-08-11,3.0899999141693115,3.130000114440918,2.940000057220459,2.940000057220459,2.940000057220459,215700
2010-08-12,2.9000000953674316,3.049999952316284,2.9000000953674316,2.940000057220459,2.940000057220459,168500
2010-08-13,2.9100000858306885,2.9800000190734863,2.8499999046325684,2.859999895095825,2.859999895095825,122100
2010-08-16,2.8499999046325684,2.990000009536743,2.8499999046325684,2.9800000190734863,2.9800000190734863,179100
2010-08-17,3.009999990463257,3.109999895095825,2.9700000286102295,3.069999933242798,3.069999933242798,157400
2010-08-18,3.059999942779541,3.069999933242798,2.950000047683716,2.9700000286102295,2.9700000286102295,88300
2010-08-19,2.950000047683716,3.009999990463257,2.859999895095825,2.869999885559082,2.869999885559082,191000
2010-08-20,2.859999895095825,2.9100000858306885,2.859999895095825,2.869999885559082,2.869999885559082,175500
2010-08-23,2.880000114440918,3.0999999046325684,2.880000114440918,2.9800000190734863,2.9800000190734863,183600
2010-08-24,2.9000000953674316,2.950000047683716,2.9000000953674316,2.9200000762939453,2.9200000762939453,121400
2010-08-25,2.890000104904175,2.990000009536743,2.8499999046325684,2.9800000190734863,2.9800000190734863,97300
2010-08-26,2.9800000190734863,3.0199999809265137,2.9100000858306885,2.9100000858306885,2.9100000858306885,529000
2010-08-27,2.9600000381469727,2.9700000286102295,2.9100000858306885,2.940000057220459,2.940000057220459,132600
2010-08-30,2.940000057220459,2.9800000190734863,2.869999885559082,2.869999885559082,2.869999885559082,158100
2010-08-31,2.890000104904175,2.950000047683716,2.859999895095825,2.869999885559082,2.869999885559082,168100
2010-09-01,2.9200000762939453,3.0,2.869999885559082,3.0,3.0,200800
2010-09-02,3.0999999046325684,3.1600000858306885,3.0199999809265137,3.130000114440918,3.130000114440918,252500
2010-09-03,3.1500000953674316,3.180000066757202,3.119999885559082,3.130000114440918,3.130000114440918,157000
2010-09-07,3.1500000953674316,3.3499999046325684,3.0999999046325684,3.240000009536743,3.240000009536743,422800
2010-09-08,3.299999952316284,3.950000047683716,3.2799999713897705,3.6600000858306885,3.6600000858306885,1744400
2010-09-09,3.75,3.819999933242798,3.640000104904175,3.7100000381469727,3.7100000381469727,701000
2010-09-10,3.75,3.9200000762939453,3.609999895095825,3.630000114440918,3.630000114440918,505300
2010-09-13,3.75,3.8499999046325684,3.7100000381469727,3.7799999713897705,3.7799999713897705,544700
2010-09-14,3.8499999046325684,3.8499999046325684,3.630000114440918,3.640000104904175,3.640000104904175,439200
2010-09-15,3.6500000953674316,3.690000057220459,3.609999895095825,3.630000114440918,3.630000114440918,320600
2010-09-16,3.609999895095825,3.7100000381469727,3.609999895095825,3.6500000953674316,3.6500000953674316,187200
2010-09-17,3.740000009536743,3.7799999713897705,3.6500000953674316,3.740000009536743,3.740000009536743,303400
2010-09-20,3.75,3.950000047683716,3.75,3.9000000953674316,3.9000000953674316,469900
2010-09-21,3.9000000953674316,3.9000000953674316,3.680000066757202,3.680000066757202,3.680000066757202,541600
2010-09-22,3.680000066757202,3.859999895095825,3.6700000762939453,3.809999942779541,3.809999942779541,537000
2010-09-23,3.8299999237060547,3.8499999046325684,3.619999885559082,3.680000066757202,3.680000066757202,301400
2010-09-24,3.740000009536743,3.799999952316284,3.700000047683716,3.7699999809265137,3.7699999809265137,230400
2010-09-27,3.859999895095825,3.9000000953674316,3.7699999809265137,3.799999952316284,3.799999952316284,524100
2010-09-28,3.809999942779541,3.9000000953674316,3.6500000953674316,3.9000000953674316,3.9000000953674316,654800
2010-09-29,3.890000104904175,4.010000228881836,3.799999952316284,3.880000114440918,3.880000114440918,783600
2010-09-30,3.890000104904175,3.9600000381469727,3.8399999141693115,3.8399999141693115,3.8399999141693115,398600
2010-10-01,3.890000104904175,3.950000047683716,3.75,3.8499999046325684,3.8499999046325684,294700
2010-10-04,3.799999952316284,3.9200000762939453,3.7799999713897705,3.7799999713897705,3.7799999713897705,209700
2010-10-05,3.819999933242798,3.880000114440918,3.75,3.8399999141693115,3.8399999141693115,438400
2010-10-06,3.8299999237060547,3.859999895095825,3.799999952316284,3.799999952316284,3.799999952316284,162800
2010-10-07,3.8499999046325684,3.859999895095825,3.7100000381469727,3.740000009536743,3.740000009536743,259200
2010-10-08,3.7300000190734863,3.7300000190734863,3.700000047683716,3.7100000381469727,3.7100000381469727,200600
2010-10-11,3.7100000381469727,3.819999933242798,3.7100000381469727,3.809999942779541,3.809999942779541,127900
2010-10-12,3.8299999237060547,3.9100000858306885,3.819999933242798,3.869999885559082,3.869999885559082,171500
2010-10-13,3.950000047683716,3.950000047683716,3.880000114440918,3.930000066757202,3.930000066757202,282400
2010-10-14,3.930000066757202,3.950000047683716,3.740000009536743,3.7799999713897705,3.7799999713897705,257900
2010-10-15,3.8399999141693115,3.9200000762939453,3.7899999618530273,3.819999933242798,3.819999933242798,244100
2010-10-18,3.8499999046325684,3.859999895095825,3.6500000953674316,3.6500000953674316,3.6500000953674316,491500
2010-10-19,3.619999885559082,3.6700000762939453,3.3499999046325684,3.359999895095825,3.359999895095825,788600
2010-10-20,3.390000104904175,3.4000000953674316,3.200000047683716,3.2799999713897705,3.2799999713897705,449300
2010-10-21,3.299999952316284,3.299999952316284,3.1700000762939453,3.200000047683716,3.200000047683716,324100
2010-10-22,3.200000047683716,3.309999942779541,3.1500000953674316,3.240000009536743,3.240000009536743,311400
2010-10-25,3.2300000190734863,3.3499999046325684,3.200000047683716,3.299999952316284,3.299999952316284,214500
2010-10-26,3.2899999618530273,3.5199999809265137,3.259999990463257,3.509999990463257,3.509999990463257,301400
2010-10-27,3.490000009536743,3.5,3.3399999141693115,3.380000114440918,3.380000114440918,139600
2010-10-28,3.4000000953674316,3.5,3.369999885559082,3.4000000953674316,3.4000000953674316,179600
2010-10-29,3.4000000953674316,3.4200000762939453,3.25,3.2899999618530273,3.2899999618530273,296700
2010-11-01,3.3299999237060547,3.3399999141693115,3.240000009536743,3.25,3.25,279400
2010-11-02,3.2899999618530273,3.3499999046325684,3.25,3.3499999046325684,3.3499999046325684,227500
2010-11-03,3.3299999237060547,3.3499999046325684,3.2200000286102295,3.2899999618530273,3.2899999618530273,115500
2010-11-04,3.3499999046325684,3.380000114440918,3.309999942779541,3.359999895095825,3.359999895095825,312200
2010-11-05,3.3299999237060547,3.3499999046325684,3.2300000190734863,3.2300000190734863,3.2300000190734863,172900
2010-11-08,3.2100000381469727,3.259999990463257,3.130000114440918,3.1500000953674316,3.1500000953674316,185300
2010-11-09,3.130000114440918,3.25,3.119999885559082,3.1600000858306885,3.1600000858306885,166600
2010-11-10,2.75,2.75,2.490000009536743,2.5,2.5,3919700
2010-11-11,2.569999933242798,2.6500000953674316,2.509999990463257,2.549999952316284,2.549999952316284,917800
2010-11-12,2.5799999237060547,2.5999999046325684,2.5199999809265137,2.549999952316284,2.549999952316284,319500
2010-11-15,2.569999933242798,2.5999999046325684,2.559999942779541,2.559999942779541,2.559999942779541,394500
2010-11-16,2.5799999237060547,2.6500000953674316,2.5199999809265137,2.5299999713897705,2.5299999713897705,895500
2010-11-17,2.5299999713897705,2.5799999237060547,2.4700000286102295,2.4800000190734863,2.4800000190734863,362600
2010-11-18,2.5,2.5799999237060547,2.490000009536743,2.549999952316284,2.549999952316284,279500
2010-11-19,2.549999952316284,2.559999942779541,2.4700000286102295,2.509999990463257,2.509999990463257,431700
2010-11-22,2.509999990463257,2.569999933242798,2.5,2.509999990463257,2.509999990463257,345400
2010-11-23,2.4700000286102295,2.509999990463257,2.430000066757202,2.430000066757202,2.430000066757202,329700
2010-11-24,2.4700000286102295,2.5299999713897705,2.369999885559082,2.5299999713897705,2.5299999713897705,331400
2010-11-26,2.509999990463257,2.5999999046325684,2.509999990463257,2.509999990463257,2.509999990463257,138600
2010-11-29,2.509999990463257,2.5399999618530273,2.440000057220459,2.4700000286102295,2.4700000286102295,405100
2010-11-30,2.4800000190734863,2.509999990463257,2.4100000858306885,2.4100000858306885,2.4100000858306885,335700
2010-12-01,2.490000009536743,2.490000009536743,2.3499999046325684,2.4100000858306885,2.4100000858306885,652500
2010-12-02,2.4100000858306885,2.4100000858306885,2.3499999046325684,2.4000000953674316,2.4000000953674316,610400
2010-12-03,2.380000114440918,2.4100000858306885,2.3499999046325684,2.4000000953674316,2.4000000953674316,253500
2010-12-06,2.4000000953674316,2.4100000858306885,2.369999885559082,2.390000104904175,2.390000104904175,345800
2010-12-07,2.390000104904175,2.4700000286102295,2.380000114440918,2.440000057220459,2.440000057220459,491900
2010-12-08,2.430000066757202,2.440000057220459,2.380000114440918,2.380000114440918,2.380000114440918,386100
2010-12-09,2.4000000953674316,2.4000000953674316,2.319999933242798,2.3399999141693115,2.3399999141693115,435600
2010-12-10,2.359999895095825,2.4000000953674316,2.130000114440918,2.180000066757202,2.180000066757202,1267500
2010-12-13,2.309999942779541,2.319999933242798,2.109999895095825,2.119999885559082,2.119999885559082,680400
2010-12-14,2.109999895095825,2.2100000381469727,2.109999895095825,2.190000057220459,2.190000057220459,656700
2010-12-15,2.450000047683716,2.450000047683716,2.130000114440918,2.3299999237060547,2.3299999237060547,637600
2010-12-16,2.309999942779541,2.369999885559082,2.259999990463257,2.2899999618530273,2.2899999618530273,353700
2010-12-17,2.299999952316284,2.319999933242798,2.2100000381469727,2.319999933242798,2.319999933242798,1159800
2010-12-20,2.299999952316284,2.4000000953674316,2.2300000190734863,2.380000114440918,2.380000114440918,572200
2010-12-21,2.380000114440918,2.5,2.3299999237060547,2.4800000190734863,2.4800000190734863,649800
2010-12-22,2.4800000190734863,2.569999933242798,2.430000066757202,2.490000009536743,2.490000009536743,875600
2010-12-23,2.5,2.5,2.440000057220459,2.4600000381469727,2.4600000381469727,202800
2010-12-27,2.430000066757202,2.619999885559082,2.430000066757202,2.609999895095825,2.609999895095825,458300
2010-12-28,2.5999999046325684,2.630000114440918,2.5399999618530273,2.569999933242798,2.569999933242798,347200
2010-12-29,2.5899999141693115,2.5999999046325684,2.509999990463257,2.549999952316284,2.549999952316284,257700
2010-12-30,2.549999952316284,2.619999885559082,2.4800000190734863,2.4800000190734863,2.4800000190734863,266600
2010-12-31,2.4800000190734863,2.5199999809265137,2.450000047683716,2.4600000381469727,2.4600000381469727,168000
2011-01-03,2.4700000286102295,2.5399999618530273,2.450000047683716,2.4800000190734863,2.4800000190734863,312600
2011-01-04,2.4800000190734863,2.509999990463257,2.4000000953674316,2.4000000953674316,2.4000000953674316,202000
2011-01-05,2.4000000953674316,2.5799999237060547,2.4000000953674316,2.5799999237060547,2.5799999237060547,426300
2011-01-06,2.559999942779541,2.7300000190734863,2.509999990463257,2.619999885559082,2.619999885559082,1286300
2011-01-07,2.640000104904175,2.819999933242798,2.609999895095825,2.630000114440918,2.630000114440918,1492300
2011-01-10,2.630000114440918,2.819999933242798,2.630000114440918,2.819999933242798,2.819999933242798,1240300
2011-01-11,2.819999933242798,2.9700000286102295,2.819999933242798,2.859999895095825,2.859999895095825,1358200
2011-01-12,2.9000000953674316,2.930000066757202,2.8299999237060547,2.880000114440918,2.880000114440918,694100
2011-01-13,3.069999933242798,3.1700000762939453,2.950000047683716,3.0399999618530273,3.0399999618530273,1999000
2011-01-14,3.140000104904175,3.440000057220459,3.0999999046325684,3.4200000762939453,3.4200000762939453,2153500
2011-01-18,3.549999952316284,3.6500000953674316,3.5,3.559999942779541,3.559999942779541,2153600
2011-01-19,3.5999999046325684,3.680000066757202,3.2699999809265137,3.440000057220459,3.440000057220459,2047800
2011-01-20,3.5999999046325684,3.640000104904175,3.450000047683716,3.5399999618530273,3.5399999618530273,1180500
2011-01-21,3.5899999141693115,3.630000114440918,3.549999952316284,3.549999952316284,3.549999952316284,1089700
2011-01-24,3.5899999141693115,3.619999885559082,3.5299999713897705,3.559999942779541,3.559999942779541,597700
2011-01-25,3.5899999141693115,3.609999895095825,3.4700000286102295,3.490000009536743,3.490000009536743,668200
2011-01-26,3.490000009536743,3.5,3.380000114440918,3.490000009536743,3.490000009536743,523400
2011-01-27,3.5,3.5899999141693115,3.440000057220459,3.4600000381469727,3.4600000381469727,464500
2011-01-28,3.450000047683716,3.509999990463257,3.200000047683716,3.240000009536743,3.240000009536743,884200
2011-01-31,3.2699999809265137,3.299999952316284,3.109999895095825,3.299999952316284,3.299999952316284,832300
2011-02-01,3.319999933242798,3.450000047683716,3.309999942779541,3.4000000953674316,3.4000000953674316,485300
2011-02-02,3.359999895095825,3.4200000762939453,3.299999952316284,3.309999942779541,3.309999942779541,294200
2011-02-03,3.299999952316284,3.3499999046325684,3.2699999809265137,3.3299999237060547,3.3299999237060547,244700
2011-02-04,3.3399999141693115,3.4000000953674316,3.2699999809265137,3.3499999046325684,3.3499999046325684,265400
2011-02-07,3.3399999141693115,3.4700000286102295,3.3299999237060547,3.359999895095825,3.359999895095825,454000
2011-02-08,3.380000114440918,3.450000047683716,3.3399999141693115,3.440000057220459,3.440000057220459,468900
2011-02-09,3.4100000858306885,3.5,3.369999885559082,3.4000000953674316,3.4000000953674316,283000
2011-02-10,3.390000104904175,3.450000047683716,3.3399999141693115,3.369999885559082,3.369999885559082,378200
2011-02-11,3.359999895095825,3.450000047683716,3.309999942779541,3.440000057220459,3.440000057220459,600600
2011-02-14,3.430000066757202,3.5,3.380000114440918,3.4100000858306885,3.4100000858306885,530300
2011-02-15,3.4100000858306885,3.440000057220459,3.319999933242798,3.380000114440918,3.380000114440918,434000
2011-02-16,3.4800000190734863,3.5899999141693115,3.390000104904175,3.5399999618530273,3.5399999618530273,1091800
2011-02-17,3.549999952316284,3.6700000762939453,3.5299999713897705,3.569999933242798,3.569999933242798,534200
2011-02-18,3.5799999237060547,3.6700000762939453,3.4800000190734863,3.5299999713897705,3.5299999713897705,734700
2011-02-22,3.5,3.5,3.319999933242798,3.3299999237060547,3.3299999237060547,654000
2011-02-23,3.3499999046325684,3.390000104904175,3.180000066757202,3.2100000381469727,3.2100000381469727,473900
2011-02-24,3.200000047683716,3.2799999713897705,3.140000104904175,3.25,3.25,390300
2011-02-25,3.240000009536743,3.5199999809265137,3.2300000190734863,3.490000009536743,3.490000009536743,566000
2011-02-28,3.5,3.5899999141693115,3.4000000953674316,3.440000057220459,3.440000057220459,426600
2011-03-01,3.450000047683716,3.450000047683716,3.2799999713897705,3.2799999713897705,3.2799999713897705,472000
2011-03-02,3.2699999809265137,3.299999952316284,3.25,3.2799999713897705,3.2799999713897705,414400
2011-03-03,3.319999933242798,3.390000104904175,3.2799999713897705,3.359999895095825,3.359999895095825,445200
2011-03-04,3.0,3.009999990463257,2.8299999237060547,2.9000000953674316,2.9000000953674316,2759800
2011-03-07,2.869999885559082,2.9200000762939453,2.630000114440918,2.6600000858306885,2.6600000858306885,1224600
2011-03-08,2.6600000858306885,2.7899999618530273,2.640000104904175,2.7200000286102295,2.7200000286102295,471700
2011-03-09,2.7200000286102295,2.75,2.6600000858306885,2.680000066757202,2.680000066757202,340800
2011-03-10,2.5999999046325684,2.680000066757202,2.569999933242798,2.5999999046325684,2.5999999046325684,439200
2011-03-11,2.549999952316284,2.640000104904175,2.5,2.5899999141693115,2.5899999141693115,402800
2011-03-14,2.549999952316284,2.619999885559082,2.5199999809265137,2.559999942779541,2.559999942779541,280700
2011-03-15,2.5,2.5399999618530273,2.450000047683716,2.5199999809265137,2.5199999809265137,652300
2011-03-16,2.4800000190734863,2.5899999141693115,2.450000047683716,2.4700000286102295,2.4700000286102295,585500
2011-03-17,2.5,2.5199999809265137,2.450000047683716,2.4700000286102295,2.4700000286102295,313900
2011-03-18,2.509999990463257,2.569999933242798,2.4700000286102295,2.559999942779541,2.559999942779541,472800
2011-03-21,2.640000104904175,2.8399999141693115,2.640000104904175,2.7200000286102295,2.7200000286102295,607500
2011-03-22,2.7300000190734863,2.809999942779541,2.700000047683716,2.7799999713897705,2.7799999713897705,358500
2011-03-23,2.759999990463257,2.799999952316284,2.700000047683716,2.759999990463257,2.759999990463257,270100
2011-03-24,2.759999990463257,2.8499999046325684,2.7200000286102295,2.799999952316284,2.799999952316284,278900
2011-03-25,2.809999942779541,2.990000009536743,2.799999952316284,2.9000000953674316,2.9000000953674316,440100
2011-03-28,2.930000066757202,2.9700000286102295,2.8299999237060547,2.930000066757202,2.930000066757202,360600
2011-03-29,2.950000047683716,2.9700000286102295,2.869999885559082,2.930000066757202,2.930000066757202,208200
2011-03-30,2.9700000286102295,3.0,2.859999895095825,2.9100000858306885,2.9100000858306885,200200
2011-03-31,2.9100000858306885,2.930000066757202,2.8399999141693115,2.9100000858306885,2.9100000858306885,479900
2011-04-01,2.930000066757202,2.930000066757202,2.75,2.9000000953674316,2.9000000953674316,233100
2011-04-04,2.890000104904175,2.9000000953674316,2.8499999046325684,2.880000114440918,2.880000114440918,178400
2011-04-05,2.869999885559082,2.9800000190734863,2.819999933242798,2.950000047683716,2.950000047683716,441600
2011-04-06,2.950000047683716,2.990000009536743,2.859999895095825,2.890000104904175,2.890000104904175,507400
2011-04-07,2.9000000953674316,2.930000066757202,2.799999952316284,2.799999952316284,2.799999952316284,279800
2011-04-08,2.809999942779541,2.8399999141693115,2.7300000190734863,2.7300000190734863,2.7300000190734863,274800
2011-04-11,2.7300000190734863,2.809999942779541,2.7200000286102295,2.7300000190734863,2.7300000190734863,186300
2011-04-12,2.700000047683716,2.7799999713897705,2.690000057220459,2.690000057220459,2.690000057220459,261400
2011-04-13,2.7100000381469727,2.740000009536743,2.6700000762939453,2.690000057220459,2.690000057220459,216100
2011-04-14,2.6600000858306885,2.809999942779541,2.6600000858306885,2.799999952316284,2.799999952316284,204600
2011-04-15,2.7699999809265137,2.809999942779541,2.700000047683716,2.7899999618530273,2.7899999618530273,209600
2011-04-18,2.740000009536743,2.799999952316284,2.700000047683716,2.7200000286102295,2.7200000286102295,121700
2011-04-19,2.75,2.7699999809265137,2.700000047683716,2.700000047683716,2.700000047683716,145700
2011-04-20,2.7100000381469727,2.8399999141693115,2.700000047683716,2.7200000286102295,2.7200000286102295,255400
2011-04-21,2.759999990463257,2.799999952316284,2.7100000381469727,2.75,2.75,136400
2011-04-25,2.740000009536743,2.930000066757202,2.740000009536743,2.9000000953674316,2.9000000953674316,356000
2011-04-26,2.9000000953674316,2.950000047683716,2.8399999141693115,2.9000000953674316,2.9000000953674316,306900
2011-04-27,2.9000000953674316,2.9200000762939453,2.7899999618530273,2.869999885559082,2.869999885559082,332600
2011-04-28,2.8499999046325684,2.9200000762939453,2.819999933242798,2.9000000953674316,2.9000000953674316,204000
2011-04-29,2.799999952316284,3.0,2.799999952316284,2.9600000381469727,2.9600000381469727,578000
2011-05-02,2.9600000381469727,2.9800000190734863,2.799999952316284,2.799999952316284,2.799999952316284,268000
2011-05-03,2.799999952316284,2.9100000858306885,2.759999990463257,2.799999952316284,2.799999952316284,294000
2011-05-04,2.7699999809265137,2.799999952316284,2.700000047683716,2.700000047683716,2.700000047683716,279100
2011-05-05,2.680000066757202,2.8299999237060547,2.680000066757202,2.7200000286102295,2.7200000286102295,429900
2011-05-06,2.759999990463257,2.7899999618530273,2.700000047683716,2.7100000381469727,2.7100000381469727,111000
2011-05-09,2.819999933242798,3.0899999141693115,2.759999990463257,2.9600000381469727,2.9600000381469727,836400
2011-05-10,2.950000047683716,3.1600000858306885,2.950000047683716,3.0399999618530273,3.0399999618530273,626000
2011-05-11,3.0,3.059999942779541,2.9600000381469727,3.0,3.0,170800
2011-05-12,2.9800000190734863,3.0,2.880000114440918,2.930000066757202,2.930000066757202,222500
2011-05-13,2.930000066757202,2.9800000190734863,2.8499999046325684,2.880000114440918,2.880000114440918,166000
2011-05-16,3.009999990463257,3.0799999237060547,2.930000066757202,2.930000066757202,2.930000066757202,285800
2011-05-17,2.890000104904175,3.0299999713897705,2.869999885559082,2.940000057220459,2.940000057220459,183600
2011-05-18,2.940000057220459,3.0299999713897705,2.880000114440918,3.009999990463257,3.009999990463257,339900
2011-05-19,3.009999990463257,3.0199999809265137,2.9000000953674316,2.950000047683716,2.950000047683716,164500
2011-05-20,2.9600000381469727,3.069999933242798,2.9100000858306885,3.0,3.0,299200
2011-05-23,2.930000066757202,3.0,2.890000104904175,2.9100000858306885,2.9100000858306885,216300
2011-05-24,2.9100000858306885,2.940000057220459,2.8499999046325684,2.890000104904175,2.890000104904175,412700
2011-05-25,2.869999885559082,2.9100000858306885,2.8499999046325684,2.880000114440918,2.880000114440918,160200
2011-05-26,2.859999895095825,2.930000066757202,2.8499999046325684,2.9000000953674316,2.9000000953674316,566300
2011-05-27,2.9200000762939453,2.9600000381469727,2.859999895095825,2.940000057220459,2.940000057220459,184400
2011-05-31,2.950000047683716,3.0,2.869999885559082,3.0,3.0,373800
2011-06-01,2.9600000381469727,2.9700000286102295,2.869999885559082,2.880000114440918,2.880000114440918,364800
2011-06-02,2.8499999046325684,2.9100000858306885,2.8499999046325684,2.859999895095825,2.859999895095825,205700
2011-06-03,2.880000114440918,2.940000057220459,2.8399999141693115,2.8499999046325684,2.8499999046325684,479300
2011-06-06,2.8499999046325684,2.880000114440918,2.7100000381469727,2.7100000381469727,2.7100000381469727,442200
2011-06-07,2.7300000190734863,2.8399999141693115,2.7200000286102295,2.809999942779541,2.809999942779541,398000
2011-06-08,2.7899999618530273,2.8299999237060547,2.75,2.7699999809265137,2.7699999809265137,168800
2011-06-09,2.740000009536743,2.869999885559082,2.7200000286102295,2.759999990463257,2.759999990463257,304800
2011-06-10,2.7699999809265137,2.809999942779541,2.680000066757202,2.680000066757202,2.680000066757202,205700
2011-06-13,2.690000057220459,2.740000009536743,2.619999885559082,2.640000104904175,2.640000104904175,310600
2011-06-14,2.6700000762939453,2.809999942779541,2.6500000953674316,2.809999942779541,2.809999942779541,218800
2011-06-15,2.7699999809265137,2.809999942779541,2.75,2.7899999618530273,2.7899999618530273,175700
2011-06-16,2.809999942779541,2.8399999141693115,2.690000057220459,2.799999952316284,2.799999952316284,162600
2011-06-17,2.809999942779541,2.859999895095825,2.7300000190734863,2.759999990463257,2.759999990463257,451000
2011-06-20,2.759999990463257,2.8399999141693115,2.700000047683716,2.819999933242798,2.819999933242798,216200
2011-06-21,2.8499999046325684,2.869999885559082,2.7899999618530273,2.8399999141693115,2.8399999141693115,162100
2011-06-22,2.809999942779541,2.869999885559082,2.799999952316284,2.819999933242798,2.819999933242798,365300
2011-06-23,2.7799999713897705,2.9000000953674316,2.7799999713897705,2.859999895095825,2.859999895095825,283500
2011-06-24,2.859999895095825,3.0,2.859999895095825,3.0,3.0,859300
2011-06-27,2.9800000190734863,2.9800000190734863,2.880000114440918,2.9000000953674316,2.9000000953674316,266300
2011-06-28,2.930000066757202,2.950000047683716,2.859999895095825,2.930000066757202,2.930000066757202,438000
2011-06-29,2.9600000381469727,2.9700000286102295,2.9200000762939453,2.950000047683716,2.950000047683716,253600
2011-06-30,2.9700000286102295,3.049999952316284,2.940000057220459,3.0,3.0,458300
2011-07-01,3.0199999809265137,3.069999933242798,3.0,3.0199999809265137,3.0199999809265137,238900
2011-07-05,3.0,3.0199999809265137,2.930000066757202,2.950000047683716,2.950000047683716,140200
2011-07-06,2.950000047683716,2.9600000381469727,2.9100000858306885,2.930000066757202,2.930000066757202,156300
2011-07-07,2.950000047683716,2.9600000381469727,2.9100000858306885,2.950000047683716,2.950000047683716,240600
2011-07-08,2.9100000858306885,2.950000047683716,2.859999895095825,2.9200000762939453,2.9200000762939453,132900
2011-07-11,2.880000114440918,2.930000066757202,2.869999885559082,2.9200000762939453,2.9200000762939453,195000
2011-07-12,2.9100000858306885,2.950000047683716,2.859999895095825,2.890000104904175,2.890000104904175,210400
2011-07-13,2.880000114440918,2.9700000286102295,2.880000114440918,2.930000066757202,2.930000066757202,207400
2011-07-14,2.930000066757202,2.9600000381469727,2.8299999237060547,2.9000000953674316,2.9000000953674316,184900
2011-07-15,2.9000000953674316,2.9100000858306885,2.819999933242798,2.859999895095825,2.859999895095825,160800
2011-07-18,2.8399999141693115,2.9200000762939453,2.809999942779541,2.819999933242798,2.819999933242798,143500
2011-07-19,2.8499999046325684,2.930000066757202,2.7899999618530273,2.930000066757202,2.930000066757202,157800
2011-07-20,2.940000057220459,2.950000047683716,2.8399999141693115,2.9200000762939453,2.9200000762939453,164200
2011-07-21,2.930000066757202,2.940000057220459,2.819999933242798,2.8399999141693115,2.8399999141693115,179300
2011-07-22,2.8299999237060547,2.950000047683716,2.809999942779541,2.940000057220459,2.940000057220459,212800
2011-07-25,2.9000000953674316,2.940000057220459,2.8399999141693115,2.9000000953674316,2.9000000953674316,168700
2011-07-26,2.890000104904175,2.930000066757202,2.8499999046325684,2.859999895095825,2.859999895095825,196000
2011-07-27,2.8499999046325684,2.890000104904175,2.7899999618530273,2.809999942779541,2.809999942779541,351100
2011-07-28,2.819999933242798,2.890000104904175,2.799999952316284,2.8299999237060547,2.8299999237060547,392600
2011-07-29,2.799999952316284,2.799999952316284,2.700000047683716,2.7699999809265137,2.7699999809265137,528500
2011-08-01,2.799999952316284,2.8399999141693115,2.7300000190734863,2.740000009536743,2.740000009536743,293300
2011-08-02,2.700000047683716,2.7899999618530273,2.6700000762939453,2.7300000190734863,2.7300000190734863,387900
2011-08-03,2.7200000286102295,2.7200000286102295,2.5299999713897705,2.559999942779541,2.559999942779541,532700
2011-08-04,2.5199999809265137,2.5199999809265137,2.3399999141693115,2.359999895095825,2.359999895095825,569400
2011-08-05,2.359999895095825,2.390000104904175,2.1500000953674316,2.2699999809265137,2.2699999809265137,629200
2011-08-08,2.140000104904175,2.2300000190734863,2.0199999809265137,2.0399999618530273,2.0399999618530273,486800
2011-08-09,2.119999885559082,2.2200000286102295,2.0,2.200000047683716,2.200000047683716,499800
2011-08-10,2.119999885559082,2.2300000190734863,2.0,2.009999990463257,2.009999990463257,300800
2011-08-11,2.0199999809265137,2.190000057220459,1.9600000381469727,2.1500000953674316,2.1500000953674316,326500
2011-08-12,2.1700000762939453,2.1700000762939453,2.0299999713897705,2.0399999618530273,2.0399999618530273,211600
2011-08-15,2.059999942779541,2.190000057220459,2.059999942779541,2.130000114440918,2.130000114440918,213700
2011-08-16,2.0899999141693115,2.109999895095825,2.009999990463257,2.049999952316284,2.049999952316284,204100
2011-08-17,2.049999952316284,2.200000047683716,2.049999952316284,2.0899999141693115,2.0899999141693115,102200
2011-08-18,2.0199999809265137,2.180000066757202,2.0199999809265137,2.0199999809265137,2.0199999809265137,343800
2011-08-19,2.009999990463257,2.0899999141693115,2.0,2.009999990463257,2.009999990463257,143200
2011-08-22,2.069999933242798,2.069999933242798,1.9299999475479126,1.9800000190734863,1.9800000190734863,315700
2011-08-23,1.9800000190734863,2.0999999046325684,1.9199999570846558,2.0999999046325684,2.0999999046325684,234500
2011-08-24,2.0999999046325684,2.109999895095825,2.009999990463257,2.0999999046325684,2.0999999046325684,175300
2011-08-25,2.109999895095825,2.140000104904175,2.009999990463257,2.0299999713897705,2.0299999713897705,167200
2011-08-26,2.0,2.0999999046325684,1.9600000381469727,2.0799999237060547,2.0799999237060547,171500
2011-08-29,2.0999999046325684,2.1700000762939453,2.009999990463257,2.109999895095825,2.109999895095825,450500
2011-08-30,2.0799999237060547,2.109999895095825,2.0299999713897705,2.0999999046325684,2.0999999046325684,329300
2011-08-31,2.109999895095825,2.1700000762939453,2.0199999809265137,2.049999952316284,2.049999952316284,489200
2011-09-01,2.059999942779541,2.1600000858306885,2.049999952316284,2.0799999237060547,2.0799999237060547,343400
2011-09-02,2.0199999809265137,2.059999942779541,1.9800000190734863,2.0199999809265137,2.0199999809265137,168700
2011-09-06,1.9500000476837158,2.0399999618530273,1.9500000476837158,2.009999990463257,2.009999990463257,134400
2011-09-07,2.049999952316284,2.140000104904175,2.0399999618530273,2.059999942779541,2.059999942779541,308100
2011-09-08,2.049999952316284,2.109999895095825,2.0199999809265137,2.049999952316284,2.049999952316284,130200
2011-09-09,2.0199999809265137,2.059999942779541,1.9500000476837158,2.0,2.0,243100
2011-09-12,1.9600000381469727,2.0199999809265137,1.9600000381469727,2.009999990463257,2.009999990463257,96500
2011-09-13,2.0199999809265137,2.049999952316284,1.9700000286102295,2.0299999713897705,2.0299999713897705,108600
2011-09-14,2.0399999618530273,2.0999999046325684,1.9700000286102295,2.0799999237060547,2.0799999237060547,159700
2011-09-15,2.0999999046325684,2.119999885559082,2.0299999713897705,2.0999999046325684,2.0999999046325684,161800
2011-09-16,2.119999885559082,2.1700000762939453,2.069999933242798,2.0999999046325684,2.0999999046325684,308800
2011-09-19,2.069999933242798,2.119999885559082,2.069999933242798,2.0999999046325684,2.0999999046325684,113200
2011-09-20,2.0999999046325684,2.1500000953674316,2.069999933242798,2.0799999237060547,2.0799999237060547,274200
2011-09-21,2.069999933242798,2.140000104904175,2.0,2.0,2.0,171900
2011-09-22,1.9500000476837158,2.109999895095825,1.9500000476837158,2.0199999809265137,2.0199999809265137,368800
2011-09-23,2.0199999809265137,2.109999895095825,1.9900000095367432,2.069999933242798,2.069999933242798,170000
2011-09-26,2.0899999141693115,2.180000066757202,2.0299999713897705,2.1700000762939453,2.1700000762939453,181500
2011-09-27,2.200000047683716,2.200000047683716,2.0799999237060547,2.1500000953674316,2.1500000953674316,485500
2011-09-28,2.1500000953674316,2.190000057220459,2.119999885559082,2.130000114440918,2.130000114440918,295700
2011-09-29,2.1500000953674316,2.1500000953674316,2.0399999618530273,2.119999885559082,2.119999885559082,208300
2011-09-30,2.0799999237060547,2.190000057220459,2.0199999809265137,2.119999885559082,2.119999885559082,295000
2011-10-03,2.0999999046325684,2.1500000953674316,1.9800000190734863,1.9800000190734863,1.9800000190734863,277200
2011-10-04,1.9500000476837158,2.200000047683716,1.940000057220459,2.1600000858306885,2.1600000858306885,343700
2011-10-05,2.1600000858306885,2.3299999237060547,2.130000114440918,2.319999933242798,2.319999933242798,209300
2011-10-06,2.299999952316284,2.3399999141693115,2.2300000190734863,2.319999933242798,2.319999933242798,207500
2011-10-07,2.319999933242798,2.319999933242798,2.1700000762939453,2.2799999713897705,2.2799999713897705,301200
2011-10-10,2.2899999618530273,2.2899999618530273,2.109999895095825,2.2200000286102295,2.2200000286102295,269800
2011-10-11,2.190000057220459,2.200000047683716,2.1500000953674316,2.190000057220459,2.190000057220459,135900
2011-10-12,2.1700000762939453,2.240000009536743,2.1600000858306885,2.2300000190734863,2.2300000190734863,201600
2011-10-13,2.180000066757202,2.180000066757202,2.009999990463257,2.119999885559082,2.119999885559082,102600
2011-10-14,2.119999885559082,2.440000057220459,2.0899999141693115,2.4000000953674316,2.4000000953674316,561900
2011-10-17,2.380000114440918,2.5399999618530273,2.319999933242798,2.490000009536743,2.490000009536743,1024200
2011-10-18,2.4700000286102295,2.619999885559082,2.450000047683716,2.5299999713897705,2.5299999713897705,533400
2011-10-19,2.549999952316284,2.569999933242798,2.430000066757202,2.549999952316284,2.549999952316284,309900
2011-10-20,2.5299999713897705,2.619999885559082,2.5,2.5799999237060547,2.5799999237060547,364900
2011-10-21,2.640000104904175,2.680000066757202,2.509999990463257,2.609999895095825,2.609999895095825,439000
2011-10-24,2.609999895095825,2.680000066757202,2.559999942779541,2.619999885559082,2.619999885559082,402200
2011-10-25,2.5799999237060547,2.75,2.5799999237060547,2.680000066757202,2.680000066757202,818300
2011-10-26,2.7300000190734863,2.799999952316284,2.700000047683716,2.7699999809265137,2.7699999809265137,846600
2011-10-27,2.7699999809265137,2.7699999809265137,2.6500000953674316,2.7100000381469727,2.7100000381469727,724200
2011-10-28,2.690000057220459,2.740000009536743,2.619999885559082,2.680000066757202,2.680000066757202,313800
2011-10-31,2.640000104904175,2.700000047683716,2.549999952316284,2.6700000762939453,2.6700000762939453,453900
2011-11-01,2.5,2.640000104904175,2.4800000190734863,2.549999952316284,2.549999952316284,342100
2011-11-02,2.8399999141693115,2.9100000858306885,2.7300000190734863,2.890000104904175,2.890000104904175,2027700
2011-11-03,2.990000009536743,3.009999990463257,2.859999895095825,2.950000047683716,2.950000047683716,657900
2011-11-04,2.9000000953674316,2.9700000286102295,2.8399999141693115,2.930000066757202,2.930000066757202,212100
2011-11-07,2.940000057220459,2.940000057220459,2.819999933242798,2.859999895095825,2.859999895095825,279800
2011-11-08,2.880000114440918,2.9200000762939453,2.819999933242798,2.8499999046325684,2.8499999046325684,221200
2011-11-09,2.819999933242798,2.880000114440918,2.7899999618530273,2.819999933242798,2.819999933242798,322100
2011-11-10,2.990000009536743,2.990000009536743,2.7699999809265137,2.8299999237060547,2.8299999237060547,701300
2011-11-11,2.8499999046325684,2.890000104904175,2.7699999809265137,2.819999933242798,2.819999933242798,294600
2011-11-14,2.7899999618530273,2.819999933242798,2.759999990463257,2.799999952316284,2.799999952316284,221700
2011-11-15,2.7899999618530273,2.869999885559082,2.7699999809265137,2.8399999141693115,2.8399999141693115,263900
2011-11-16,2.8299999237060547,2.940000057220459,2.809999942779541,2.9000000953674316,2.9000000953674316,348900
2011-11-17,2.9000000953674316,2.9700000286102295,2.859999895095825,2.950000047683716,2.950000047683716,450300
2011-11-18,2.9000000953674316,3.109999895095825,2.880000114440918,2.990000009536743,2.990000009536743,869200
2011-11-21,2.9200000762939453,3.0299999713897705,2.9200000762939453,2.990000009536743,2.990000009536743,359800
2011-11-22,2.9600000381469727,3.049999952316284,2.940000057220459,2.990000009536743,2.990000009536743,262600
2011-11-23,2.9600000381469727,3.0,2.8499999046325684,2.869999885559082,2.869999885559082,456900
2011-11-25,2.8399999141693115,2.9100000858306885,2.7699999809265137,2.7699999809265137,2.7699999809265137,148100
2011-11-28,2.7899999618530273,2.880000114440918,2.7899999618530273,2.880000114440918,2.880000114440918,248100
2011-11-29,2.869999885559082,2.9000000953674316,2.7799999713897705,2.799999952316284,2.799999952316284,309500
2011-11-30,2.9100000858306885,2.990000009536743,2.8399999141693115,2.990000009536743,2.990000009536743,409900
2011-12-01,2.9700000286102295,2.9700000286102295,2.869999885559082,2.880000114440918,2.880000114440918,212900
2011-12-02,2.9000000953674316,3.009999990463257,2.809999942779541,2.990000009536743,2.990000009536743,474800
2011-12-05,3.0,3.049999952316284,2.950000047683716,3.0399999618530273,3.0399999618530273,685600
2011-12-06,3.0399999618530273,3.1500000953674316,3.009999990463257,3.1500000953674316,3.1500000953674316,1807300
2011-12-07,3.1500000953674316,3.1500000953674316,3.0399999618530273,3.130000114440918,3.130000114440918,525000
2011-12-08,3.0999999046325684,3.130000114440918,3.0299999713897705,3.069999933242798,3.069999933242798,388100
2011-12-09,3.0799999237060547,3.119999885559082,3.049999952316284,3.109999895095825,3.109999895095825,475300
2011-12-12,3.059999942779541,3.0899999141693115,3.0299999713897705,3.0799999237060547,3.0799999237060547,229100
2011-12-13,3.0999999046325684,3.130000114440918,2.990000009536743,3.0199999809265137,3.0199999809265137,367400
2011-12-14,2.990000009536743,3.059999942779541,2.9000000953674316,3.0399999618530273,3.0399999618530273,506000
2011-12-15,3.0199999809265137,3.049999952316284,2.9800000190734863,3.0,3.0,338300
2011-12-16,3.009999990463257,3.049999952316284,2.990000009536743,3.0199999809265137,3.0199999809265137,879100
2011-12-19,3.0199999809265137,3.0399999618530273,2.7799999713897705,2.8299999237060547,2.8299999237060547,363000
2011-12-20,2.9000000953674316,3.0,2.869999885559082,2.9700000286102295,2.9700000286102295,765000
2011-12-21,2.9600000381469727,2.9600000381469727,2.799999952316284,2.8399999141693115,2.8399999141693115,502300
2011-12-22,2.8399999141693115,2.880000114440918,2.7200000286102295,2.75,2.75,335500
2011-12-23,2.759999990463257,2.890000104904175,2.759999990463257,2.8499999046325684,2.8499999046325684,230800
2011-12-27,2.8299999237060547,2.869999885559082,2.759999990463257,2.8499999046325684,2.8499999046325684,208300
2011-12-28,2.8499999046325684,2.859999895095825,2.7799999713897705,2.7899999618530273,2.7899999618530273,118500
2011-12-29,2.799999952316284,2.8499999046325684,2.7799999713897705,2.819999933242798,2.819999933242798,128900
2011-12-30,2.7899999618530273,2.8299999237060547,2.75,2.799999952316284,2.799999952316284,402300
2012-01-03,2.809999942779541,2.869999885559082,2.7899999618530273,2.859999895095825,2.859999895095825,187200
2012-01-04,2.8299999237060547,2.859999895095825,2.809999942779541,2.8499999046325684,2.8499999046325684,114400
2012-01-05,2.8299999237060547,2.859999895095825,2.799999952316284,2.8499999046325684,2.8499999046325684,153200
2012-01-06,2.8299999237060547,2.8299999237060547,2.759999990463257,2.819999933242798,2.819999933242798,161200
2012-01-09,2.819999933242798,2.869999885559082,2.619999885559082,2.869999885559082,2.869999885559082,262000
2012-01-10,2.880000114440918,3.069999933242798,2.880000114440918,3.059999942779541,3.059999942779541,407500
2012-01-11,3.049999952316284,3.0999999046325684,2.9800000190734863,3.0899999141693115,3.0899999141693115,268200
2012-01-12,3.059999942779541,3.0799999237060547,3.009999990463257,3.0299999713897705,3.0299999713897705,389500
2012-01-13,3.009999990463257,3.009999990463257,2.9700000286102295,2.990000009536743,2.990000009536743,253500
2012-01-17,3.0,3.0299999713897705,2.9000000953674316,2.930000066757202,2.930000066757202,212800
2012-01-18,2.940000057220459,2.9600000381469727,2.859999895095825,2.9000000953674316,2.9000000953674316,138600
2012-01-19,2.9000000953674316,2.9000000953674316,2.809999942779541,2.8499999046325684,2.8499999046325684,185800
2012-01-20,2.8499999046325684,2.890000104904175,2.75,2.7899999618530273,2.7899999618530273,293500
2012-01-23,2.7899999618530273,2.859999895095825,2.7699999809265137,2.8499999046325684,2.8499999046325684,165800
2012-01-24,2.819999933242798,2.9000000953674316,2.799999952316284,2.9000000953674316,2.9000000953674316,215700
2012-01-25,2.880000114440918,2.9200000762939453,2.8299999237060547,2.9000000953674316,2.9000000953674316,187500
2012-01-26,2.9000000953674316,2.9100000858306885,2.8399999141693115,2.890000104904175,2.890000104904175,240400
2012-01-27,2.880000114440918,2.9100000858306885,2.799999952316284,2.880000114440918,2.880000114440918,294800
2012-01-30,2.8499999046325684,2.890000104904175,2.75,2.759999990463257,2.759999990463257,165400
2012-01-31,2.7899999618530273,2.880000114440918,2.7799999713897705,2.8499999046325684,2.8499999046325684,171200
2012-02-01,2.869999885559082,2.9100000858306885,2.8399999141693115,2.9000000953674316,2.9000000953674316,1350800
2012-02-02,2.9100000858306885,3.25,2.9000000953674316,3.1700000762939453,3.1700000762939453,2566100
2012-02-03,3.1500000953674316,3.319999933242798,3.109999895095825,3.1600000858306885,3.1600000858306885,813200
2012-02-06,3.1500000953674316,3.2100000381469727,3.059999942779541,3.190000057220459,3.190000057220459,337900
2012-02-07,3.190000057220459,3.2100000381469727,3.130000114440918,3.190000057220459,3.190000057220459,341000
2012-02-08,3.200000047683716,3.2300000190734863,3.1700000762939453,3.190000057220459,3.190000057220459,506000
2012-02-09,3.2100000381469727,3.240000009536743,3.1500000953674316,3.2200000286102295,3.2200000286102295,553800
2012-02-10,3.200000047683716,3.25,3.119999885559082,3.200000047683716,3.200000047683716,495100
2012-02-13,3.2300000190734863,3.2699999809265137,3.190000057220459,3.25,3.25,373700
2012-02-14,3.2699999809265137,3.2899999618530273,3.2200000286102295,3.240000009536743,3.240000009536743,357400
2012-02-15,3.25,3.2699999809265137,3.1600000858306885,3.1700000762939453,3.1700000762939453,326300
2012-02-16,3.119999885559082,3.4200000762939453,3.119999885559082,3.3499999046325684,3.3499999046325684,1259400
2012-02-17,3.359999895095825,3.609999895095825,3.2799999713897705,3.5299999713897705,3.5299999713897705,1134000
2012-02-21,3.5299999713897705,3.6600000858306885,3.4800000190734863,3.5799999237060547,3.5799999237060547,900700
2012-02-22,3.569999933242798,3.7300000190734863,3.5,3.569999933242798,3.569999933242798,697300
2012-02-23,3.5399999618530273,3.6500000953674316,3.5199999809265137,3.609999895095825,3.609999895095825,491900
2012-02-24,3.640000104904175,3.75,3.569999933242798,3.5799999237060547,3.5799999237060547,519300
2012-02-27,3.549999952316284,3.6500000953674316,3.4100000858306885,3.549999952316284,3.549999952316284,474100
2012-02-28,3.559999942779541,3.6700000762939453,3.430000066757202,3.5199999809265137,3.5199999809265137,624300
2012-02-29,3.799999952316284,4.090000152587891,3.75,3.759999990463257,3.759999990463257,3102400
2012-03-01,3.7799999713897705,3.9000000953674316,3.680000066757202,3.75,3.75,808100
2012-03-02,3.7100000381469727,3.7799999713897705,3.549999952316284,3.569999933242798,3.569999933242798,738400
2012-03-05,3.569999933242798,3.6600000858306885,3.450000047683716,3.609999895095825,3.609999895095825,677300
2012-03-06,3.569999933242798,3.690000057220459,3.5399999618530273,3.5999999046325684,3.5999999046325684,451200
2012-03-07,3.5899999141693115,3.7699999809265137,3.5799999237060547,3.5999999046325684,3.5999999046325684,609700
2012-03-08,3.609999895095825,3.75,3.609999895095825,3.7300000190734863,3.7300000190734863,614500
2012-03-09,3.7300000190734863,3.8499999046325684,3.6700000762939453,3.7300000190734863,3.7300000190734863,453600
2012-03-12,3.7300000190734863,3.7899999618530273,3.6600000858306885,3.7100000381469727,3.7100000381469727,295800
2012-03-13,3.75,3.819999933242798,3.6500000953674316,3.7899999618530273,3.7899999618530273,440700
2012-03-14,3.7899999618530273,4.010000228881836,3.7799999713897705,3.940000057220459,3.940000057220459,875200
2012-03-15,3.950000047683716,4.039999961853027,3.940000057220459,3.9600000381469727,3.9600000381469727,872400
2012-03-16,4.0,4.170000076293945,4.0,4.119999885559082,4.119999885559082,925300
2012-03-19,4.119999885559082,4.269999980926514,4.099999904632568,4.199999809265137,4.199999809265137,448100
2012-03-20,4.159999847412109,4.53000020980835,4.019999980926514,4.320000171661377,4.320000171661377,1328500
2012-03-21,4.320000171661377,4.449999809265137,4.25,4.260000228881836,4.260000228881836,772400
2012-03-22,4.210000038146973,4.28000020980835,4.099999904632568,4.210000038146973,4.210000038146973,612300
2012-03-23,4.210000038146973,4.210000038146973,4.079999923706055,4.150000095367432,4.150000095367432,432600
2012-03-26,4.199999809265137,4.28000020980835,4.110000133514404,4.130000114440918,4.130000114440918,797300
2012-03-27,4.150000095367432,4.199999809265137,4.110000133514404,4.130000114440918,4.130000114440918,359700
2012-03-28,4.130000114440918,4.239999771118164,4.010000228881836,4.019999980926514,4.019999980926514,528500
2012-03-29,4.0,4.079999923706055,3.9600000381469727,4.039999961853027,4.039999961853027,480000
2012-03-30,4.079999923706055,4.079999923706055,3.950000047683716,4.019999980926514,4.019999980926514,784700
2012-04-02,3.990000009536743,4.119999885559082,3.9200000762939453,4.079999923706055,4.079999923706055,790400
2012-04-03,4.059999942779541,4.130000114440918,3.9700000286102295,3.990000009536743,3.990000009536743,211900
2012-04-04,3.940000057220459,3.9600000381469727,3.859999895095825,3.9100000858306885,3.9100000858306885,579800
2012-04-05,3.9000000953674316,3.950000047683716,3.7300000190734863,3.7699999809265137,3.7699999809265137,712200
2012-04-09,3.7200000286102295,3.740000009536743,3.640000104904175,3.6700000762939453,3.6700000762939453,407100
2012-04-10,3.6700000762939453,3.809999942779541,3.6500000953674316,3.6600000858306885,3.6600000858306885,500100
2012-04-11,3.700000047683716,3.7799999713897705,3.6700000762939453,3.680000066757202,3.680000066757202,385800
2012-04-12,3.700000047683716,3.759999990463257,3.6600000858306885,3.680000066757202,3.680000066757202,267300
2012-04-13,3.6600000858306885,3.690000057220459,3.5399999618530273,3.559999942779541,3.559999942779541,384100
2012-04-16,3.559999942779541,3.680000066757202,3.5,3.6500000953674316,3.6500000953674316,436200
2012-04-17,3.7300000190734863,3.950000047683716,3.7200000286102295,3.859999895095825,3.859999895095825,1174400
2012-04-18,3.869999885559082,3.9100000858306885,3.75,3.7699999809265137,3.7699999809265137,515600
2012-04-19,3.7699999809265137,3.9000000953674316,3.759999990463257,3.8499999046325684,3.8499999046325684,574700
2012-04-20,3.9000000953674316,4.059999942779541,3.859999895095825,3.890000104904175,3.890000104904175,766200
2012-04-23,3.8299999237060547,3.8499999046325684,3.7699999809265137,3.7899999618530273,3.7899999618530273,368200
2012-04-24,3.809999942779541,3.9100000858306885,3.799999952316284,3.8499999046325684,3.8499999046325684,284500
2012-04-25,3.9000000953674316,4.050000190734863,3.869999885559082,4.039999961853027,4.039999961853027,645200
2012-04-26,4.059999942779541,4.059999942779541,3.9200000762939453,4.010000228881836,4.010000228881836,605400
2012-04-27,4.010000228881836,4.059999942779541,3.950000047683716,4.039999961853027,4.039999961853027,638000
2012-04-30,4.019999980926514,4.059999942779541,3.9100000858306885,3.940000057220459,3.940000057220459,609600
2012-05-01,3.940000057220459,3.9700000286102295,3.7200000286102295,3.8299999237060547,3.8299999237060547,505200
2012-05-02,3.759999990463257,3.9000000953674316,3.75,3.7699999809265137,3.7699999809265137,586400
2012-05-03,3.75,3.809999942779541,3.6700000762939453,3.7200000286102295,3.7200000286102295,656500
2012-05-04,3.700000047683716,3.7300000190734863,3.6500000953674316,3.6500000953674316,3.6500000953674316,409100
2012-05-07,3.6500000953674316,3.740000009536743,3.619999885559082,3.640000104904175,3.640000104904175,521600
2012-05-08,3.640000104904175,3.7100000381469727,3.630000114440918,3.6700000762939453,3.6700000762939453,335100
2012-05-09,3.630000114440918,3.680000066757202,3.609999895095825,3.609999895095825,3.609999895095825,183000
2012-05-10,3.630000114440918,3.6500000953674316,3.549999952316284,3.569999933242798,3.569999933242798,287000
2012-05-11,3.5399999618530273,3.6700000762939453,3.5,3.6600000858306885,3.6600000858306885,399500
2012-05-14,3.640000104904175,3.7300000190734863,3.630000114440918,3.700000047683716,3.700000047683716,359300
2012-05-15,3.690000057220459,3.8299999237060547,3.6700000762939453,3.7200000286102295,3.7200000286102295,532300
2012-05-16,3.7300000190734863,3.7699999809265137,3.549999952316284,3.609999895095825,3.609999895095825,553300
2012-05-17,3.630000114440918,3.630000114440918,3.4600000381469727,3.4600000381469727,3.4600000381469727,392800
2012-05-18,3.4700000286102295,3.4700000286102295,3.2799999713897705,3.380000114440918,3.380000114440918,1440400
2012-05-21,3.369999885559082,3.569999933242798,3.359999895095825,3.549999952316284,3.549999952316284,377300
2012-05-22,3.5399999618530273,3.630000114440918,3.490000009536743,3.509999990463257,3.509999990463257,365600
2012-05-23,3.4700000286102295,3.559999942779541,3.319999933242798,3.5199999809265137,3.5199999809265137,396000
2012-05-24,3.5199999809265137,3.5799999237060547,3.490000009536743,3.549999952316284,3.549999952316284,251100
2012-05-25,3.559999942779541,3.619999885559082,3.4600000381469727,3.490000009536743,3.490000009536743,218100
2012-05-29,3.5299999713897705,3.5799999237060547,3.450000047683716,3.5199999809265137,3.5199999809265137,606100
2012-05-30,3.5,3.509999990463257,3.440000057220459,3.4600000381469727,3.4600000381469727,737100
2012-05-31,3.4700000286102295,3.4700000286102295,3.3499999046325684,3.380000114440918,3.380000114440918,734700
2012-06-01,3.299999952316284,3.4000000953674316,3.0,3.200000047683716,3.200000047683716,607300
2012-06-04,3.2300000190734863,3.2799999713897705,3.180000066757202,3.2699999809265137,3.2699999809265137,435400
2012-06-05,3.2699999809265137,3.4000000953674316,3.200000047683716,3.2699999809265137,3.2699999809265137,309000
2012-06-06,3.2899999618530273,3.4700000286102295,3.240000009536743,3.2799999713897705,3.2799999713897705,208700
2012-06-07,3.3299999237060547,3.369999885559082,3.130000114440918,3.2799999713897705,3.2799999713897705,258900
2012-06-08,3.2699999809265137,3.2899999618530273,3.130000114440918,3.2100000381469727,3.2100000381469727,341500
2012-06-11,3.25,3.25,3.1500000953674316,3.1700000762939453,3.1700000762939453,310100
2012-06-12,3.180000066757202,3.2300000190734863,3.130000114440918,3.200000047683716,3.200000047683716,385300
2012-06-13,3.200000047683716,3.3399999141693115,3.200000047683716,3.25,3.25,338500
2012-06-14,3.259999990463257,3.309999942779541,3.1700000762939453,3.240000009536743,3.240000009536743,191400
2012-06-15,3.240000009536743,3.2699999809265137,3.2200000286102295,3.240000009536743,3.240000009536743,332900
2012-06-18,3.2300000190734863,3.3299999237060547,3.190000057220459,3.2799999713897705,3.2799999713897705,303200
2012-06-19,3.309999942779541,3.4600000381469727,3.299999952316284,3.3499999046325684,3.3499999046325684,336400
2012-06-20,3.359999895095825,3.380000114440918,3.2899999618530273,3.369999885559082,3.369999885559082,148100
2012-06-21,3.369999885559082,3.4000000953674316,3.299999952316284,3.309999942779541,3.309999942779541,299600
2012-06-22,3.319999933242798,3.4100000858306885,3.319999933242798,3.3499999046325684,3.3499999046325684,520300
2012-06-25,3.299999952316284,3.299999952316284,3.180000066757202,3.2699999809265137,3.2699999809265137,211000
2012-06-26,3.2699999809265137,3.3299999237060547,3.180000066757202,3.2699999809265137,3.2699999809265137,243300
2012-06-27,3.2699999809265137,3.2699999809265137,3.130000114440918,3.2200000286102295,3.2200000286102295,679300
2012-06-28,3.200000047683716,3.2899999618530273,3.190000057220459,3.2300000190734863,3.2300000190734863,153700
2012-06-29,3.2899999618530273,3.369999885559082,3.200000047683716,3.319999933242798,3.319999933242798,344300
2012-07-02,3.319999933242798,3.4600000381469727,3.309999942779541,3.440000057220459,3.440000057220459,530500
2012-07-03,3.4700000286102295,3.559999942779541,3.440000057220459,3.5199999809265137,3.5199999809265137,223700
2012-07-05,3.5199999809265137,3.5799999237060547,3.490000009536743,3.509999990463257,3.509999990463257,64600
2012-07-06,3.4600000381469727,3.5899999141693115,3.4200000762939453,3.559999942779541,3.559999942779541,158600
2012-07-09,3.549999952316284,3.5999999046325684,3.4700000286102295,3.490000009536743,3.490000009536743,177700
2012-07-10,3.5,3.559999942779541,3.4700000286102295,3.490000009536743,3.490000009536743,283000
2012-07-11,3.490000009536743,3.509999990463257,3.4000000953674316,3.4800000190734863,3.4800000190734863,307100
2012-07-12,3.450000047683716,3.630000114440918,3.430000066757202,3.569999933242798,3.569999933242798,523000
2012-07-13,3.569999933242798,3.5999999046325684,3.4700000286102295,3.509999990463257,3.509999990463257,305600
2012-07-16,3.5399999618530273,3.619999885559082,3.5299999713897705,3.549999952316284,3.549999952316284,337000
2012-07-17,3.559999942779541,3.7799999713897705,3.559999942779541,3.5999999046325684,3.5999999046325684,571800
2012-07-18,3.609999895095825,3.630000114440918,3.509999990463257,3.5199999809265137,3.5199999809265137,290600
2012-07-19,3.5399999618530273,3.559999942779541,3.4600000381469727,3.4600000381469727,3.4600000381469727,142800
2012-07-20,3.430000066757202,3.4700000286102295,3.140000104904175,3.180000066757202,3.180000066757202,717400
2012-07-23,3.1500000953674316,3.1500000953674316,3.0199999809265137,3.0299999713897705,3.0299999713897705,450200
2012-07-24,3.0399999618530273,3.0799999237060547,3.0,3.0299999713897705,3.0299999713897705,315200
2012-07-25,3.049999952316284,3.0899999141693115,3.009999990463257,3.049999952316284,3.049999952316284,296300
2012-07-26,3.0799999237060547,3.119999885559082,3.049999952316284,3.0999999046325684,3.0999999046325684,281400
2012-07-27,3.109999895095825,3.2300000190734863,3.0899999141693115,3.2100000381469727,3.2100000381469727,470200
2012-07-30,3.2100000381469727,3.2699999809265137,3.1600000858306885,3.190000057220459,3.190000057220459,399000
2012-07-31,3.180000066757202,3.240000009536743,3.0,3.0199999809265137,3.0199999809265137,814500
2012-08-01,3.049999952316284,3.1500000953674316,3.0,3.0,3.0,446100
2012-08-02,3.0399999618530273,3.140000104904175,3.009999990463257,3.069999933242798,3.069999933242798,543000
2012-08-03,3.119999885559082,3.2799999713897705,3.109999895095825,3.2100000381469727,3.2100000381469727,459800
2012-08-06,3.200000047683716,3.25,3.1500000953674316,3.1600000858306885,3.1600000858306885,181400
2012-08-07,3.1700000762939453,3.319999933242798,3.1500000953674316,3.2899999618530273,3.2899999618530273,443400
2012-08-08,3.25,3.309999942779541,3.200000047683716,3.2300000190734863,3.2300000190734863,103400
2012-08-09,3.2100000381469727,3.2200000286102295,3.1700000762939453,3.200000047683716,3.200000047683716,110800
2012-08-10,3.190000057220459,3.200000047683716,3.0999999046325684,3.1500000953674316,3.1500000953674316,144100
2012-08-13,3.140000104904175,3.190000057220459,3.109999895095825,3.190000057220459,3.190000057220459,137900
2012-08-14,3.200000047683716,3.2699999809265137,3.190000057220459,3.240000009536743,3.240000009536743,287000
2012-08-15,3.299999952316284,3.3399999141693115,3.200000047683716,3.2300000190734863,3.2300000190734863,286600
2012-08-16,3.240000009536743,3.3299999237060547,3.240000009536743,3.259999990463257,3.259999990463257,212300
2012-08-17,3.240000009536743,3.319999933242798,3.240000009536743,3.2799999713897705,3.2799999713897705,201100
2012-08-20,3.2799999713897705,3.359999895095825,3.25,3.259999990463257,3.259999990463257,120700
2012-08-21,3.2799999713897705,3.309999942779541,3.200000047683716,3.2100000381469727,3.2100000381469727,296200
2012-08-22,3.2200000286102295,3.2799999713897705,3.180000066757202,3.240000009536743,3.240000009536743,138400
2012-08-23,3.259999990463257,3.2699999809265137,3.1700000762939453,3.190000057220459,3.190000057220459,120800
2012-08-24,3.1700000762939453,3.2100000381469727,3.140000104904175,3.200000047683716,3.200000047683716,92300
2012-08-27,3.200000047683716,3.200000047683716,3.1600000858306885,3.190000057220459,3.190000057220459,130000
2012-08-28,3.180000066757202,3.25,3.1500000953674316,3.2200000286102295,3.2200000286102295,274000
2012-08-29,3.2100000381469727,3.2899999618530273,3.1600000858306885,3.240000009536743,3.240000009536743,318500
2012-08-30,3.2200000286102295,3.259999990463257,3.1700000762939453,3.2100000381469727,3.2100000381469727,133100
2012-08-31,3.240000009536743,3.2699999809265137,3.190000057220459,3.190000057220459,3.190000057220459,168700
2012-09-04,3.190000057220459,3.299999952316284,3.180000066757202,3.25,3.25,174800
2012-09-05,3.2200000286102295,3.3299999237060547,3.2200000286102295,3.2899999618530273,3.2899999618530273,214800
2012-09-06,3.319999933242798,3.390000104904175,3.2899999618530273,3.3499999046325684,3.3499999046325684,184400
2012-09-07,3.369999885559082,3.390000104904175,3.299999952316284,3.319999933242798,3.319999933242798,170300
2012-09-10,3.3399999141693115,3.4200000762939453,3.309999942779541,3.4000000953674316,3.4000000953674316,209700
2012-09-11,3.4800000190734863,3.609999895095825,3.4000000953674316,3.440000057220459,3.440000057220459,326200
2012-09-12,3.440000057220459,3.440000057220459,3.299999952316284,3.359999895095825,3.359999895095825,225900
2012-09-13,3.369999885559082,3.450000047683716,3.319999933242798,3.4100000858306885,3.4100000858306885,202200
2012-09-14,3.4100000858306885,3.450000047683716,3.390000104904175,3.4200000762939453,3.4200000762939453,262000
2012-09-17,3.4000000953674316,3.440000057220459,3.3499999046325684,3.4200000762939453,3.4200000762939453,167500
2012-09-18,3.4100000858306885,3.450000047683716,3.4000000953674316,3.430000066757202,3.430000066757202,148800
2012-09-19,3.440000057220459,3.450000047683716,3.4000000953674316,3.440000057220459,3.440000057220459,123800
2012-09-20,3.430000066757202,3.490000009536743,3.4000000953674316,3.440000057220459,3.440000057220459,281600
2012-09-21,3.450000047683716,3.5399999618530273,3.4000000953674316,3.4600000381469727,3.4600000381469727,626500
2012-09-24,3.4600000381469727,3.490000009536743,3.4200000762939453,3.450000047683716,3.450000047683716,229000
2012-09-25,3.430000066757202,3.4600000381469727,3.359999895095825,3.380000114440918,3.380000114440918,375600
2012-09-26,3.380000114440918,3.4000000953674316,3.299999952316284,3.390000104904175,3.390000104904175,659300
2012-09-27,3.4000000953674316,3.430000066757202,3.359999895095825,3.4000000953674316,3.4000000953674316,266900
2012-09-28,3.4000000953674316,3.4700000286102295,3.380000114440918,3.4000000953674316,3.4000000953674316,266000
2012-10-01,3.4000000953674316,3.430000066757202,3.369999885559082,3.4200000762939453,3.4200000762939453,194300
2012-10-02,3.430000066757202,3.430000066757202,3.390000104904175,3.4100000858306885,3.4100000858306885,133800
2012-10-03,3.4200000762939453,3.450000047683716,3.380000114440918,3.4000000953674316,3.4000000953674316,232200
2012-10-04,3.4100000858306885,3.450000047683716,3.359999895095825,3.4200000762939453,3.4200000762939453,263800
2012-10-05,3.440000057220459,3.4700000286102295,3.319999933242798,3.359999895095825,3.359999895095825,384900
2012-10-08,3.4700000286102295,3.490000009536743,3.4000000953674316,3.440000057220459,3.440000057220459,299200
2012-10-09,3.490000009536743,3.5199999809265137,3.380000114440918,3.4000000953674316,3.4000000953674316,376000
2012-10-10,3.4000000953674316,3.4600000381469727,3.380000114440918,3.430000066757202,3.430000066757202,219100
2012-10-11,3.450000047683716,3.490000009536743,3.4000000953674316,3.4200000762939453,3.4200000762939453,285700
2012-10-12,3.4100000858306885,3.4600000381469727,3.390000104904175,3.4000000953674316,3.4000000953674316,230000
2012-10-15,3.4000000953674316,3.450000047683716,3.390000104904175,3.430000066757202,3.430000066757202,122600
2012-10-16,3.4600000381469727,3.4800000190734863,3.380000114440918,3.390000104904175,3.390000104904175,205600
2012-10-17,3.390000104904175,3.4200000762939453,3.3499999046325684,3.359999895095825,3.359999895095825,143100
2012-10-18,3.359999895095825,3.380000114440918,3.2899999618530273,3.319999933242798,3.319999933242798,203700
2012-10-19,3.2899999618530273,3.309999942779541,3.25,3.299999952316284,3.299999952316284,281700
2012-10-22,3.299999952316284,3.319999933242798,3.190000057220459,3.190000057220459,3.190000057220459,261700
2012-10-23,3.190000057220459,3.369999885559082,3.130000114440918,3.319999933242798,3.319999933242798,338200
2012-10-24,3.299999952316284,3.319999933242798,3.0899999141693115,3.119999885559082,3.119999885559082,296200
2012-10-25,3.1500000953674316,3.190000057220459,3.0899999141693115,3.109999895095825,3.109999895095825,90900
2012-10-26,3.119999885559082,3.2100000381469727,3.0999999046325684,3.1700000762939453,3.1700000762939453,232500
2012-10-31,3.2300000190734863,3.2300000190734863,3.0999999046325684,3.0999999046325684,3.0999999046325684,214800
2012-11-01,3.109999895095825,3.180000066757202,3.0899999141693115,3.1500000953674316,3.1500000953674316,162400
2012-11-02,3.1500000953674316,3.1600000858306885,3.009999990463257,3.009999990463257,3.009999990463257,320300
2012-11-05,3.009999990463257,3.190000057220459,3.009999990463257,3.180000066757202,3.180000066757202,187700
2012-11-06,3.180000066757202,3.2200000286102295,3.0999999046325684,3.1600000858306885,3.1600000858306885,102600
2012-11-07,3.119999885559082,3.130000114440918,3.009999990463257,3.009999990463257,3.009999990463257,246900
2012-11-08,3.0,3.200000047683716,2.9700000286102295,3.0999999046325684,3.0999999046325684,403100
2012-11-09,3.0999999046325684,3.140000104904175,3.0799999237060547,3.0899999141693115,3.0899999141693115,190200
2012-11-12,3.119999885559082,3.140000104904175,3.0299999713897705,3.049999952316284,3.049999952316284,125100
2012-11-13,3.0399999618530273,3.0999999046325684,3.0299999713897705,3.0299999713897705,3.0299999713897705,163300
2012-11-14,3.049999952316284,3.069999933242798,2.9800000190734863,3.0,3.0,254800
2012-11-15,3.0199999809265137,3.049999952316284,2.8399999141693115,2.869999885559082,2.869999885559082,303600
2012-11-16,2.8499999046325684,2.9100000858306885,2.680000066757202,2.8499999046325684,2.8499999046325684,265200
2012-11-19,2.9000000953674316,3.130000114440918,2.9000000953674316,3.049999952316284,3.049999952316284,345100
2012-11-20,3.049999952316284,3.1500000953674316,3.009999990463257,3.059999942779541,3.059999942779541,211500
2012-11-21,3.0799999237060547,3.1500000953674316,3.059999942779541,3.0799999237060547,3.0799999237060547,169300
2012-11-23,3.059999942779541,3.1700000762939453,3.059999942779541,3.1500000953674316,3.1500000953674316,76700
2012-11-26,3.1500000953674316,3.200000047683716,3.109999895095825,3.1700000762939453,3.1700000762939453,224400
2012-11-27,3.180000066757202,3.2300000190734863,3.1500000953674316,3.1600000858306885,3.1600000858306885,154000
2012-11-28,3.130000114440918,3.2200000286102295,3.0999999046325684,3.2200000286102295,3.2200000286102295,130200
2012-11-29,3.240000009536743,3.25,3.069999933242798,3.2100000381469727,3.2100000381469727,125700
2012-11-30,3.2200000286102295,3.2799999713897705,3.1600000858306885,3.2300000190734863,3.2300000190734863,176700
2012-12-03,3.240000009536743,3.2899999618530273,3.190000057220459,3.200000047683716,3.200000047683716,108600
2012-12-04,3.190000057220459,3.240000009536743,3.180000066757202,3.200000047683716,3.200000047683716,96600
2012-12-05,3.2200000286102295,3.2200000286102295,3.059999942779541,3.1600000858306885,3.1600000858306885,185500
2012-12-06,3.1500000953674316,3.190000057220459,3.119999885559082,3.1500000953674316,3.1500000953674316,86400
2012-12-07,3.1700000762939453,3.1700000762939453,3.0799999237060547,3.130000114440918,3.130000114440918,142600
2012-12-10,3.140000104904175,3.1700000762939453,3.109999895095825,3.1500000953674316,3.1500000953674316,82500
2012-12-11,3.1600000858306885,3.180000066757202,3.069999933242798,3.1700000762939453,3.1700000762939453,198300
2012-12-12,3.190000057220459,3.2300000190734863,3.1600000858306885,3.190000057220459,3.190000057220459,179600
2012-12-13,3.180000066757202,3.3499999046325684,3.1600000858306885,3.299999952316284,3.299999952316284,475400
2012-12-14,3.2799999713897705,3.3399999141693115,3.259999990463257,3.2799999713897705,3.2799999713897705,157500
2012-12-17,3.299999952316284,3.319999933242798,3.259999990463257,3.299999952316284,3.299999952316284,180000
2012-12-18,3.299999952316284,3.359999895095825,3.2799999713897705,3.309999942779541,3.309999942779541,257300
2012-12-19,3.3299999237060547,3.4000000953674316,3.299999952316284,3.390000104904175,3.390000104904175,357100
2012-12-20,3.4000000953674316,3.4000000953674316,3.309999942779541,3.380000114440918,3.380000114440918,191000
2012-12-21,3.380000114440918,3.380000114440918,3.200000047683716,3.299999952316284,3.299999952316284,461500
2012-12-24,3.299999952316284,3.299999952316284,3.2200000286102295,3.25,3.25,53800
2012-12-26,3.25,3.309999942779541,3.180000066757202,3.200000047683716,3.200000047683716,172600
2012-12-27,3.190000057220459,3.259999990463257,3.0899999141693115,3.140000104904175,3.140000104904175,180200
2012-12-28,3.119999885559082,3.190000057220459,3.059999942779541,3.109999895095825,3.109999895095825,187900
2012-12-31,3.0999999046325684,3.180000066757202,3.049999952316284,3.1600000858306885,3.1600000858306885,258500
2013-01-02,3.240000009536743,3.240000009536743,3.1600000858306885,3.190000057220459,3.190000057220459,310200
2013-01-03,3.200000047683716,3.2100000381469727,3.069999933242798,3.0799999237060547,3.0799999237060547,248700
2013-01-04,3.0899999141693115,3.140000104904175,2.9800000190734863,3.0,3.0,374500
2013-01-07,2.9700000286102295,3.0,2.9000000953674316,2.950000047683716,2.950000047683716,341600
2013-01-08,2.9800000190734863,3.0799999237060547,2.9800000190734863,3.059999942779541,3.059999942779541,194200
2013-01-09,3.0999999046325684,3.0999999046325684,3.0,3.0899999141693115,3.0899999141693115,179000
2013-01-10,3.0999999046325684,3.140000104904175,3.009999990463257,3.0999999046325684,3.0999999046325684,90700
2013-01-11,3.0999999046325684,3.0999999046325684,3.049999952316284,3.0799999237060547,3.0799999237060547,148800
2013-01-14,3.059999942779541,3.109999895095825,3.049999952316284,3.0899999141693115,3.0899999141693115,157900
2013-01-15,3.059999942779541,3.0999999046325684,3.0399999618530273,3.049999952316284,3.049999952316284,57200
2013-01-16,3.049999952316284,3.0799999237060547,3.0,3.069999933242798,3.069999933242798,128500
2013-01-17,3.069999933242798,3.069999933242798,3.0399999618530273,3.059999942779541,3.059999942779541,84100
2013-01-18,3.069999933242798,3.069999933242798,3.009999990463257,3.0299999713897705,3.0299999713897705,161100
2013-01-22,3.009999990463257,3.0399999618530273,3.0,3.0299999713897705,3.0299999713897705,96300
2013-01-23,3.0199999809265137,3.049999952316284,3.009999990463257,3.0399999618530273,3.0399999618530273,102000
2013-01-24,3.049999952316284,3.0799999237060547,3.0,3.009999990463257,3.009999990463257,119100
2013-01-25,3.009999990463257,3.0399999618530273,2.990000009536743,3.0,3.0,151000
2013-01-28,2.990000009536743,3.0899999141693115,2.990000009536743,3.0799999237060547,3.0799999237060547,226500
2013-01-29,3.069999933242798,3.200000047683716,3.069999933242798,3.190000057220459,3.190000057220459,215900
2013-01-30,3.180000066757202,3.2100000381469727,3.0999999046325684,3.140000104904175,3.140000104904175,204900
2013-01-31,3.130000114440918,3.200000047683716,3.130000114440918,3.1700000762939453,3.1700000762939453,110600
2013-02-01,3.1700000762939453,3.180000066757202,3.0899999141693115,3.1600000858306885,3.1600000858306885,141000
2013-02-04,3.130000114440918,3.1700000762939453,3.069999933242798,3.0999999046325684,3.0999999046325684,94000
2013-02-05,3.119999885559082,3.1500000953674316,3.0899999141693115,3.1500000953674316,3.1500000953674316,71900
2013-02-06,3.119999885559082,3.180000066757202,3.0799999237060547,3.180000066757202,3.180000066757202,122300
2013-02-07,3.1700000762939453,3.180000066757202,3.109999895095825,3.1600000858306885,3.1600000858306885,96000
2013-02-08,3.1600000858306885,3.1600000858306885,3.109999895095825,3.119999885559082,3.119999885559082,51000
2013-02-11,3.119999885559082,3.180000066757202,3.0999999046325684,3.0999999046325684,3.0999999046325684,39500
2013-02-12,3.0999999046325684,3.109999895095825,3.0199999809265137,3.0399999618530273,3.0399999618530273,199500
2013-02-13,3.0399999618530273,3.049999952316284,2.9800000190734863,3.009999990463257,3.009999990463257,90200
2013-02-14,3.0299999713897705,3.180000066757202,3.0299999713897705,3.140000104904175,3.140000104904175,149600
2013-02-15,3.180000066757202,3.180000066757202,3.130000114440918,3.1500000953674316,3.1500000953674316,283300
2013-02-19,3.130000114440918,3.200000047683716,3.0999999046325684,3.1700000762939453,3.1700000762939453,197400
2013-02-20,3.140000104904175,3.190000057220459,3.140000104904175,3.1500000953674316,3.1500000953674316,154000
2013-02-21,3.1500000953674316,3.1700000762939453,3.1500000953674316,3.1600000858306885,3.1600000858306885,71900
2013-02-22,3.190000057220459,3.200000047683716,3.1500000953674316,3.190000057220459,3.190000057220459,169300
2013-02-25,3.200000047683716,3.2200000286102295,3.1500000953674316,3.1600000858306885,3.1600000858306885,250600
2013-02-26,3.1600000858306885,3.2200000286102295,3.130000114440918,3.1700000762939453,3.1700000762939453,264800
2013-02-27,3.1600000858306885,3.2100000381469727,3.1500000953674316,3.2100000381469727,3.2100000381469727,162200
2013-02-28,3.2200000286102295,3.2899999618530273,3.1500000953674316,3.2899999618530273,3.2899999618530273,444600
2013-03-01,3.490000009536743,3.690000057220459,3.4000000953674316,3.6600000858306885,3.6600000858306885,5282300
2013-03-04,3.6600000858306885,3.950000047683716,3.630000114440918,3.950000047683716,3.950000047683716,1083900
2013-03-05,3.950000047683716,4.039999961853027,3.9000000953674316,4.0,4.0,887000
2013-03-06,3.9700000286102295,4.079999923706055,3.859999895095825,4.070000171661377,4.070000171661377,639700
2013-03-07,4.050000190734863,4.21999979019165,4.010000228881836,4.199999809265137,4.199999809265137,764500
2013-03-08,4.199999809265137,4.25,4.190000057220459,4.230000019073486,4.230000019073486,449400
2013-03-11,4.210000038146973,4.269999980926514,4.190000057220459,4.260000228881836,4.260000228881836,316300
2013-03-12,4.239999771118164,4.289999961853027,4.059999942779541,4.159999847412109,4.159999847412109,445900
2013-03-13,4.150000095367432,4.230000019073486,4.119999885559082,4.199999809265137,4.199999809265137,379500
2013-03-14,4.320000171661377,4.429999828338623,4.25,4.420000076293945,4.420000076293945,2354200
2013-03-15,4.420000076293945,4.550000190734863,4.369999885559082,4.480000019073486,4.480000019073486,887700
2013-03-18,4.440000057220459,4.449999809265137,4.340000152587891,4.360000133514404,4.360000133514404,345600
2013-03-19,4.349999904632568,4.480000019073486,4.329999923706055,4.460000038146973,4.460000038146973,344300
2013-03-20,4.480000019073486,4.53000020980835,4.340000152587891,4.46999979019165,4.46999979019165,343300
2013-03-21,4.420000076293945,4.5,4.380000114440918,4.440000057220459,4.440000057220459,193200
2013-03-22,4.480000019073486,4.5,4.429999828338623,4.480000019073486,4.480000019073486,458600
2013-03-25,4.480000019073486,4.539999961853027,4.369999885559082,4.400000095367432,4.400000095367432,320600
2013-03-26,4.429999828338623,4.460000038146973,4.260000228881836,4.340000152587891,4.340000152587891,684900
2013-03-27,4.329999923706055,4.440000057220459,4.179999828338623,4.420000076293945,4.420000076293945,409100
2013-03-28,4.460000038146973,4.480000019073486,4.300000190734863,4.420000076293945,4.420000076293945,1352800
2013-04-01,4.389999866485596,4.400000095367432,4.25,4.349999904632568,4.349999904632568,506200
2013-04-02,4.380000114440918,4.429999828338623,4.289999961853027,4.300000190734863,4.300000190734863,235000
2013-04-03,4.289999961853027,4.349999904632568,4.25,4.309999942779541,4.309999942779541,728700
2013-04-04,4.329999923706055,4.369999885559082,4.300000190734863,4.349999904632568,4.349999904632568,229500
2013-04-05,4.28000020980835,4.380000114440918,4.28000020980835,4.349999904632568,4.349999904632568,241500
2013-04-08,4.349999904632568,4.429999828338623,4.320000171661377,4.349999904632568,4.349999904632568,225400
2013-04-09,4.369999885559082,4.449999809265137,4.320000171661377,4.380000114440918,4.380000114440918,248700
2013-04-10,4.380000114440918,4.599999904632568,4.369999885559082,4.539999961853027,4.539999961853027,734200
2013-04-11,4.550000190734863,5.179999828338623,4.5,4.849999904632568,4.849999904632568,1906400
2013-04-12,4.820000171661377,5.090000152587891,4.800000190734863,5.010000228881836,5.010000228881836,995300
2013-04-15,4.980000019073486,4.989999771118164,4.739999771118164,4.769999980926514,4.769999980926514,798600
2013-04-16,4.789999961853027,4.880000114440918,4.690000057220459,4.809999942779541,4.809999942779541,535300
2013-04-17,4.789999961853027,4.789999961853027,4.619999885559082,4.699999809265137,4.699999809265137,542500
2013-04-18,4.71999979019165,4.820000171661377,4.639999866485596,4.739999771118164,4.739999771118164,385500
2013-04-19,4.730000019073486,5.0,4.690000057220459,4.800000190734863,4.800000190734863,829700
2013-04-22,4.840000152587891,4.940000057220459,4.670000076293945,4.690000057220459,4.690000057220459,592600
2013-04-23,4.699999809265137,4.940000057220459,4.699999809265137,4.940000057220459,4.940000057220459,585700
2013-04-24,5.150000095367432,5.349999904632568,5.039999961853027,5.21999979019165,5.21999979019165,1600600
2013-04-25,5.25,5.300000190734863,5.159999847412109,5.210000038146973,5.210000038146973,828800
2013-04-26,5.190000057220459,5.389999866485596,5.099999904632568,5.300000190734863,5.300000190734863,744100
2013-04-29,5.300000190734863,5.429999828338623,5.300000190734863,5.340000152587891,5.340000152587891,709800
2013-04-30,5.360000133514404,5.389999866485596,5.260000228881836,5.320000171661377,5.320000171661377,720100
2013-05-01,5.21999979019165,5.369999885559082,4.789999961853027,4.820000171661377,4.820000171661377,1574000
2013-05-02,4.860000133514404,4.940000057220459,4.769999980926514,4.849999904632568,4.849999904632568,688400
2013-05-03,4.880000114440918,4.96999979019165,4.769999980926514,4.78000020980835,4.78000020980835,566900
2013-05-06,4.760000228881836,4.820000171661377,4.699999809265137,4.760000228881836,4.760000228881836,574400
2013-05-07,4.699999809265137,4.75,4.630000114440918,4.690000057220459,4.690000057220459,440900
2013-05-08,4.690000057220459,4.829999923706055,4.650000095367432,4.789999961853027,4.789999961853027,529800
2013-05-09,4.769999980926514,4.820000171661377,4.730000019073486,4.800000190734863,4.800000190734863,354100
2013-05-10,4.789999961853027,4.849999904632568,4.71999979019165,4.840000152587891,4.840000152587891,293300
2013-05-13,4.840000152587891,5.010000228881836,4.820000171661377,4.96999979019165,4.96999979019165,339400
2013-05-14,4.960000038146973,5.150000095367432,4.960000038146973,5.130000114440918,5.130000114440918,514400
2013-05-15,5.130000114440918,5.199999809265137,5.059999942779541,5.170000076293945,5.170000076293945,538100
2013-05-16,5.159999847412109,5.380000114440918,5.119999885559082,5.349999904632568,5.349999904632568,705500
2013-05-17,5.349999904632568,5.570000171661377,5.309999942779541,5.480000019073486,5.480000019073486,892900
2013-05-20,5.559999942779541,5.579999923706055,5.269999980926514,5.369999885559082,5.369999885559082,472900
2013-05-21,5.329999923706055,5.46999979019165,5.260000228881836,5.409999847412109,5.409999847412109,491100
2013-05-22,5.409999847412109,5.579999923706055,5.21999979019165,5.239999771118164,5.239999771118164,611100
2013-05-23,5.170000076293945,5.260000228881836,5.050000190734863,5.119999885559082,5.119999885559082,316400
2013-05-24,5.050000190734863,5.190000057220459,5.050000190734863,5.159999847412109,5.159999847412109,238100
2013-05-28,5.190000057220459,5.5,5.190000057220459,5.380000114440918,5.380000114440918,566100
2013-05-29,5.340000152587891,5.400000095367432,5.21999979019165,5.239999771118164,5.239999771118164,436300
2013-05-30,5.210000038146973,5.260000228881836,5.130000114440918,5.170000076293945,5.170000076293945,378300
2013-05-31,5.150000095367432,5.320000171661377,5.110000133514404,5.139999866485596,5.139999866485596,1163100
2013-06-03,5.139999866485596,5.400000095367432,5.059999942779541,5.309999942779541,5.309999942779541,567000
2013-06-04,5.309999942779541,5.420000076293945,5.179999828338623,5.260000228881836,5.260000228881836,432700
2013-06-05,5.239999771118164,5.260000228881836,4.889999866485596,4.909999847412109,4.909999847412109,558300
2013-06-06,4.889999866485596,5.03000020980835,4.75,4.989999771118164,4.989999771118164,513100
2013-06-07,4.989999771118164,5.050000190734863,4.820000171661377,4.820000171661377,4.820000171661377,613100
2013-06-10,4.78000020980835,4.909999847412109,4.78000020980835,4.909999847412109,4.909999847412109,272100
2013-06-11,4.849999904632568,4.920000076293945,4.800000190734863,4.840000152587891,4.840000152587891,245100
2013-06-12,4.840000152587891,4.860000133514404,4.630000114440918,4.670000076293945,4.670000076293945,477300
2013-06-13,4.679999828338623,4.789999961853027,4.159999847412109,4.75,4.75,768800
2013-06-14,4.760000228881836,4.829999923706055,4.539999961853027,4.550000190734863,4.550000190734863,204500
2013-06-17,4.590000152587891,4.599999904632568,4.480000019073486,4.550000190734863,4.550000190734863,418300
2013-06-18,4.550000190734863,4.610000133514404,4.510000228881836,4.550000190734863,4.550000190734863,488000
2013-06-19,4.539999961853027,4.550000190734863,4.389999866485596,4.400000095367432,4.400000095367432,532500
2013-06-20,4.349999904632568,4.5,4.289999961853027,4.389999866485596,4.389999866485596,456500
2013-06-21,4.409999847412109,4.570000171661377,4.400000095367432,4.449999809265137,4.449999809265137,509000
2013-06-24,4.420000076293945,4.550000190734863,4.349999904632568,4.5,4.5,331700
2013-06-25,4.519999980926514,4.519999980926514,4.289999961853027,4.320000171661377,4.320000171661377,586800
2013-06-26,4.420000076293945,4.510000228881836,4.340000152587891,4.389999866485596,4.389999866485596,522900
2013-06-27,4.420000076293945,4.46999979019165,4.360000133514404,4.460000038146973,4.460000038146973,250600
2013-06-28,4.440000057220459,4.480000019073486,4.309999942779541,4.420000076293945,4.420000076293945,1186200
2013-07-01,4.409999847412109,4.590000152587891,4.409999847412109,4.46999979019165,4.46999979019165,286100
2013-07-02,4.449999809265137,4.599999904632568,4.449999809265137,4.5,4.5,367200
2013-07-03,4.460000038146973,4.539999961853027,4.369999885559082,4.389999866485596,4.389999866485596,158200
2013-07-05,4.46999979019165,4.480000019073486,4.340000152587891,4.400000095367432,4.400000095367432,304600
2013-07-08,4.420000076293945,4.510000228881836,4.349999904632568,4.449999809265137,4.449999809265137,337200
2013-07-09,4.460000038146973,4.760000228881836,4.449999809265137,4.489999771118164,4.489999771118164,687300
2013-07-10,4.5,4.619999885559082,4.429999828338623,4.510000228881836,4.510000228881836,564900
2013-07-11,4.570000171661377,4.679999828338623,4.510000228881836,4.619999885559082,4.619999885559082,382900
2013-07-12,4.630000114440918,4.980000019073486,4.630000114440918,4.900000095367432,4.900000095367432,571500
2013-07-15,4.909999847412109,5.139999866485596,4.900000095367432,5.03000020980835,5.03000020980835,479400
2013-07-16,5.03000020980835,5.110000133514404,5.0,5.039999961853027,5.039999961853027,428000
2013-07-17,5.079999923706055,5.179999828338623,5.010000228881836,5.139999866485596,5.139999866485596,521900
2013-07-18,5.170000076293945,5.340000152587891,5.0,5.179999828338623,5.179999828338623,579500
2013-07-19,5.150000095367432,5.21999979019165,5.079999923706055,5.179999828338623,5.179999828338623,282600
2013-07-22,5.199999809265137,5.300000190734863,5.159999847412109,5.260000228881836,5.260000228881836,409000
2013-07-23,5.269999980926514,5.460000038146973,5.25,5.409999847412109,5.409999847412109,549600
2013-07-24,5.449999809265137,5.510000228881836,5.21999979019165,5.260000228881836,5.260000228881836,882500
2013-07-25,5.260000228881836,5.360000133514404,5.190000057220459,5.199999809265137,5.199999809265137,518000
2013-07-26,5.170000076293945,5.320000171661377,5.090000152587891,5.309999942779541,5.309999942779541,575400
2013-07-29,5.300000190734863,5.320000171661377,5.190000057220459,5.25,5.25,301900
2013-07-30,5.300000190734863,5.5,5.239999771118164,5.429999828338623,5.429999828338623,737200
2013-07-31,5.449999809265137,5.639999866485596,5.199999809265137,5.599999904632568,5.599999904632568,1452400
2013-08-01,5.650000095367432,5.659999847412109,5.550000190734863,5.659999847412109,5.659999847412109,726900
2013-08-02,5.639999866485596,5.889999866485596,5.53000020980835,5.800000190734863,5.800000190734863,703600
2013-08-05,5.820000171661377,6.0,5.739999771118164,5.920000076293945,5.920000076293945,719600
2013-08-06,5.980000019073486,5.980000019073486,5.800000190734863,5.860000133514404,5.860000133514404,1001700
2013-08-07,5.829999923706055,5.849999904632568,5.690000057220459,5.78000020980835,5.78000020980835,763300
2013-08-08,5.849999904632568,5.96999979019165,5.710000038146973,5.769999980926514,5.769999980926514,518600
2013-08-09,5.730000019073486,5.809999942779541,5.630000114440918,5.739999771118164,5.739999771118164,513600
2013-08-12,5.699999809265137,5.78000020980835,5.599999904632568,5.739999771118164,5.739999771118164,612300
2013-08-13,5.760000228881836,5.809999942779541,5.659999847412109,5.690000057220459,5.690000057220459,727800
2013-08-14,5.690000057220459,5.769999980926514,5.630000114440918,5.670000076293945,5.670000076293945,231400
2013-08-15,5.619999885559082,5.619999885559082,5.420000076293945,5.460000038146973,5.460000038146973,385900
2013-08-16,5.409999847412109,5.449999809265137,5.329999923706055,5.369999885559082,5.369999885559082,445100
2013-08-19,5.429999828338623,5.5,5.340000152587891,5.440000057220459,5.440000057220459,457400
2013-08-20,5.480000019073486,5.550000190734863,5.429999828338623,5.46999979019165,5.46999979019165,597400
2013-08-21,5.46999979019165,5.519999980926514,5.260000228881836,5.289999961853027,5.289999961853027,856200
2013-08-22,5.349999904632568,5.449999809265137,5.300000190734863,5.389999866485596,5.389999866485596,324300
2013-08-23,5.389999866485596,5.409999847412109,5.170000076293945,5.260000228881836,5.260000228881836,612200
2013-08-26,5.260000228881836,5.489999771118164,5.260000228881836,5.420000076293945,5.420000076293945,633000
2013-08-27,5.369999885559082,5.409999847412109,5.260000228881836,5.300000190734863,5.300000190734863,345600
2013-08-28,5.289999961853027,5.409999847412109,5.190000057220459,5.239999771118164,5.239999771118164,212100
2013-08-29,5.239999771118164,5.389999866485596,5.230000019073486,5.239999771118164,5.239999771118164,525400
2013-08-30,5.21999979019165,5.269999980926514,5.199999809265137,5.230000019073486,5.230000019073486,537200
2013-09-03,5.320000171661377,5.690000057220459,5.260000228881836,5.619999885559082,5.619999885559082,912700
2013-09-04,5.650000095367432,5.840000152587891,5.650000095367432,5.769999980926514,5.769999980926514,693300
2013-09-05,5.769999980926514,5.820000171661377,5.679999828338623,5.690000057220459,5.690000057220459,350000
2013-09-06,5.739999771118164,5.78000020980835,5.510000228881836,5.619999885559082,5.619999885559082,306900
2013-09-09,5.650000095367432,5.820000171661377,5.650000095367432,5.789999961853027,5.789999961853027,445200
2013-09-10,5.800000190734863,5.849999904632568,5.75,5.760000228881836,5.760000228881836,313900
2013-09-11,5.739999771118164,5.800000190734863,5.659999847412109,5.699999809265137,5.699999809265137,226300
2013-09-12,5.690000057220459,5.71999979019165,5.610000133514404,5.679999828338623,5.679999828338623,197500
2013-09-13,5.710000038146973,5.710000038146973,5.599999904632568,5.639999866485596,5.639999866485596,153400
2013-09-16,5.690000057220459,5.730000019073486,5.539999961853027,5.559999942779541,5.559999942779541,389800
2013-09-17,5.539999961853027,5.800000190734863,5.539999961853027,5.75,5.75,574700
2013-09-18,5.75,5.789999961853027,5.659999847412109,5.75,5.75,503400
2013-09-19,5.75,5.940000057220459,5.659999847412109,5.880000114440918,5.880000114440918,512300
2013-09-20,5.889999866485596,6.070000171661377,5.869999885559082,5.989999771118164,5.989999771118164,1247400
2013-09-23,6.010000228881836,6.050000190734863,5.860000133514404,5.989999771118164,5.989999771118164,422400
2013-09-24,5.980000019073486,6.010000228881836,5.800000190734863,5.829999923706055,5.829999923706055,529100
2013-09-25,5.860000133514404,5.889999866485596,5.71999979019165,5.820000171661377,5.820000171661377,450800
2013-09-26,5.820000171661377,6.090000152587891,5.789999961853027,6.050000190734863,6.050000190734863,503400
2013-09-27,6.039999961853027,6.429999828338623,6.010000228881836,6.340000152587891,6.340000152587891,884900
2013-09-30,6.28000020980835,6.769999980926514,6.199999809265137,6.71999979019165,6.71999979019165,947000
2013-10-01,6.699999809265137,6.949999809265137,6.670000076293945,6.789999961853027,6.789999961853027,706400
2013-10-02,6.769999980926514,6.949999809265137,6.71999979019165,6.909999847412109,6.909999847412109,592900
2013-10-03,7.050000190734863,7.130000114440918,6.699999809265137,6.840000152587891,6.840000152587891,876800
2013-10-04,6.869999885559082,6.940000057220459,6.800000190734863,6.849999904632568,6.849999904632568,400900
2013-10-07,6.760000228881836,6.840000152587891,6.519999980926514,6.630000114440918,6.630000114440918,474800
2013-10-08,6.610000133514404,6.650000095367432,6.239999771118164,6.289999961853027,6.289999961853027,703300
2013-10-09,6.300000190734863,6.329999923706055,6.059999942779541,6.119999885559082,6.119999885559082,669900
2013-10-10,6.190000057220459,6.619999885559082,6.159999847412109,6.400000095367432,6.400000095367432,494200
2013-10-11,6.400000095367432,6.579999923706055,6.309999942779541,6.510000228881836,6.510000228881836,350400
2013-10-14,6.480000019073486,6.510000228881836,6.349999904632568,6.440000057220459,6.440000057220459,337300
2013-10-15,6.400000095367432,6.539999961853027,6.380000114440918,6.429999828338623,6.429999828338623,245000
2013-10-16,6.46999979019165,6.619999885559082,6.409999847412109,6.539999961853027,6.539999961853027,354300
2013-10-17,6.519999980926514,6.679999828338623,6.5,6.579999923706055,6.579999923706055,390700
2013-10-18,6.659999847412109,6.699999809265137,6.550000190734863,6.630000114440918,6.630000114440918,467300
2013-10-21,6.659999847412109,6.760000228881836,6.449999809265137,6.449999809265137,6.449999809265137,539400
2013-10-22,6.46999979019165,6.570000171661377,6.320000171661377,6.449999809265137,6.449999809265137,350100
2013-10-23,6.400000095367432,6.519999980926514,6.340000152587891,6.429999828338623,6.429999828338623,330400
2013-10-24,6.449999809265137,6.610000133514404,6.389999866485596,6.519999980926514,6.519999980926514,406100
2013-10-25,6.610000133514404,6.789999961853027,6.599999904632568,6.769999980926514,6.769999980926514,875100
2013-10-28,6.789999961853027,6.860000133514404,6.690000057220459,6.71999979019165,6.71999979019165,478000
2013-10-29,6.760000228881836,6.949999809265137,6.650000095367432,6.940000057220459,6.940000057220459,650700
2013-10-30,6.889999866485596,6.929999828338623,5.96999979019165,6.309999942779541,6.309999942779541,2418400
2013-10-31,6.28000020980835,6.320000171661377,6.039999961853027,6.309999942779541,6.309999942779541,717300
2013-11-01,6.309999942779541,6.440000057220459,6.21999979019165,6.409999847412109,6.409999847412109,1097400
2013-11-04,6.460000038146973,6.460000038146973,6.269999980926514,6.380000114440918,6.380000114440918,502600
2013-11-05,6.360000133514404,6.440000057220459,6.260000228881836,6.369999885559082,6.369999885559082,565700
2013-11-06,6.400000095367432,6.420000076293945,5.840000152587891,5.900000095367432,5.900000095367432,848700
2013-11-07,5.960000038146973,6.119999885559082,5.739999771118164,5.769999980926514,5.769999980926514,739100
2013-11-08,5.769999980926514,5.96999979019165,5.710000038146973,5.909999847412109,5.909999847412109,315400
2013-11-11,5.909999847412109,5.96999979019165,5.769999980926514,5.78000020980835,5.78000020980835,292800
2013-11-12,5.78000020980835,5.840000152587891,5.699999809265137,5.78000020980835,5.78000020980835,272200
2013-11-13,5.739999771118164,5.929999828338623,5.710000038146973,5.909999847412109,5.909999847412109,392500
2013-11-14,5.920000076293945,5.929999828338623,5.789999961853027,5.909999847412109,5.909999847412109,288800
2013-11-15,5.900000095367432,5.96999979019165,5.849999904632568,5.929999828338623,5.929999828338623,342600
2013-11-18,5.929999828338623,5.96999979019165,5.699999809265137,5.75,5.75,358700
2013-11-19,5.739999771118164,6.079999923706055,5.679999828338623,5.989999771118164,5.989999771118164,1252200
2013-11-20,6.059999942779541,6.170000076293945,5.900000095367432,5.980000019073486,5.980000019073486,429900
2013-11-21,6.010000228881836,6.25,6.010000228881836,6.230000019073486,6.230000019073486,414000
2013-11-22,6.25,6.579999923706055,6.21999979019165,6.510000228881836,6.510000228881836,795100
2013-11-25,6.579999923706055,6.769999980926514,6.199999809265137,6.28000020980835,6.28000020980835,698100
2013-11-26,6.300000190734863,6.670000076293945,6.300000190734863,6.630000114440918,6.630000114440918,964100
2013-11-27,6.659999847412109,6.739999771118164,6.590000152587891,6.679999828338623,6.679999828338623,376900
2013-11-29,6.690000057220459,6.860000133514404,6.690000057220459,6.690000057220459,6.690000057220459,194300
2013-12-02,6.699999809265137,6.769999980926514,6.630000114440918,6.739999771118164,6.739999771118164,353700
2013-12-03,6.699999809265137,6.809999942779541,6.369999885559082,6.440000057220459,6.440000057220459,460900
2013-12-04,6.550000190734863,6.550000190734863,6.25,6.429999828338623,6.429999828338623,324900
2013-12-05,6.409999847412109,6.449999809265137,6.099999904632568,6.139999866485596,6.139999866485596,419200
2013-12-06,6.199999809265137,6.320000171661377,6.090000152587891,6.25,6.25,204300
2013-12-09,6.28000020980835,6.289999961853027,5.980000019073486,6.03000020980835,6.03000020980835,449900
2013-12-10,6.019999980926514,6.079999923706055,5.849999904632568,5.900000095367432,5.900000095367432,462300
2013-12-11,5.940000057220459,6.050000190734863,5.699999809265137,5.78000020980835,5.78000020980835,487900
2013-12-12,5.769999980926514,5.849999904632568,5.699999809265137,5.78000020980835,5.78000020980835,355800
2013-12-13,5.769999980926514,5.849999904632568,5.679999828338623,5.699999809265137,5.699999809265137,239500
2013-12-16,5.760000228881836,5.960000038146973,5.760000228881836,5.840000152587891,5.840000152587891,373400
2013-12-17,5.860000133514404,5.860000133514404,5.699999809265137,5.71999979019165,5.71999979019165,359000
2013-12-18,5.710000038146973,5.869999885559082,5.610000133514404,5.869999885559082,5.869999885559082,324200
2013-12-19,5.840000152587891,5.909999847412109,5.78000020980835,5.829999923706055,5.829999923706055,228400
2013-12-20,5.860000133514404,6.210000038146973,5.659999847412109,6.119999885559082,6.119999885559082,843900
2013-12-23,6.150000095367432,6.320000171661377,6.150000095367432,6.25,6.25,386500
2013-12-24,6.28000020980835,6.519999980926514,6.179999828338623,6.460000038146973,6.460000038146973,270800
2013-12-26,6.5,6.53000020980835,6.309999942779541,6.329999923706055,6.329999923706055,251100
2013-12-27,6.360000133514404,6.360000133514404,6.130000114440918,6.179999828338623,6.179999828338623,425400
2013-12-30,6.159999847412109,6.179999828338623,5.989999771118164,6.110000133514404,6.110000133514404,417100
2013-12-31,6.119999885559082,6.489999771118164,6.059999942779541,6.449999809265137,6.449999809265137,777000
2014-01-02,6.449999809265137,6.519999980926514,6.230000019073486,6.480000019073486,6.480000019073486,602200
2014-01-03,6.489999771118164,6.690000057220459,6.46999979019165,6.630000114440918,6.630000114440918,384700
2014-01-06,6.619999885559082,6.679999828338623,6.400000095367432,6.570000171661377,6.570000171661377,542900
2014-01-07,6.559999942779541,6.840000152587891,6.5,6.820000171661377,6.820000171661377,592800
2014-01-08,6.829999923706055,7.25,6.809999942779541,7.25,7.25,957700
2014-01-09,7.25,7.420000076293945,7.190000057220459,7.25,7.25,806800
2014-01-10,7.28000020980835,7.409999847412109,7.099999904632568,7.340000152587891,7.340000152587891,562100
2014-01-13,7.329999923706055,7.849999904632568,7.28000020980835,7.349999904632568,7.349999904632568,1018300
2014-01-14,7.429999828338623,7.590000152587891,7.369999885559082,7.389999866485596,7.389999866485596,548200
2014-01-15,7.380000114440918,7.579999923706055,6.860000133514404,7.0,7.0,1230000
2014-01-16,7.0,7.070000171661377,6.789999961853027,6.809999942779541,6.809999942779541,762900
2014-01-17,6.829999923706055,6.880000114440918,6.710000038146973,6.800000190734863,6.800000190734863,525700
2014-01-21,6.869999885559082,6.980000019073486,6.739999771118164,6.789999961853027,6.789999961853027,477800
2014-01-22,6.829999923706055,6.840000152587891,6.710000038146973,6.769999980926514,6.769999980926514,268200
2014-01-23,6.760000228881836,6.760000228881836,6.360000133514404,6.440000057220459,6.440000057220459,772300
2014-01-24,6.420000076293945,6.449999809265137,6.099999904632568,6.239999771118164,6.239999771118164,747400
2014-01-27,6.28000020980835,6.320000171661377,6.0,6.179999828338623,6.179999828338623,863800
2014-01-28,6.190000057220459,6.309999942779541,6.139999866485596,6.269999980926514,6.269999980926514,878800
2014-01-29,6.199999809265137,6.320000171661377,6.039999961853027,6.119999885559082,6.119999885559082,769900
2014-01-30,6.170000076293945,6.340000152587891,6.150000095367432,6.28000020980835,6.28000020980835,816300
2014-01-31,6.150000095367432,6.25,6.110000133514404,6.170000076293945,6.170000076293945,461200
2014-02-03,6.179999828338623,6.320000171661377,5.769999980926514,5.789999961853027,5.789999961853027,998500
2014-02-04,5.760000228881836,6.050000190734863,5.75,5.960000038146973,5.960000038146973,934900
2014-02-05,5.940000057220459,6.010000228881836,5.760000228881836,6.010000228881836,6.010000228881836,542300
2014-02-06,6.010000228881836,6.139999866485596,5.949999809265137,6.0,6.0,387200
2014-02-07,6.059999942779541,6.5,6.059999942779541,6.389999866485596,6.389999866485596,1205400
2014-02-10,6.400000095367432,6.480000019073486,6.28000020980835,6.480000019073486,6.480000019073486,608900
2014-02-11,6.550000190734863,7.119999885559082,6.519999980926514,7.010000228881836,7.010000228881836,1989300
2014-02-12,7.070000171661377,7.539999961853027,7.010000228881836,7.199999809265137,7.199999809265137,1915600
2014-02-13,7.139999866485596,7.429999828338623,7.059999942779541,7.400000095367432,7.400000095367432,833900
2014-02-14,7.400000095367432,7.550000190734863,7.28000020980835,7.46999979019165,7.46999979019165,661000
2014-02-18,7.53000020980835,7.690000057220459,7.369999885559082,7.619999885559082,7.619999885559082,975900
2014-02-19,7.630000114440918,7.739999771118164,7.210000038146973,7.230000019073486,7.230000019073486,996500
2014-02-20,7.260000228881836,7.440000057220459,7.210000038146973,7.420000076293945,7.420000076293945,797700
2014-02-21,7.539999961853027,7.670000076293945,7.300000190734863,7.510000228881836,7.510000228881836,859200
2014-02-24,7.559999942779541,7.920000076293945,7.53000020980835,7.809999942779541,7.809999942779541,1028000
2014-02-25,7.840000152587891,8.0,7.75,7.949999809265137,7.949999809265137,1023700
2014-02-26,7.0,7.0,6.059999942779541,6.579999923706055,6.579999923706055,4162200
2014-02-27,6.53000020980835,6.699999809265137,6.320000171661377,6.570000171661377,6.570000171661377,1754400
2014-02-28,6.489999771118164,6.610000133514404,6.309999942779541,6.460000038146973,6.460000038146973,1915000
2014-03-03,6.369999885559082,6.440000057220459,6.25,6.28000020980835,6.28000020980835,1104500
2014-03-04,6.369999885559082,6.71999979019165,6.369999885559082,6.480000019073486,6.480000019073486,1323000
2014-03-05,6.460000038146973,6.5,6.150000095367432,6.190000057220459,6.190000057220459,1150000
2014-03-06,6.199999809265137,6.269999980926514,6.019999980926514,6.179999828338623,6.179999828338623,1819900
2014-03-07,6.25,6.360000133514404,6.019999980926514,6.110000133514404,6.110000133514404,668900
2014-03-10,6.099999904632568,6.260000228881836,6.019999980926514,6.099999904632568,6.099999904632568,661200
2014-03-11,6.090000152587891,6.21999979019165,5.960000038146973,6.03000020980835,6.03000020980835,712000
2014-03-12,6.0,6.130000114440918,5.949999809265137,6.059999942779541,6.059999942779541,465100
2014-03-13,6.099999904632568,6.210000038146973,5.820000171661377,5.960000038146973,5.960000038146973,1208800
2014-03-14,5.909999847412109,6.010000228881836,5.860000133514404,5.900000095367432,5.900000095367432,443300
2014-03-17,5.940000057220459,6.059999942779541,5.849999904632568,5.980000019073486,5.980000019073486,666900
2014-03-18,6.010000228881836,6.079999923706055,5.929999828338623,6.0,6.0,756700
2014-03-19,6.019999980926514,6.139999866485596,5.849999904632568,5.929999828338623,5.929999828338623,681100
2014-03-20,5.909999847412109,5.989999771118164,5.800000190734863,5.849999904632568,5.849999904632568,526700
2014-03-21,5.900000095367432,5.900000095367432,5.630000114440918,5.659999847412109,5.659999847412109,1196200
2014-03-24,5.699999809265137,5.699999809265137,4.949999809265137,5.03000020980835,5.03000020980835,2623300
2014-03-25,5.059999942779541,5.300000190734863,4.769999980926514,4.989999771118164,4.989999771118164,1701200
2014-03-26,5.070000171661377,5.199999809265137,4.809999942779541,4.900000095367432,4.900000095367432,1104600
2014-03-27,4.900000095367432,5.050000190734863,4.760000228881836,4.920000076293945,4.920000076293945,1020200
2014-03-28,4.920000076293945,5.070000171661377,4.760000228881836,4.829999923706055,4.829999923706055,1407100
2014-03-31,4.900000095367432,4.96999979019165,4.789999961853027,4.800000190734863,4.800000190734863,1260900
2014-04-01,4.860000133514404,5.010000228881836,4.820000171661377,4.909999847412109,4.909999847412109,1209900
2014-04-02,4.920000076293945,5.190000057220459,4.869999885559082,5.179999828338623,5.179999828338623,1244800
2014-04-03,5.150000095367432,5.179999828338623,4.989999771118164,5.039999961853027,5.039999961853027,1418700
2014-04-04,5.070000171661377,5.090000152587891,4.820000171661377,4.929999828338623,4.929999828338623,2353900
2014-04-07,4.980000019073486,4.980000019073486,4.760000228881836,4.809999942779541,4.809999942779541,1364200
2014-04-08,4.840000152587891,4.929999828338623,4.510000228881836,4.639999866485596,4.639999866485596,962900
2014-04-09,4.690000057220459,4.840000152587891,4.679999828338623,4.840000152587891,4.840000152587891,596900
2014-04-10,4.849999904632568,4.849999904632568,4.389999866485596,4.480000019073486,4.480000019073486,858000
2014-04-11,4.409999847412109,4.599999904632568,4.309999942779541,4.329999923706055,4.329999923706055,1059300
2014-04-14,4.420000076293945,4.5,4.25,4.340000152587891,4.340000152587891,892700
2014-04-15,4.360000133514404,4.510000228881836,4.150000095367432,4.420000076293945,4.420000076293945,1497600
2014-04-16,4.46999979019165,4.570000171661377,4.389999866485596,4.440000057220459,4.440000057220459,1385200
2014-04-17,4.420000076293945,4.639999866485596,4.289999961853027,4.5,4.5,1278500
2014-04-21,4.539999961853027,4.599999904632568,4.449999809265137,4.579999923706055,4.579999923706055,567800
2014-04-22,4.610000133514404,4.75,4.590000152587891,4.670000076293945,4.670000076293945,685400
2014-04-23,4.679999828338623,4.710000038146973,4.559999942779541,4.630000114440918,4.630000114440918,783800
2014-04-24,4.670000076293945,4.75,4.409999847412109,4.550000190734863,4.550000190734863,628600
2014-04-25,4.510000228881836,4.53000020980835,4.25,4.329999923706055,4.329999923706055,623400
2014-04-28,4.380000114440918,4.440000057220459,4.239999771118164,4.429999828338623,4.429999828338623,942700
2014-04-29,4.449999809265137,4.599999904632568,4.449999809265137,4.53000020980835,4.53000020980835,897500
2014-04-30,4.5,4.53000020980835,4.28000020980835,4.329999923706055,4.329999923706055,738100
2014-05-01,4.5,4.5,4.230000019073486,4.360000133514404,4.360000133514404,1031900
2014-05-02,4.480000019073486,4.480000019073486,3.740000009536743,3.8399999141693115,3.8399999141693115,3131600
2014-05-05,3.880000114440918,4.150000095367432,3.8299999237060547,4.130000114440918,4.130000114440918,1041400
2014-05-06,4.039999961853027,4.150000095367432,3.9200000762939453,3.940000057220459,3.940000057220459,729900
2014-05-07,3.869999885559082,3.9800000190734863,3.7799999713897705,3.859999895095825,3.859999895095825,1029400
2014-05-08,3.819999933242798,3.9700000286102295,3.75,3.799999952316284,3.799999952316284,635900
2014-05-09,3.819999933242798,3.9700000286102295,3.759999990463257,3.890000104904175,3.890000104904175,543900
2014-05-12,3.9100000858306885,4.090000152587891,3.9100000858306885,4.079999923706055,4.079999923706055,743300
2014-05-13,4.070000171661377,4.170000076293945,4.0,4.059999942779541,4.059999942779541,720600
2014-05-14,4.03000020980835,4.090000152587891,3.890000104904175,3.890000104904175,3.890000104904175,619100
2014-05-15,3.8399999141693115,3.9200000762939453,3.759999990463257,3.9200000762939453,3.9200000762939453,593300
2014-05-16,3.9200000762939453,4.050000190734863,3.869999885559082,4.03000020980835,4.03000020980835,615500
2014-05-19,3.990000009536743,4.130000114440918,3.9800000190734863,4.119999885559082,4.119999885559082,713600
2014-05-20,4.090000152587891,4.130000114440918,3.9800000190734863,4.090000152587891,4.090000152587891,625500
2014-05-21,4.110000133514404,4.139999866485596,4.050000190734863,4.059999942779541,4.059999942779541,649100
2014-05-22,4.079999923706055,4.179999828338623,4.019999980926514,4.139999866485596,4.139999866485596,846400
2014-05-23,4.130000114440918,4.199999809265137,4.099999904632568,4.199999809265137,4.199999809265137,569100
2014-05-27,4.199999809265137,4.360000133514404,4.130000114440918,4.300000190734863,4.300000190734863,830500
2014-05-28,4.300000190734863,4.360000133514404,4.210000038146973,4.239999771118164,4.239999771118164,312500
2014-05-29,4.400000095367432,4.5,4.309999942779541,4.320000171661377,4.320000171661377,596600
2014-05-30,4.340000152587891,4.369999885559082,4.010000228881836,4.190000057220459,4.190000057220459,789500
2014-06-02,4.190000057220459,4.230000019073486,3.9700000286102295,3.9700000286102295,3.9700000286102295,556300
2014-06-03,3.9700000286102295,4.0,3.8399999141693115,3.890000104904175,3.890000104904175,768500
2014-06-04,3.869999885559082,4.070000171661377,3.8399999141693115,4.039999961853027,4.039999961853027,407100
2014-06-05,4.059999942779541,4.230000019073486,4.0,4.179999828338623,4.179999828338623,979600
2014-06-06,4.230000019073486,4.269999980926514,4.179999828338623,4.179999828338623,4.179999828338623,639900
2014-06-09,4.179999828338623,4.260000228881836,4.159999847412109,4.21999979019165,4.21999979019165,586700
2014-06-10,4.190000057220459,4.260000228881836,4.130000114440918,4.25,4.25,301400
2014-06-11,4.21999979019165,4.429999828338623,4.190000057220459,4.340000152587891,4.340000152587891,703400
2014-06-12,4.329999923706055,4.340000152587891,4.21999979019165,4.25,4.25,476300
2014-06-13,4.199999809265137,4.360000133514404,4.190000057220459,4.320000171661377,4.320000171661377,1040700
2014-06-16,4.320000171661377,4.429999828338623,4.230000019073486,4.28000020980835,4.28000020980835,494700
2014-06-17,4.25,4.409999847412109,4.210000038146973,4.340000152587891,4.340000152587891,1109800
2014-06-18,4.340000152587891,4.340000152587891,4.230000019073486,4.289999961853027,4.289999961853027,441000
2014-06-19,4.300000190734863,4.340000152587891,4.179999828338623,4.21999979019165,4.21999979019165,515400
2014-06-20,4.210000038146973,4.210000038146973,4.019999980926514,4.079999923706055,4.079999923706055,840400
2014-06-23,4.079999923706055,4.150000095367432,4.059999942779541,4.130000114440918,4.130000114440918,448000
2014-06-24,4.110000133514404,4.199999809265137,4.079999923706055,4.090000152587891,4.090000152587891,424800
2014-06-25,4.139999866485596,4.179999828338623,4.079999923706055,4.110000133514404,4.110000133514404,451500
2014-06-26,4.119999885559082,4.139999866485596,4.019999980926514,4.059999942779541,4.059999942779541,351900
2014-06-27,4.03000020980835,4.110000133514404,4.03000020980835,4.099999904632568,4.099999904632568,555100
2014-06-30,4.090000152587891,4.25,4.019999980926514,4.150000095367432,4.150000095367432,638800
2014-07-01,4.150000095367432,4.349999904632568,4.150000095367432,4.300000190734863,4.300000190734863,1023400
2014-07-02,4.300000190734863,4.360000133514404,4.260000228881836,4.289999961853027,4.289999961853027,572500
2014-07-03,4.300000190734863,4.349999904632568,4.230000019073486,4.25,4.25,225400
2014-07-07,4.25,4.25,3.950000047683716,3.950000047683716,3.950000047683716,738400
2014-07-08,3.950000047683716,3.950000047683716,3.6600000858306885,3.759999990463257,3.759999990463257,972300
2014-07-09,3.759999990463257,3.890000104904175,3.690000057220459,3.8299999237060547,3.8299999237060547,576100
2014-07-10,3.799999952316284,4.039999961853027,3.700000047683716,4.019999980926514,4.019999980926514,926000
2014-07-11,4.0,4.150000095367432,3.990000009536743,4.119999885559082,4.119999885559082,531900
2014-07-14,4.190000057220459,4.25,4.03000020980835,4.03000020980835,4.03000020980835,444700
2014-07-15,4.039999961853027,4.070000171661377,3.8499999046325684,3.890000104904175,3.890000104904175,632600
2014-07-16,3.9100000858306885,3.9100000858306885,3.759999990463257,3.7799999713897705,3.7799999713897705,568700
2014-07-17,3.759999990463257,3.8299999237060547,3.7300000190734863,3.740000009536743,3.740000009536743,653600
2014-07-18,3.75,3.950000047683716,3.75,3.880000114440918,3.880000114440918,476100
2014-07-21,3.859999895095825,3.940000057220459,3.7799999713897705,3.8499999046325684,3.8499999046325684,255200
2014-07-22,3.869999885559082,3.930000066757202,3.7899999618530273,3.799999952316284,3.799999952316284,1139100
2014-07-23,3.8399999141693115,3.9000000953674316,3.7699999809265137,3.7899999618530273,3.7899999618530273,363700
2014-07-24,3.809999942779541,3.8499999046325684,3.75,3.7699999809265137,3.7699999809265137,380200
2014-07-25,3.7300000190734863,3.7699999809265137,3.5899999141693115,3.640000104904175,3.640000104904175,612200
2014-07-28,3.6600000858306885,3.6600000858306885,3.4800000190734863,3.5,3.5,633000
2014-07-29,3.509999990463257,3.75,3.490000009536743,3.7100000381469727,3.7100000381469727,577500
2014-07-30,3.7100000381469727,3.7699999809265137,3.609999895095825,3.630000114440918,3.630000114440918,386600
2014-07-31,3.559999942779541,3.609999895095825,3.509999990463257,3.5199999809265137,3.5199999809265137,555200
2014-08-01,3.5399999618530273,3.880000114440918,3.5399999618530273,3.809999942779541,3.809999942779541,1261700
2014-08-04,3.799999952316284,3.8299999237060547,3.5999999046325684,3.75,3.75,1165500
2014-08-05,3.700000047683716,3.7699999809265137,3.5299999713897705,3.609999895095825,3.609999895095825,734900
2014-08-06,3.5799999237060547,3.9000000953674316,3.5799999237060547,3.859999895095825,3.859999895095825,832400
2014-08-07,3.859999895095825,3.890000104904175,3.690000057220459,3.740000009536743,3.740000009536743,440200
2014-08-08,3.7100000381469727,3.740000009536743,3.5999999046325684,3.7100000381469727,3.7100000381469727,567200
2014-08-11,3.7200000286102295,3.7899999618530273,3.680000066757202,3.759999990463257,3.759999990463257,226000
2014-08-12,3.7300000190734863,3.759999990463257,3.5999999046325684,3.609999895095825,3.609999895095825,374800
2014-08-13,3.619999885559082,3.700000047683716,3.5799999237060547,3.690000057220459,3.690000057220459,366600
2014-08-14,3.6700000762939453,3.690000057220459,3.569999933242798,3.630000114440918,3.630000114440918,384500
2014-08-15,3.680000066757202,3.7799999713897705,3.559999942779541,3.75,3.75,633300
2014-08-18,3.799999952316284,3.930000066757202,3.7699999809265137,3.819999933242798,3.819999933242798,879000
2014-08-19,3.799999952316284,3.819999933242798,3.75,3.759999990463257,3.759999990463257,341000
2014-08-20,3.75,3.7699999809265137,3.6700000762939453,3.6700000762939453,3.6700000762939453,347600
2014-08-21,3.6700000762939453,3.740000009536743,3.619999885559082,3.640000104904175,3.640000104904175,331600
2014-08-22,3.6500000953674316,3.759999990463257,3.609999895095825,3.7100000381469727,3.7100000381469727,378600
2014-08-25,3.7300000190734863,3.7799999713897705,3.6600000858306885,3.690000057220459,3.690000057220459,352600
2014-08-26,3.700000047683716,3.809999942779541,3.680000066757202,3.7799999713897705,3.7799999713897705,416200
2014-08-27,3.7899999618530273,3.799999952316284,3.700000047683716,3.759999990463257,3.759999990463257,293600
2014-08-28,3.7300000190734863,3.740000009536743,3.630000114440918,3.680000066757202,3.680000066757202,268300
2014-08-29,3.7200000286102295,3.7799999713897705,3.630000114440918,3.759999990463257,3.759999990463257,294900
2014-09-02,3.7899999618530273,3.7899999618530273,3.690000057220459,3.7899999618530273,3.7899999618530273,416700
2014-09-03,3.799999952316284,3.809999942779541,3.7200000286102295,3.759999990463257,3.759999990463257,273600
2014-09-04,3.7899999618530273,3.950000047683716,3.759999990463257,3.819999933242798,3.819999933242798,603600
2014-09-05,3.819999933242798,3.9100000858306885,3.759999990463257,3.8399999141693115,3.8399999141693115,334400
2014-09-08,3.8399999141693115,3.950000047683716,3.809999942779541,3.9100000858306885,3.9100000858306885,505000
2014-09-09,3.880000114440918,4.300000190734863,3.880000114440918,4.139999866485596,4.139999866485596,4328400
2014-09-10,4.210000038146973,4.289999961853027,4.019999980926514,4.110000133514404,4.110000133514404,1262000
2014-09-11,4.099999904632568,4.119999885559082,3.9700000286102295,4.050000190734863,4.050000190734863,808100
2014-09-12,4.039999961853027,4.119999885559082,3.990000009536743,4.110000133514404,4.110000133514404,606300
2014-09-15,4.099999904632568,4.199999809265137,3.930000066757202,3.950000047683716,3.950000047683716,779100
2014-09-16,3.940000057220459,4.03000020980835,3.9000000953674316,4.010000228881836,4.010000228881836,492500
2014-09-17,4.010000228881836,4.079999923706055,3.940000057220459,3.9600000381469727,3.9600000381469727,1208500
2014-09-18,3.990000009536743,4.03000020980835,3.950000047683716,4.0,4.0,1081000
2014-09-19,4.010000228881836,4.150000095367432,3.9000000953674316,4.010000228881836,4.010000228881836,1560500
2014-09-22,3.990000009536743,3.990000009536743,3.8499999046325684,3.9700000286102295,3.9700000286102295,885600
2014-09-23,3.940000057220459,3.990000009536743,3.819999933242798,3.9000000953674316,3.9000000953674316,835000
2014-09-24,3.9200000762939453,3.9600000381469727,3.8499999046325684,3.950000047683716,3.950000047683716,412900
2014-09-25,3.9200000762939453,3.930000066757202,3.799999952316284,3.880000114440918,3.880000114440918,952600
2014-09-26,3.880000114440918,3.950000047683716,3.7699999809265137,3.809999942779541,3.809999942779541,710800
2014-09-29,3.759999990463257,3.9200000762939453,3.7300000190734863,3.9100000858306885,3.9100000858306885,734300
2014-09-30,3.9100000858306885,4.059999942779541,3.880000114440918,4.010000228881836,4.010000228881836,1096900
2014-10-01,4.019999980926514,4.079999923706055,3.75,3.809999942779541,3.809999942779541,1019500
2014-10-02,3.799999952316284,3.9000000953674316,3.7200000286102295,3.8399999141693115,3.8399999141693115,732000
2014-10-03,3.9100000858306885,4.090000152587891,3.890000104904175,4.070000171661377,4.070000171661377,973500
2014-10-06,4.130000114440918,4.199999809265137,3.9800000190734863,4.0,4.0,696900
2014-10-07,4.039999961853027,4.179999828338623,3.9000000953674316,3.9000000953674316,3.9000000953674316,1697100
2014-10-08,3.8499999046325684,3.940000057220459,3.7200000286102295,3.940000057220459,3.940000057220459,1048100
2014-10-09,3.9200000762939453,3.9200000762939453,3.700000047683716,3.75,3.75,674100
2014-10-10,3.7100000381469727,3.819999933242798,3.630000114440918,3.640000104904175,3.640000104904175,658500
2014-10-13,3.6700000762939453,3.890000104904175,3.5999999046325684,3.859999895095825,3.859999895095825,1154200
2014-10-14,4.179999828338623,4.389999866485596,4.03000020980835,4.099999904632568,4.099999904632568,3498600
2014-10-15,4.050000190734863,4.260000228881836,3.8499999046325684,4.210000038146973,4.210000038146973,1523900
2014-10-16,4.139999866485596,4.349999904632568,4.099999904632568,4.25,4.25,1440100
2014-10-17,4.329999923706055,4.329999923706055,4.039999961853027,4.050000190734863,4.050000190734863,708700
2014-10-20,4.230000019073486,4.309999942779541,4.139999866485596,4.300000190734863,4.300000190734863,1650700
2014-10-21,4.210000038146973,4.380000114440918,4.170000076293945,4.190000057220459,4.190000057220459,964400
2014-10-22,4.190000057220459,4.190000057220459,4.010000228881836,4.110000133514404,4.110000133514404,878300
2014-10-23,4.130000114440918,4.21999979019165,4.039999961853027,4.119999885559082,4.119999885559082,888800
2014-10-24,4.139999866485596,4.159999847412109,4.019999980926514,4.139999866485596,4.139999866485596,676300
2014-10-27,4.090000152587891,4.190000057220459,4.03000020980835,4.130000114440918,4.130000114440918,607500
2014-10-28,4.130000114440918,4.230000019073486,4.050000190734863,4.210000038146973,4.210000038146973,892600
2014-10-29,4.230000019073486,4.300000190734863,4.159999847412109,4.190000057220459,4.190000057220459,680200
2014-10-30,4.199999809265137,4.320000171661377,4.170000076293945,4.320000171661377,4.320000171661377,536600
2014-10-31,4.429999828338623,4.53000020980835,4.150000095367432,4.159999847412109,4.159999847412109,1639300
2014-11-03,4.199999809265137,4.28000020980835,4.090000152587891,4.159999847412109,4.159999847412109,840100
2014-11-04,4.130000114440918,4.159999847412109,4.070000171661377,4.090000152587891,4.090000152587891,466000
2014-11-05,4.019999980926514,4.019999980926514,3.799999952316284,3.9200000762939453,3.9200000762939453,2300900
2014-11-06,3.9100000858306885,3.9800000190734863,3.799999952316284,3.9800000190734863,3.9800000190734863,885300
2014-11-07,3.950000047683716,4.019999980926514,3.8499999046325684,4.010000228881836,4.010000228881836,1138300
2014-11-10,4.0,4.039999961853027,3.859999895095825,4.03000020980835,4.03000020980835,991600
2014-11-11,4.070000171661377,4.260000228881836,4.0,4.199999809265137,4.199999809265137,1434300
2014-11-12,4.210000038146973,4.21999979019165,4.119999885559082,4.190000057220459,4.190000057220459,663000
2014-11-13,4.369999885559082,4.650000095367432,4.289999961853027,4.420000076293945,4.420000076293945,2754600
2014-11-14,4.400000095367432,4.440000057220459,4.21999979019165,4.409999847412109,4.409999847412109,938300
2014-11-17,4.389999866485596,4.440000057220459,4.260000228881836,4.28000020980835,4.28000020980835,692100
2014-11-18,4.289999961853027,4.349999904632568,4.25,4.28000020980835,4.28000020980835,1055400
2014-11-19,4.329999923706055,4.360000133514404,4.179999828338623,4.28000020980835,4.28000020980835,1072900
2014-11-20,4.25,4.320000171661377,4.21999979019165,4.289999961853027,4.289999961853027,439300
2014-11-21,4.449999809265137,4.480000019073486,4.210000038146973,4.260000228881836,4.260000228881836,1577900
2014-11-24,4.269999980926514,4.289999961853027,4.150000095367432,4.25,4.25,996100
2014-11-25,4.25,4.309999942779541,4.210000038146973,4.289999961853027,4.289999961853027,509600
2014-11-26,4.289999961853027,4.400000095367432,4.25,4.389999866485596,4.389999866485596,570800
2014-11-28,4.389999866485596,4.699999809265137,4.389999866485596,4.53000020980835,4.53000020980835,1033800
2014-12-01,4.550000190734863,4.579999923706055,4.269999980926514,4.289999961853027,4.289999961853027,1083000
2014-12-02,4.309999942779541,4.369999885559082,4.239999771118164,4.260000228881836,4.260000228881836,618200
2014-12-03,4.28000020980835,4.369999885559082,4.21999979019165,4.230000019073486,4.230000019073486,685000
2014-12-04,4.25,4.360000133514404,4.199999809265137,4.239999771118164,4.239999771118164,536000
2014-12-05,4.25,4.389999866485596,4.210000038146973,4.309999942779541,4.309999942779541,652800
2014-12-08,4.309999942779541,4.389999866485596,4.230000019073486,4.309999942779541,4.309999942779541,850000
2014-12-09,4.230000019073486,4.570000171661377,4.199999809265137,4.539999961853027,4.539999961853027,1622300
2014-12-10,4.539999961853027,4.769999980926514,4.46999979019165,4.619999885559082,4.619999885559082,2190800
2014-12-11,4.639999866485596,4.789999961853027,4.590000152587891,4.599999904632568,4.599999904632568,988200
2014-12-12,4.559999942779541,4.929999828338623,4.550000190734863,4.869999885559082,4.869999885559082,1940900
2014-12-15,4.940000057220459,5.0,4.619999885559082,4.639999866485596,4.639999866485596,1801800
2014-12-16,4.619999885559082,4.869999885559082,4.579999923706055,4.78000020980835,4.78000020980835,1263600
2014-12-17,5.599999904632568,5.940000057220459,5.260000228881836,5.860000133514404,5.860000133514404,7189000
2014-12-18,5.889999866485596,6.289999961853027,5.889999866485596,6.159999847412109,6.159999847412109,3542900
2014-12-19,6.849999904632568,6.929999828338623,6.369999885559082,6.409999847412109,6.409999847412109,5763800
2014-12-22,6.420000076293945,6.800000190734863,6.380000114440918,6.769999980926514,6.769999980926514,2275000
2014-12-23,6.679999828338623,6.75,6.079999923706055,6.199999809265137,6.199999809265137,2087200
2014-12-24,6.190000057220459,6.559999942779541,6.170000076293945,6.489999771118164,6.489999771118164,761400
2014-12-26,6.590000152587891,6.769999980926514,6.510000228881836,6.539999961853027,6.539999961853027,835400
2014-12-29,6.420000076293945,6.579999923706055,6.159999847412109,6.260000228881836,6.260000228881836,1058400
2014-12-30,6.210000038146973,6.369999885559082,6.159999847412109,6.239999771118164,6.239999771118164,667000
2014-12-31,6.230000019073486,6.380000114440918,6.179999828338623,6.239999771118164,6.239999771118164,951400
2015-01-02,6.269999980926514,6.650000095367432,6.25,6.519999980926514,6.519999980926514,1357100
2015-01-05,6.820000171661377,7.03000020980835,6.460000038146973,6.570000171661377,6.570000171661377,2035700
2015-01-06,6.050000190734863,6.300000190734863,5.71999979019165,5.78000020980835,5.78000020980835,2593800
2015-01-07,6.050000190734863,6.21999979019165,5.849999904632568,5.949999809265137,5.949999809265137,6507700
2015-01-08,6.0,6.139999866485596,5.909999847412109,6.130000114440918,6.130000114440918,2467100
2015-01-09,6.110000133514404,6.269999980926514,6.019999980926514,6.150000095367432,6.150000095367432,1132900
2015-01-12,6.130000114440918,6.25,6.050000190734863,6.21999979019165,6.21999979019165,866100
2015-01-13,6.21999979019165,6.289999961853027,5.900000095367432,6.110000133514404,6.110000133514404,1358400
2015-01-14,5.900000095367432,6.210000038146973,5.900000095367432,6.070000171661377,6.070000171661377,1822100
2015-01-15,6.110000133514404,6.170000076293945,5.71999979019165,5.789999961853027,5.789999961853027,1514400
2015-01-16,5.78000020980835,5.96999979019165,5.78000020980835,5.889999866485596,5.889999866485596,1143000
2015-01-20,5.880000114440918,5.880000114440918,5.53000020980835,5.730000019073486,5.730000019073486,1360500
2015-01-21,5.699999809265137,5.699999809265137,5.199999809265137,5.25,5.25,2210400
2015-01-22,5.289999961853027,5.320000171661377,5.010000228881836,5.309999942779541,5.309999942779541,2375700
2015-01-23,5.28000020980835,5.349999904632568,5.130000114440918,5.289999961853027,5.289999961853027,939900
2015-01-26,5.260000228881836,5.53000020980835,5.190000057220459,5.519999980926514,5.519999980926514,1178600
2015-01-27,5.420000076293945,5.429999828338623,5.260000228881836,5.360000133514404,5.360000133514404,920200
2015-01-28,5.369999885559082,5.619999885559082,5.309999942779541,5.489999771118164,5.489999771118164,1540200
2015-01-29,5.53000020980835,5.579999923706055,5.349999904632568,5.460000038146973,5.460000038146973,1050300
2015-01-30,5.420000076293945,5.53000020980835,5.320000171661377,5.340000152587891,5.340000152587891,1871300
2015-02-02,5.349999904632568,5.400000095367432,5.159999847412109,5.210000038146973,5.210000038146973,1315300
2015-02-03,5.199999809265137,5.340000152587891,5.130000114440918,5.329999923706055,5.329999923706055,962200
2015-02-04,5.340000152587891,5.510000228881836,5.28000020980835,5.420000076293945,5.420000076293945,1461100
2015-02-05,5.510000228881836,5.860000133514404,5.5,5.789999961853027,5.789999961853027,1726900
2015-02-06,5.800000190734863,5.860000133514404,5.579999923706055,5.659999847412109,5.659999847412109,1182600
2015-02-09,5.650000095367432,5.650000095367432,5.400000095367432,5.429999828338623,5.429999828338623,789000
2015-02-10,5.480000019073486,5.650000095367432,5.369999885559082,5.610000133514404,5.610000133514404,732900
2015-02-11,5.570000171661377,5.639999866485596,5.400000095367432,5.400000095367432,5.400000095367432,637700
2015-02-12,5.429999828338623,5.510000228881836,5.369999885559082,5.449999809265137,5.449999809265137,639100
2015-02-13,5.449999809265137,5.53000020980835,5.329999923706055,5.53000020980835,5.53000020980835,655900
2015-02-17,5.519999980926514,5.650000095367432,5.449999809265137,5.539999961853027,5.539999961853027,939200
2015-02-18,5.519999980926514,5.519999980926514,5.389999866485596,5.489999771118164,5.489999771118164,869700
2015-02-19,5.510000228881836,5.510000228881836,5.420000076293945,5.429999828338623,5.429999828338623,532800
2015-02-20,5.449999809265137,5.570000171661377,5.409999847412109,5.5,5.5,933500
2015-02-23,5.679999828338623,5.679999828338623,5.360000133514404,5.46999979019165,5.46999979019165,885900
2015-02-24,5.5,5.5,5.320000171661377,5.460000038146973,5.460000038146973,913500
2015-02-25,5.429999828338623,5.679999828338623,5.349999904632568,5.46999979019165,5.46999979019165,1065600
2015-02-26,5.460000038146973,5.519999980926514,5.329999923706055,5.349999904632568,5.349999904632568,1710800
2015-02-27,5.159999847412109,5.179999828338623,4.539999961853027,4.78000020980835,4.78000020980835,5808800
2015-03-02,4.769999980926514,4.809999942779541,4.449999809265137,4.460000038146973,4.460000038146973,2376000
2015-03-03,4.420000076293945,4.480000019073486,4.25,4.440000057220459,4.440000057220459,2763600
2015-03-04,4.409999847412109,4.539999961853027,4.309999942779541,4.460000038146973,4.460000038146973,1224000
2015-03-05,4.449999809265137,4.579999923706055,4.360000133514404,4.449999809265137,4.449999809265137,982400
2015-03-06,4.420000076293945,4.429999828338623,4.320000171661377,4.409999847412109,4.409999847412109,842300
2015-03-09,4.409999847412109,4.409999847412109,4.25,4.28000020980835,4.28000020980835,1999700
2015-03-10,4.239999771118164,4.260000228881836,4.050000190734863,4.110000133514404,4.110000133514404,2019800
2015-03-11,4.110000133514404,4.159999847412109,3.9800000190734863,4.019999980926514,4.019999980926514,1670100
2015-03-12,4.070000171661377,4.150000095367432,4.059999942779541,4.099999904632568,4.099999904632568,812500
2015-03-13,4.099999904632568,4.179999828338623,3.950000047683716,4.119999885559082,4.119999885559082,1158900
2015-03-16,4.239999771118164,4.260000228881836,4.150000095367432,4.260000228881836,4.260000228881836,1539100
2015-03-17,4.25,4.269999980926514,4.139999866485596,4.199999809265137,4.199999809265137,608700
2015-03-18,4.170000076293945,4.199999809265137,4.079999923706055,4.150000095367432,4.150000095367432,863000
2015-03-19,4.150000095367432,4.380000114440918,4.150000095367432,4.340000152587891,4.340000152587891,1016100
2015-03-20,4.400000095367432,4.460000038146973,4.210000038146973,4.289999961853027,4.289999961853027,1676400
2015-03-23,4.300000190734863,4.300000190734863,4.130000114440918,4.159999847412109,4.159999847412109,874100
2015-03-24,4.150000095367432,4.289999961853027,4.150000095367432,4.21999979019165,4.21999979019165,828200
2015-03-25,4.199999809265137,4.199999809265137,3.990000009536743,4.019999980926514,4.019999980926514,1631000
2015-03-26,4.0,4.21999979019165,4.0,4.210000038146973,4.210000038146973,1056400
2015-03-27,4.230000019073486,4.269999980926514,4.070000171661377,4.099999904632568,4.099999904632568,734500
2015-03-30,4.150000095367432,4.239999771118164,4.119999885559082,4.230000019073486,4.230000019073486,758300
2015-03-31,4.199999809265137,4.260000228881836,4.119999885559082,4.170000076293945,4.170000076293945,865600
2015-04-01,4.150000095367432,4.230000019073486,3.950000047683716,3.9700000286102295,3.9700000286102295,1208600
2015-04-02,3.950000047683716,3.9600000381469727,3.819999933242798,3.9100000858306885,3.9100000858306885,1150700
2015-04-06,3.9000000953674316,3.9700000286102295,3.8499999046325684,3.9200000762939453,3.9200000762939453,707700
2015-04-07,3.9100000858306885,4.050000190734863,3.8399999141693115,3.859999895095825,3.859999895095825,995400
2015-04-08,3.859999895095825,3.9600000381469727,3.819999933242798,3.940000057220459,3.940000057220459,783100
2015-04-09,3.9200000762939453,4.0,3.819999933242798,3.869999885559082,3.869999885559082,649600
2015-04-10,3.890000104904175,3.9200000762939453,3.8299999237060547,3.9000000953674316,3.9000000953674316,955000
2015-04-13,3.9000000953674316,4.03000020980835,3.890000104904175,4.03000020980835,4.03000020980835,1058700
2015-04-14,4.039999961853027,4.159999847412109,4.03000020980835,4.119999885559082,4.119999885559082,921500
2015-04-15,4.28000020980835,4.320000171661377,4.110000133514404,4.300000190734863,4.300000190734863,1296300
2015-04-16,4.28000020980835,4.320000171661377,4.159999847412109,4.239999771118164,4.239999771118164,588600
2015-04-17,4.190000057220459,4.199999809265137,3.9800000190734863,4.03000020980835,4.03000020980835,780200
2015-04-20,4.099999904632568,4.099999904632568,3.9700000286102295,4.050000190734863,4.050000190734863,914400
2015-04-21,4.070000171661377,4.139999866485596,3.990000009536743,4.050000190734863,4.050000190734863,572400
2015-04-22,4.019999980926514,4.110000133514404,3.9600000381469727,4.099999904632568,4.099999904632568,593600
2015-04-23,4.28000020980835,4.730000019073486,4.150000095367432,4.590000152587891,4.590000152587891,2607900
2015-04-24,4.650000095367432,4.940000057220459,4.630000114440918,4.789999961853027,4.789999961853027,2269900
2015-04-27,4.809999942779541,4.849999904632568,4.5,4.699999809265137,4.699999809265137,1589200
2015-04-28,4.699999809265137,4.699999809265137,4.380000114440918,4.519999980926514,4.519999980926514,1455400
2015-04-29,4.519999980926514,4.590000152587891,4.389999866485596,4.460000038146973,4.460000038146973,841500
2015-04-30,4.409999847412109,4.570000171661377,4.400000095367432,4.440000057220459,4.440000057220459,1268000
2015-05-01,4.480000019073486,4.539999961853027,4.300000190734863,4.420000076293945,4.420000076293945,1008600
2015-05-04,4.440000057220459,4.710000038146973,4.409999847412109,4.659999847412109,4.659999847412109,1155300
2015-05-05,4.650000095367432,4.650000095367432,4.300000190734863,4.489999771118164,4.489999771118164,1165600
2015-05-06,4.309999942779541,4.710000038146973,4.309999942779541,4.670000076293945,4.670000076293945,1461200
2015-05-07,4.670000076293945,4.670000076293945,4.449999809265137,4.539999961853027,4.539999961853027,854300
2015-05-08,4.610000133514404,4.659999847412109,4.46999979019165,4.650000095367432,4.650000095367432,1032200
2015-05-11,4.619999885559082,4.789999961853027,4.590000152587891,4.769999980926514,4.769999980926514,1195700
2015-05-12,4.75,4.860000133514404,4.630000114440918,4.769999980926514,4.769999980926514,961500
2015-05-13,4.789999961853027,4.840000152587891,4.639999866485596,4.690000057220459,4.690000057220459,592800
2015-05-14,4.710000038146973,4.730000019073486,4.579999923706055,4.650000095367432,4.650000095367432,484900
2015-05-15,4.659999847412109,4.690000057220459,4.53000020980835,4.610000133514404,4.610000133514404,614000
2015-05-18,4.590000152587891,4.610000133514404,4.46999979019165,4.599999904632568,4.599999904632568,640000
2015-05-19,4.619999885559082,4.679999828338623,4.550000190734863,4.599999904632568,4.599999904632568,522900
2015-05-20,4.590000152587891,4.650000095367432,4.489999771118164,4.590000152587891,4.590000152587891,552700
2015-05-21,4.590000152587891,4.630000114440918,4.519999980926514,4.550000190734863,4.550000190734863,378800
2015-05-22,4.550000190734863,4.619999885559082,4.449999809265137,4.460000038146973,4.460000038146973,377100
2015-05-26,4.440000057220459,4.570000171661377,4.349999904632568,4.539999961853027,4.539999961853027,894400
2015-05-27,4.539999961853027,4.690000057220459,4.480000019073486,4.670000076293945,4.670000076293945,617400
2015-05-28,4.630000114440918,4.949999809265137,4.570000171661377,4.920000076293945,4.920000076293945,1229700
2015-05-29,4.940000057220459,5.239999771118164,4.940000057220459,4.980000019073486,4.980000019073486,1420600
2015-06-01,5.010000228881836,5.21999979019165,5.010000228881836,5.130000114440918,5.130000114440918,1277000
2015-06-02,5.130000114440918,5.309999942779541,5.099999904632568,5.239999771118164,5.239999771118164,887800
2015-06-03,5.25,5.329999923706055,5.199999809265137,5.239999771118164,5.239999771118164,1069000
2015-06-04,5.210000038146973,5.360000133514404,5.199999809265137,5.199999809265137,5.199999809265137,709800
2015-06-05,5.21999979019165,5.5,5.170000076293945,5.420000076293945,5.420000076293945,1050600
2015-06-08,5.409999847412109,5.619999885559082,5.400000095367432,5.489999771118164,5.489999771118164,1154700
2015-06-09,5.5,5.510000228881836,5.269999980926514,5.269999980926514,5.269999980926514,745000
2015-06-10,5.269999980926514,5.510000228881836,5.190000057220459,5.400000095367432,5.400000095367432,787500
2015-06-11,5.440000057220459,5.510000228881836,5.349999904632568,5.389999866485596,5.389999866485596,643700
2015-06-12,5.380000114440918,5.5,5.360000133514404,5.400000095367432,5.400000095367432,399700
2015-06-15,5.340000152587891,5.420000076293945,5.25,5.349999904632568,5.349999904632568,607400
2015-06-16,5.329999923706055,5.429999828338623,5.289999961853027,5.400000095367432,5.400000095367432,480000
2015-06-17,5.420000076293945,5.519999980926514,5.260000228881836,5.269999980926514,5.269999980926514,879200
2015-06-18,5.420000076293945,5.449999809265137,5.28000020980835,5.369999885559082,5.369999885559082,887400
2015-06-19,5.389999866485596,5.420000076293945,5.269999980926514,5.380000114440918,5.380000114440918,745700
2015-06-22,5.420000076293945,5.579999923706055,5.400000095367432,5.539999961853027,5.539999961853027,837400
2015-06-23,5.659999847412109,5.699999809265137,5.519999980926514,5.610000133514404,5.610000133514404,760200
2015-06-24,5.619999885559082,5.659999847412109,5.349999904632568,5.380000114440918,5.380000114440918,934600
2015-06-25,5.389999866485596,5.53000020980835,5.389999866485596,5.440000057220459,5.440000057220459,454700
2015-06-26,5.480000019073486,5.510000228881836,5.150000095367432,5.409999847412109,5.409999847412109,1689100
2015-06-29,5.349999904632568,5.369999885559082,5.210000038146973,5.21999979019165,5.21999979019165,555800
2015-06-30,5.190000057220459,5.320000171661377,5.119999885559082,5.190000057220459,5.190000057220459,765100
2015-07-01,5.25,5.449999809265137,5.010000228881836,5.050000190734863,5.050000190734863,886800
2015-07-02,5.079999923706055,5.079999923706055,4.860000133514404,4.940000057220459,4.940000057220459,785300
2015-07-06,4.900000095367432,5.039999961853027,4.809999942779541,5.019999980926514,5.019999980926514,1149300
2015-07-07,4.989999771118164,5.099999904632568,4.860000133514404,5.03000020980835,5.03000020980835,550900
2015-07-08,4.96999979019165,5.050000190734863,4.869999885559082,4.949999809265137,4.949999809265137,631500
2015-07-09,5.0,5.179999828338623,4.949999809265137,5.019999980926514,5.019999980926514,651000
2015-07-10,5.070000171661377,5.170000076293945,5.03000020980835,5.059999942779541,5.059999942779541,614400
2015-07-13,5.139999866485596,5.440000057220459,5.139999866485596,5.300000190734863,5.300000190734863,710000
2015-07-14,5.28000020980835,5.5,5.28000020980835,5.429999828338623,5.429999828338623,658900
2015-07-15,5.449999809265137,5.519999980926514,5.429999828338623,5.46999979019165,5.46999979019165,480000
2015-07-16,5.519999980926514,5.670000076293945,5.46999979019165,5.599999904632568,5.599999904632568,1322400
2015-07-17,5.619999885559082,5.690000057220459,5.53000020980835,5.679999828338623,5.679999828338623,1034000
2015-07-20,5.670000076293945,5.820000171661377,5.670000076293945,5.75,5.75,1239300
2015-07-21,5.78000020980835,5.849999904632568,5.630000114440918,5.639999866485596,5.639999866485596,905500
2015-07-22,5.599999904632568,5.670000076293945,5.489999771118164,5.579999923706055,5.579999923706055,650500
2015-07-23,5.599999904632568,5.690000057220459,5.429999828338623,5.489999771118164,5.489999771118164,697100
2015-07-24,5.460000038146973,5.519999980926514,5.179999828338623,5.190000057220459,5.190000057220459,880500
2015-07-27,5.159999847412109,5.269999980926514,4.980000019073486,5.199999809265137,5.199999809265137,1098100
2015-07-28,5.25,5.449999809265137,5.139999866485596,5.400000095367432,5.400000095367432,849400
2015-07-29,5.409999847412109,5.539999961853027,5.349999904632568,5.400000095367432,5.400000095367432,535100
2015-07-30,5.400000095367432,5.460000038146973,5.21999979019165,5.340000152587891,5.340000152587891,543600
2015-07-31,5.360000133514404,5.5,5.309999942779541,5.429999828338623,5.429999828338623,428200
2015-08-03,5.400000095367432,5.429999828338623,5.110000133514404,5.210000038146973,5.210000038146973,1124500
2015-08-04,5.179999828338623,5.380000114440918,5.179999828338623,5.25,5.25,462500
2015-08-05,5.309999942779541,5.429999828338623,5.019999980926514,5.130000114440918,5.130000114440918,1099500
2015-08-06,5.150000095367432,5.300000190734863,4.900000095367432,4.980000019073486,4.980000019073486,1848400
2015-08-07,4.800000190734863,5.21999979019165,4.699999809265137,5.0,5.0,1546700
2015-08-10,5.019999980926514,5.050000190734863,4.800000190734863,4.940000057220459,4.940000057220459,1201000
2015-08-11,4.900000095367432,5.0,4.840000152587891,4.929999828338623,4.929999828338623,560600
2015-08-12,4.849999904632568,5.0,4.739999771118164,4.980000019073486,4.980000019073486,606700
2015-08-13,4.949999809265137,5.03000020980835,4.760000228881836,4.769999980926514,4.769999980926514,626400
2015-08-14,4.75,4.789999961853027,4.639999866485596,4.760000228881836,4.760000228881836,623600
2015-08-17,4.769999980926514,4.900000095367432,4.71999979019165,4.889999866485596,4.889999866485596,558100
2015-08-18,4.909999847412109,5.110000133514404,4.889999866485596,5.090000152587891,5.090000152587891,951200
2015-08-19,5.090000152587891,5.110000133514404,4.929999828338623,5.0,5.0,787300
2015-08-20,4.929999828338623,5.010000228881836,4.800000190734863,4.800000190734863,4.800000190734863,683800
2015-08-21,4.599999904632568,4.889999866485596,4.599999904632568,4.730000019073486,4.730000019073486,946500
2015-08-24,4.389999866485596,4.730000019073486,4.289999961853027,4.440000057220459,4.440000057220459,1170400
2015-08-25,4.639999866485596,4.840000152587891,4.46999979019165,4.679999828338623,4.679999828338623,1110600
2015-08-26,4.789999961853027,4.909999847412109,4.610000133514404,4.769999980926514,4.769999980926514,669600
2015-08-27,4.849999904632568,4.96999979019165,4.760000228881836,4.929999828338623,4.929999828338623,893200
2015-08-28,4.920000076293945,4.96999979019165,4.809999942779541,4.849999904632568,4.849999904632568,564100
2015-08-31,4.800000190734863,5.019999980926514,4.800000190734863,4.960000038146973,4.960000038146973,671000
2015-09-01,4.869999885559082,4.929999828338623,4.659999847412109,4.71999979019165,4.71999979019165,717900
2015-09-02,4.789999961853027,5.079999923706055,4.650000095367432,5.059999942779541,5.059999942779541,988900
2015-09-03,5.059999942779541,5.159999847412109,4.909999847412109,4.929999828338623,4.929999828338623,892500
2015-09-04,4.880000114440918,5.269999980926514,4.849999904632568,5.239999771118164,5.239999771118164,949900
2015-09-08,5.360000133514404,5.440000057220459,5.199999809265137,5.340000152587891,5.340000152587891,824500
2015-09-09,5.380000114440918,5.579999923706055,5.340000152587891,5.510000228881836,5.510000228881836,884700
2015-09-10,5.510000228881836,5.650000095367432,5.5,5.639999866485596,5.639999866485596,799000
2015-09-11,5.650000095367432,5.699999809265137,5.570000171661377,5.679999828338623,5.679999828338623,675600
2015-09-14,5.71999979019165,5.769999980926514,5.5,5.579999923706055,5.579999923706055,484000
2015-09-15,5.570000171661377,5.690000057220459,5.519999980926514,5.650000095367432,5.650000095367432,442500
2015-09-16,5.619999885559082,5.659999847412109,5.480000019073486,5.570000171661377,5.570000171661377,850700
2015-09-17,5.570000171661377,5.860000133514404,5.570000171661377,5.849999904632568,5.849999904632568,938200
2015-09-18,5.789999961853027,5.869999885559082,5.710000038146973,5.789999961853027,5.789999961853027,824000
2015-09-21,5.840000152587891,5.849999904632568,5.199999809265137,5.590000152587891,5.590000152587891,1667000
2015-09-22,5.539999961853027,5.539999961853027,5.309999942779541,5.369999885559082,5.369999885559082,745100
2015-09-23,5.360000133514404,5.369999885559082,5.139999866485596,5.239999771118164,5.239999771118164,772200
2015-09-24,5.21999979019165,5.400000095367432,5.159999847412109,5.389999866485596,5.389999866485596,983300
2015-09-25,5.460000038146973,5.460000038146973,5.019999980926514,5.090000152587891,5.090000152587891,945000
2015-09-28,5.059999942779541,5.059999942779541,4.75,4.849999904632568,4.849999904632568,1194700
2015-09-29,4.880000114440918,4.929999828338623,4.400000095367432,4.519999980926514,4.519999980926514,1842100
2015-09-30,4.579999923706055,4.619999885559082,4.429999828338623,4.539999961853027,4.539999961853027,741800
2015-10-01,4.550000190734863,4.599999904632568,4.320000171661377,4.550000190734863,4.550000190734863,1020900
2015-10-02,4.5,4.849999904632568,4.5,4.809999942779541,4.809999942779541,898300
2015-10-05,4.840000152587891,4.949999809265137,4.710000038146973,4.800000190734863,4.800000190734863,618500
2015-10-06,4.840000152587891,4.929999828338623,4.559999942779541,4.650000095367432,4.650000095367432,960400
2015-10-07,4.650000095367432,4.800000190734863,4.570000171661377,4.730000019073486,4.730000019073486,959600
2015-10-08,4.699999809265137,4.710000038146973,4.53000020980835,4.599999904632568,4.599999904632568,713900
2015-10-09,4.619999885559082,4.739999771118164,4.559999942779541,4.610000133514404,4.610000133514404,796500
2015-10-12,4.610000133514404,4.650000095367432,4.46999979019165,4.579999923706055,4.579999923706055,557200
2015-10-13,4.579999923706055,4.599999904632568,4.489999771118164,4.53000020980835,4.53000020980835,626500
2015-10-14,4.559999942779541,4.599999904632568,4.429999828338623,4.489999771118164,4.489999771118164,740600
2015-10-15,4.480000019073486,4.840000152587891,4.480000019073486,4.809999942779541,4.809999942779541,1078700
2015-10-16,4.840000152587891,4.840000152587891,4.559999942779541,4.690000057220459,4.690000057220459,551200
2015-10-19,4.650000095367432,4.730000019073486,4.489999771118164,4.579999923706055,4.579999923706055,677500
2015-10-20,4.579999923706055,4.639999866485596,4.510000228881836,4.539999961853027,4.539999961853027,831500
2015-10-21,4.619999885559082,4.690000057220459,4.360000133514404,4.460000038146973,4.460000038146973,909300
2015-10-22,4.440000057220459,4.5,4.269999980926514,4.360000133514404,4.360000133514404,1061800
2015-10-23,4.420000076293945,4.590000152587891,4.380000114440918,4.539999961853027,4.539999961853027,838300
2015-10-26,4.519999980926514,4.690000057220459,4.480000019073486,4.610000133514404,4.610000133514404,671400
2015-10-27,4.590000152587891,4.789999961853027,4.559999942779541,4.650000095367432,4.650000095367432,808000
2015-10-28,4.75,4.949999809265137,4.610000133514404,4.929999828338623,4.929999828338623,786700
2015-10-29,4.880000114440918,5.019999980926514,4.820000171661377,4.829999923706055,4.829999923706055,368900
2015-10-30,4.860000133514404,5.039999961853027,4.75,4.769999980926514,4.769999980926514,403800
2015-11-02,5.099999904632568,5.5,5.019999980926514,5.070000171661377,5.070000171661377,1388900
2015-11-03,5.050000190734863,5.199999809265137,4.869999885559082,5.139999866485596,5.139999866485596,906800
2015-11-04,5.139999866485596,5.230000019073486,5.0,5.150000095367432,5.150000095367432,794700
2015-11-05,5.230000019073486,5.369999885559082,5.139999866485596,5.150000095367432,5.150000095367432,995900
2015-11-06,5.039999961853027,5.420000076293945,4.820000171661377,5.380000114440918,5.380000114440918,1160100
2015-11-09,5.340000152587891,5.400000095367432,5.039999961853027,5.110000133514404,5.110000133514404,807400
2015-11-10,5.110000133514404,5.199999809265137,5.019999980926514,5.139999866485596,5.139999866485596,618000
2015-11-11,5.179999828338623,5.210000038146973,5.059999942779541,5.079999923706055,5.079999923706055,465700
2015-11-12,5.03000020980835,5.130000114440918,5.0,5.010000228881836,5.010000228881836,672800
2015-11-13,4.980000019073486,5.210000038146973,4.980000019073486,5.199999809265137,5.199999809265137,774800
2015-11-16,5.199999809265137,5.199999809265137,5.119999885559082,5.190000057220459,5.190000057220459,523700
2015-11-17,5.199999809265137,5.210000038146973,5.079999923706055,5.099999904632568,5.099999904632568,445100
2015-11-18,5.110000133514404,5.199999809265137,5.050000190734863,5.190000057220459,5.190000057220459,401700
2015-11-19,5.139999866485596,5.199999809265137,5.010000228881836,5.039999961853027,5.039999961853027,633500
2015-11-20,5.090000152587891,5.119999885559082,5.019999980926514,5.059999942779541,5.059999942779541,444500
2015-11-23,5.079999923706055,5.349999904632568,5.010000228881836,5.289999961853027,5.289999961853027,983000
2015-11-24,5.260000228881836,5.449999809265137,5.239999771118164,5.380000114440918,5.380000114440918,557200
2015-11-25,5.400000095367432,5.679999828338623,5.349999904632568,5.639999866485596,5.639999866485596,966300
2015-11-27,5.639999866485596,5.789999961853027,5.599999904632568,5.71999979019165,5.71999979019165,361000
2015-11-30,5.679999828338623,5.800000190734863,5.639999866485596,5.670000076293945,5.670000076293945,828400
2015-12-01,5.599999904632568,5.730000019073486,5.570000171661377,5.710000038146973,5.710000038146973,777300
2015-12-02,5.71999979019165,5.940000057220459,5.710000038146973,5.75,5.75,980900
2015-12-03,5.75,5.829999923706055,5.670000076293945,5.699999809265137,5.699999809265137,962300
2015-12-04,5.71999979019165,5.849999904632568,5.650000095367432,5.78000020980835,5.78000020980835,798100
2015-12-07,5.699999809265137,5.809999942779541,5.630000114440918,5.789999961853027,5.789999961853027,929200
2015-12-08,5.75,5.96999979019165,5.730000019073486,5.909999847412109,5.909999847412109,994900
2015-12-09,5.929999828338623,6.0,5.75,5.960000038146973,5.960000038146973,932800
2015-12-10,5.980000019073486,6.289999961853027,5.900000095367432,6.21999979019165,6.21999979019165,1473900
2015-12-11,6.110000133514404,6.420000076293945,6.110000133514404,6.409999847412109,6.409999847412109,1711800
2015-12-14,6.340000152587891,6.570000171661377,6.269999980926514,6.369999885559082,6.369999885559082,1843800
2015-12-15,6.369999885559082,6.369999885559082,6.090000152587891,6.230000019073486,6.230000019073486,1324200
2015-12-16,6.25,6.599999904632568,6.210000038146973,6.590000152587891,6.590000152587891,1489600
2015-12-17,6.340000152587891,6.369999885559082,5.900000095367432,5.929999828338623,5.929999828338623,2014700
2015-12-18,5.940000057220459,6.0,5.820000171661377,5.900000095367432,5.900000095367432,1350500
2015-12-21,5.929999828338623,6.0,5.760000228881836,5.860000133514404,5.860000133514404,900400
2015-12-22,5.849999904632568,5.920000076293945,5.699999809265137,5.769999980926514,5.769999980926514,694900
2015-12-23,5.650000095367432,6.059999942779541,5.559999942779541,5.989999771118164,5.989999771118164,1048800
2015-12-24,5.989999771118164,6.369999885559082,5.989999771118164,6.320000171661377,6.320000171661377,950400
2015-12-28,6.300000190734863,6.570000171661377,6.260000228881836,6.460000038146973,6.460000038146973,1130100
2015-12-29,6.460000038146973,6.550000190734863,6.260000228881836,6.449999809265137,6.449999809265137,737400
2015-12-30,6.440000057220459,6.599999904632568,6.420000076293945,6.460000038146973,6.460000038146973,812200
2015-12-31,6.449999809265137,6.460000038146973,6.260000228881836,6.320000171661377,6.320000171661377,547600
2016-01-04,6.190000057220459,6.269999980926514,6.03000020980835,6.239999771118164,6.239999771118164,1182500
2016-01-05,6.489999771118164,6.659999847412109,6.28000020980835,6.400000095367432,6.400000095367432,1778600
2016-01-06,6.349999904632568,6.349999904632568,6.139999866485596,6.199999809265137,6.199999809265137,819100
2016-01-07,6.110000133514404,6.110000133514404,5.849999904632568,5.940000057220459,5.940000057220459,1215700
2016-01-08,5.940000057220459,6.110000133514404,5.829999923706055,5.840000152587891,5.840000152587891,867200
2016-01-11,5.889999866485596,5.940000057220459,5.590000152587891,5.619999885559082,5.619999885559082,1667800
2016-01-12,5.670000076293945,5.789999961853027,5.329999923706055,5.510000228881836,5.510000228881836,2118000
2016-01-13,5.510000228881836,5.619999885559082,5.28000020980835,5.289999961853027,5.289999961853027,1129200
2016-01-14,5.309999942779541,5.599999904632568,5.289999961853027,5.53000020980835,5.53000020980835,1340900
2016-01-15,5.389999866485596,5.429999828338623,5.159999847412109,5.360000133514404,5.360000133514404,1161000
2016-01-19,5.409999847412109,5.489999771118164,5.199999809265137,5.230000019073486,5.230000019073486,940200
2016-01-20,5.130000114440918,5.53000020980835,5.0,5.519999980926514,5.519999980926514,1524700
2016-01-21,5.519999980926514,5.829999923706055,5.480000019073486,5.639999866485596,5.639999866485596,1359300
2016-01-22,5.690000057220459,5.75,5.5,5.570000171661377,5.570000171661377,909100
2016-01-25,5.550000190734863,5.579999923706055,5.309999942779541,5.320000171661377,5.320000171661377,940800
2016-01-26,5.389999866485596,5.420000076293945,5.179999828338623,5.389999866485596,5.389999866485596,985900
2016-01-27,5.349999904632568,5.420000076293945,5.099999904632568,5.190000057220459,5.190000057220459,962200
2016-01-28,5.199999809265137,5.800000190734863,4.980000019073486,5.260000228881836,5.260000228881836,5483700
2016-01-29,5.329999923706055,5.510000228881836,5.28000020980835,5.429999828338623,5.429999828338623,1509600
2016-02-01,5.420000076293945,5.489999771118164,5.269999980926514,5.320000171661377,5.320000171661377,1441700
2016-02-02,5.269999980926514,5.360000133514404,5.159999847412109,5.289999961853027,5.289999961853027,1175200
2016-02-03,5.380000114440918,5.449999809265137,5.190000057220459,5.329999923706055,5.329999923706055,1507700
2016-02-04,5.320000171661377,5.460000038146973,5.309999942779541,5.380000114440918,5.380000114440918,1711100
2016-02-05,5.519999980926514,5.550000190734863,5.289999961853027,5.429999828338623,5.429999828338623,2661500
2016-02-08,5.400000095367432,5.71999979019165,5.320000171661377,5.690000057220459,5.690000057220459,2593400
2016-02-09,6.300000190734863,6.440000057220459,6.0,6.019999980926514,6.019999980926514,8702200
2016-02-10,6.019999980926514,6.070000171661377,5.619999885559082,5.659999847412109,5.659999847412109,3183800
2016-02-11,5.579999923706055,5.599999904632568,5.03000020980835,5.199999809265137,5.199999809265137,3212700
2016-02-12,5.25,5.369999885559082,4.980000019073486,5.110000133514404,5.110000133514404,1653900
2016-02-16,5.150000095367432,5.21999979019165,4.849999904632568,5.0,5.0,1788900
2016-02-17,5.25,5.329999923706055,4.980000019073486,5.289999961853027,5.289999961853027,1799600
2016-02-18,5.329999923706055,5.409999847412109,5.179999828338623,5.329999923706055,5.329999923706055,1236800
2016-02-19,5.320000171661377,5.400000095367432,5.210000038146973,5.360000133514404,5.360000133514404,1111500
2016-02-22,5.400000095367432,5.449999809265137,5.070000171661377,5.090000152587891,5.090000152587891,1234800
2016-02-23,5.03000020980835,5.119999885559082,4.960000038146973,5.070000171661377,5.070000171661377,997800
2016-02-24,5.039999961853027,5.139999866485596,4.809999942779541,5.099999904632568,5.099999904632568,1252200
2016-02-25,5.090000152587891,5.199999809265137,4.860000133514404,4.980000019073486,4.980000019073486,1107800
2016-02-26,5.0,5.110000133514404,4.960000038146973,5.079999923706055,5.079999923706055,966200
2016-02-29,5.070000171661377,5.150000095367432,4.869999885559082,4.900000095367432,4.900000095367432,797000
2016-03-01,4.949999809265137,5.070000171661377,4.809999942779541,5.059999942779541,5.059999942779541,1356300
2016-03-02,5.039999961853027,5.300000190734863,5.039999961853027,5.260000228881836,5.260000228881836,1016400
2016-03-03,5.440000057220459,5.670000076293945,5.349999904632568,5.650000095367432,5.650000095367432,2454000
2016-03-04,5.75,5.960000038146973,5.619999885559082,5.71999979019165,5.71999979019165,1626300
2016-03-07,5.690000057220459,5.809999942779541,5.570000171661377,5.630000114440918,5.630000114440918,1091200
2016-03-08,5.590000152587891,5.610000133514404,5.300000190734863,5.320000171661377,5.320000171661377,910300
2016-03-09,5.25,5.960000038146973,5.25,5.659999847412109,5.659999847412109,3033200
2016-03-10,5.690000057220459,5.820000171661377,5.440000057220459,5.489999771118164,5.489999771118164,1132300
2016-03-11,5.579999923706055,5.670000076293945,5.420000076293945,5.650000095367432,5.650000095367432,1597000
2016-03-14,5.619999885559082,5.889999866485596,5.619999885559082,5.699999809265137,5.699999809265137,1062700
2016-03-15,5.659999847412109,6.150000095367432,5.659999847412109,5.989999771118164,5.989999771118164,4621400
2016-03-16,6.099999904632568,6.170000076293945,5.610000133514404,5.789999961853027,5.789999961853027,2385000
2016-03-17,5.820000171661377,5.880000114440918,5.5,5.78000020980835,5.78000020980835,1152600
2016-03-18,5.820000171661377,5.989999771118164,5.690000057220459,5.949999809265137,5.949999809265137,1670600
2016-03-21,6.019999980926514,6.110000133514404,5.96999979019165,5.989999771118164,5.989999771118164,1696400
2016-03-22,6.019999980926514,6.099999904632568,6.010000228881836,6.010000228881836,6.010000228881836,849600
2016-03-23,6.010000228881836,6.130000114440918,5.789999961853027,5.800000190734863,5.800000190734863,785800
2016-03-24,5.75,5.820000171661377,5.619999885559082,5.78000020980835,5.78000020980835,710400
2016-03-28,5.769999980926514,5.849999904632568,5.679999828338623,5.789999961853027,5.789999961853027,684300
2016-03-29,5.789999961853027,5.989999771118164,5.599999904632568,5.949999809265137,5.949999809265137,836100
2016-03-30,5.989999771118164,6.050000190734863,5.690000057220459,5.880000114440918,5.880000114440918,1083000
2016-03-31,5.909999847412109,5.980000019073486,5.849999904632568,5.929999828338623,5.929999828338623,654900
2016-04-01,5.909999847412109,6.03000020980835,5.860000133514404,6.0,6.0,850300
2016-04-04,5.989999771118164,6.25,5.929999828338623,6.150000095367432,6.150000095367432,1740000
2016-04-05,6.099999904632568,6.300000190734863,6.099999904632568,6.159999847412109,6.159999847412109,1233600
2016-04-06,6.190000057220459,6.400000095367432,6.090000152587891,6.400000095367432,6.400000095367432,1568100
2016-04-07,6.389999866485596,6.489999771118164,6.320000171661377,6.380000114440918,6.380000114440918,1408000
2016-04-08,6.400000095367432,6.480000019073486,6.059999942779541,6.150000095367432,6.150000095367432,1100200
2016-04-11,6.21999979019165,6.300000190734863,6.050000190734863,6.099999904632568,6.099999904632568,794200
2016-04-12,6.130000114440918,6.309999942779541,6.0,6.300000190734863,6.300000190734863,707900
2016-04-13,6.360000133514404,6.360000133514404,6.170000076293945,6.21999979019165,6.21999979019165,713600
2016-04-14,6.25,6.489999771118164,6.170000076293945,6.460000038146973,6.460000038146973,1468800
2016-04-15,6.46999979019165,6.679999828338623,6.389999866485596,6.599999904632568,6.599999904632568,1811700
2016-04-18,6.630000114440918,6.670000076293945,6.349999904632568,6.429999828338623,6.429999828338623,880100
2016-04-19,6.429999828338623,6.5,6.320000171661377,6.349999904632568,6.349999904632568,815100
2016-04-20,6.320000171661377,6.579999923706055,6.28000020980835,6.519999980926514,6.519999980926514,928800
2016-04-21,6.519999980926514,6.710000038146973,6.5,6.650000095367432,6.650000095367432,1639800
2016-04-22,6.75,6.889999866485596,6.559999942779541,6.650000095367432,6.650000095367432,1019300
2016-04-25,6.690000057220459,6.699999809265137,6.440000057220459,6.480000019073486,6.480000019073486,858300
2016-04-26,6.519999980926514,6.539999961853027,6.260000228881836,6.449999809265137,6.449999809265137,1402500
2016-04-27,6.420000076293945,6.579999923706055,6.320000171661377,6.46999979019165,6.46999979019165,790900
2016-04-28,6.409999847412109,6.610000133514404,6.400000095367432,6.420000076293945,6.420000076293945,723800
2016-04-29,6.429999828338623,6.46999979019165,6.159999847412109,6.260000228881836,6.260000228881836,950000
2016-05-02,6.260000228881836,6.289999961853027,6.110000133514404,6.239999771118164,6.239999771118164,983500
2016-05-03,6.21999979019165,6.309999942779541,6.110000133514404,6.170000076293945,6.170000076293945,1080800
2016-05-04,5.860000133514404,5.909999847412109,5.420000076293945,5.829999923706055,5.829999923706055,2070900
2016-05-05,5.889999866485596,5.889999866485596,5.550000190734863,5.630000114440918,5.630000114440918,1113100
2016-05-06,5.579999923706055,5.630000114440918,5.5,5.510000228881836,5.510000228881836,934500
2016-05-09,5.449999809265137,5.829999923706055,5.449999809265137,5.730000019073486,5.730000019073486,1021700
2016-05-10,5.71999979019165,5.800000190734863,5.579999923706055,5.639999866485596,5.639999866485596,750000
2016-05-11,5.610000133514404,5.71999979019165,5.440000057220459,5.440000057220459,5.440000057220459,830900
2016-05-12,5.440000057220459,5.519999980926514,5.110000133514404,5.21999979019165,5.21999979019165,1534300
2016-05-13,5.21999979019165,5.449999809265137,5.210000038146973,5.309999942779541,5.309999942779541,781600
2016-05-16,5.289999961853027,5.460000038146973,5.269999980926514,5.429999828338623,5.429999828338623,671100
2016-05-17,5.420000076293945,5.420000076293945,5.130000114440918,5.179999828338623,5.179999828338623,1056500
2016-05-18,5.170000076293945,5.28000020980835,5.139999866485596,5.199999809265137,5.199999809265137,737800
2016-05-19,5.179999828338623,5.260000228881836,5.070000171661377,5.070000171661377,5.070000171661377,889900
2016-05-20,5.099999904632568,5.199999809265137,4.900000095367432,5.199999809265137,5.199999809265137,1520700
2016-05-23,5.5,5.619999885559082,5.329999923706055,5.400000095367432,5.400000095367432,1814500
2016-05-24,5.400000095367432,5.559999942779541,5.329999923706055,5.53000020980835,5.53000020980835,1006700
2016-05-25,5.539999961853027,5.75,5.519999980926514,5.630000114440918,5.630000114440918,976500
2016-05-26,5.619999885559082,5.670000076293945,5.539999961853027,5.550000190734863,5.550000190734863,805700
2016-05-27,5.550000190734863,5.619999885559082,5.440000057220459,5.510000228881836,5.510000228881836,723200
2016-05-31,5.510000228881836,5.610000133514404,5.489999771118164,5.559999942779541,5.559999942779541,1554800
2016-06-01,5.539999961853027,5.699999809265137,5.53000020980835,5.659999847412109,5.659999847412109,908100
2016-06-02,5.659999847412109,5.760000228881836,5.639999866485596,5.690000057220459,5.690000057220459,740900
2016-06-03,5.679999828338623,5.699999809265137,5.5,5.519999980926514,5.519999980926514,603300
2016-06-06,5.539999961853027,5.78000020980835,5.46999979019165,5.739999771118164,5.739999771118164,893200
2016-06-07,5.75,6.159999847412109,5.739999771118164,6.03000020980835,6.03000020980835,2096100
2016-06-08,6.03000020980835,6.130000114440918,5.989999771118164,6.079999923706055,6.079999923706055,898700
2016-06-09,6.050000190734863,6.079999923706055,5.940000057220459,5.96999979019165,5.96999979019165,829700
2016-06-10,5.889999866485596,6.170000076293945,5.78000020980835,6.090000152587891,6.090000152587891,1211800
2016-06-13,6.03000020980835,6.179999828338623,5.960000038146973,6.090000152587891,6.090000152587891,1279000
2016-06-14,6.070000171661377,6.130000114440918,5.920000076293945,5.960000038146973,5.960000038146973,739600
2016-06-15,5.960000038146973,6.03000020980835,5.880000114440918,5.900000095367432,5.900000095367432,617200
2016-06-16,5.880000114440918,5.929999828338623,5.730000019073486,5.900000095367432,5.900000095367432,651900
2016-06-17,5.900000095367432,5.900000095367432,5.670000076293945,5.699999809265137,5.699999809265137,1094600
2016-06-20,6.369999885559082,6.369999885559082,6.050000190734863,6.139999866485596,6.139999866485596,3393600
2016-06-21,6.150000095367432,6.199999809265137,5.900000095367432,6.039999961853027,6.039999961853027,1110600
2016-06-22,6.03000020980835,6.230000019073486,5.989999771118164,6.090000152587891,6.090000152587891,689500
2016-06-23,6.099999904632568,6.289999961853027,6.039999961853027,6.289999961853027,6.289999961853027,967800
2016-06-24,6.0,6.150000095367432,5.929999828338623,6.03000020980835,6.03000020980835,1612400
2016-06-27,5.949999809265137,6.0,5.760000228881836,5.869999885559082,5.869999885559082,1005500
2016-06-28,5.909999847412109,6.019999980926514,5.900000095367432,5.989999771118164,5.989999771118164,1302200
2016-06-29,6.03000020980835,6.329999923706055,5.980000019073486,6.25,6.25,1268600
2016-06-30,6.269999980926514,6.300000190734863,6.110000133514404,6.239999771118164,6.239999771118164,1080500
2016-07-01,6.21999979019165,6.300000190734863,6.170000076293945,6.269999980926514,6.269999980926514,591800
2016-07-05,6.269999980926514,6.369999885559082,6.230000019073486,6.269999980926514,6.269999980926514,701500
2016-07-06,6.260000228881836,6.46999979019165,6.260000228881836,6.400000095367432,6.400000095367432,924300
2016-07-07,6.449999809265137,6.5,6.230000019073486,6.360000133514404,6.360000133514404,745800
2016-07-08,6.389999866485596,6.519999980926514,6.389999866485596,6.449999809265137,6.449999809265137,1812200
2016-07-11,6.460000038146973,6.559999942779541,6.420000076293945,6.460000038146973,6.460000038146973,1127800
2016-07-12,6.519999980926514,6.639999866485596,6.420000076293945,6.5,6.5,841300
2016-07-13,6.539999961853027,6.559999942779541,6.260000228881836,6.260000228881836,6.260000228881836,776600
2016-07-14,6.320000171661377,6.320000171661377,6.139999866485596,6.190000057220459,6.190000057220459,580100
2016-07-15,6.230000019073486,6.260000228881836,6.119999885559082,6.25,6.25,552800
2016-07-18,6.25,6.300000190734863,6.130000114440918,6.239999771118164,6.239999771118164,537200
2016-07-19,6.210000038146973,6.880000114440918,6.139999866485596,6.300000190734863,6.300000190734863,2631900
2016-07-20,6.480000019073486,6.599999904632568,6.320000171661377,6.579999923706055,6.579999923706055,1628800
2016-07-21,6.599999904632568,6.75,6.449999809265137,6.5,6.5,928100
2016-07-22,6.53000020980835,6.610000133514404,6.480000019073486,6.570000171661377,6.570000171661377,668300
2016-07-25,6.829999923706055,6.829999923706055,6.599999904632568,6.650000095367432,6.650000095367432,1031500
2016-07-26,6.679999828338623,6.75,6.610000133514404,6.630000114440918,6.630000114440918,725100
2016-07-27,6.610000133514404,6.71999979019165,6.579999923706055,6.699999809265137,6.699999809265137,565800
2016-07-28,6.71999979019165,7.010000228881836,6.71999979019165,6.96999979019165,6.96999979019165,2876600
2016-07-29,7.0,7.5,6.929999828338623,7.389999866485596,7.389999866485596,3383400
2016-08-01,7.539999961853027,7.639999866485596,7.28000020980835,7.309999942779541,7.309999942779541,3101400
2016-08-02,7.400000095367432,7.409999847412109,7.059999942779541,7.190000057220459,7.190000057220459,1609300
2016-08-03,7.150000095367432,7.289999961853027,7.03000020980835,7.170000076293945,7.170000076293945,2668400
2016-08-04,7.230000019073486,7.28000020980835,7.110000133514404,7.190000057220459,7.190000057220459,1139200
2016-08-05,6.980000019073486,7.349999904632568,6.710000038146973,7.300000190734863,7.300000190734863,2030100
2016-08-08,7.400000095367432,7.480000019073486,6.820000171661377,6.880000114440918,6.880000114440918,2059700
2016-08-09,6.909999847412109,7.070000171661377,6.829999923706055,6.849999904632568,6.849999904632568,1279400
2016-08-10,6.869999885559082,6.96999979019165,6.75,6.889999866485596,6.889999866485596,926100
2016-08-11,6.940000057220459,7.050000190734863,6.860000133514404,6.929999828338623,6.929999828338623,681300
2016-08-12,6.889999866485596,7.010000228881836,6.849999904632568,6.989999771118164,6.989999771118164,773100
2016-08-15,7.039999961853027,7.110000133514404,6.96999979019165,6.989999771118164,6.989999771118164,937800
2016-08-16,7.0,7.03000020980835,6.800000190734863,6.840000152587891,6.840000152587891,1246700
2016-08-17,6.820000171661377,6.929999828338623,6.75,6.800000190734863,6.800000190734863,701000
2016-08-18,6.800000190734863,6.860000133514404,6.690000057220459,6.699999809265137,6.699999809265137,530000
2016-08-19,6.659999847412109,6.809999942779541,6.570000171661377,6.760000228881836,6.760000228881836,920100
2016-08-22,6.840000152587891,6.909999847412109,6.71999979019165,6.889999866485596,6.889999866485596,862600
2016-08-23,6.889999866485596,6.980000019073486,6.769999980926514,6.78000020980835,6.78000020980835,765100
2016-08-24,6.769999980926514,6.900000095367432,6.559999942779541,6.590000152587891,6.590000152587891,1012900
2016-08-25,6.639999866485596,6.75,6.480000019073486,6.599999904632568,6.599999904632568,951900
2016-08-26,6.559999942779541,6.849999904632568,6.46999979019165,6.75,6.75,1665300
2016-08-29,7.0,7.190000057220459,6.829999923706055,6.900000095367432,6.900000095367432,2284200
2016-08-30,6.889999866485596,6.960000038146973,6.590000152587891,6.630000114440918,6.630000114440918,1306800
2016-08-31,6.590000152587891,6.650000095367432,6.28000020980835,6.329999923706055,6.329999923706055,1489000
2016-09-01,6.309999942779541,6.440000057220459,6.300000190734863,6.360000133514404,6.360000133514404,906200
2016-09-02,6.360000133514404,6.460000038146973,6.309999942779541,6.360000133514404,6.360000133514404,607700
2016-09-06,6.320000171661377,6.440000057220459,6.21999979019165,6.349999904632568,6.349999904632568,910600
2016-09-07,6.360000133514404,6.610000133514404,6.349999904632568,6.46999979019165,6.46999979019165,981000
2016-09-08,6.5,6.579999923706055,6.400000095367432,6.480000019073486,6.480000019073486,1036900
2016-09-09,6.420000076293945,6.590000152587891,6.070000171661377,6.070000171661377,6.070000171661377,1178800
2016-09-12,6.010000228881836,6.190000057220459,6.0,6.179999828338623,6.179999828338623,1001600
2016-09-13,6.139999866485596,6.230000019073486,5.980000019073486,6.050000190734863,6.050000190734863,890500
2016-09-14,6.039999961853027,6.150000095367432,5.909999847412109,6.079999923706055,6.079999923706055,1008800
2016-09-15,6.070000171661377,6.179999828338623,5.980000019073486,6.130000114440918,6.130000114440918,495700
2016-09-16,6.139999866485596,6.289999961853027,6.059999942779541,6.130000114440918,6.130000114440918,1240100
2016-09-19,6.119999885559082,6.130000114440918,5.789999961853027,6.0,6.0,1577600
2016-09-20,6.039999961853027,6.079999923706055,5.829999923706055,5.960000038146973,5.960000038146973,1047800
2016-09-21,5.960000038146973,6.059999942779541,5.860000133514404,6.059999942779541,6.059999942779541,779600
2016-09-22,6.070000171661377,6.300000190734863,5.949999809265137,6.25,6.25,955200
2016-09-23,6.190000057220459,6.28000020980835,6.130000114440918,6.230000019073486,6.230000019073486,586400
2016-09-26,6.179999828338623,6.329999923706055,6.130000114440918,6.300000190734863,6.300000190734863,793700
2016-09-27,6.420000076293945,6.449999809265137,6.239999771118164,6.389999866485596,6.389999866485596,938500
2016-09-28,6.429999828338623,6.559999942779541,6.389999866485596,6.53000020980835,6.53000020980835,1147100
2016-09-29,6.519999980926514,6.590000152587891,6.099999904632568,6.119999885559082,6.119999885559082,810700
2016-09-30,6.130000114440918,6.25,6.010000228881836,6.210000038146973,6.210000038146973,923100
2016-10-03,6.210000038146973,6.340000152587891,6.119999885559082,6.260000228881836,6.260000228881836,427900
2016-10-04,6.25,6.269999980926514,6.139999866485596,6.199999809265137,6.199999809265137,466900
2016-10-05,6.190000057220459,6.300000190734863,6.170000076293945,6.260000228881836,6.260000228881836,313500
2016-10-06,6.230000019073486,6.230000019073486,5.96999979019165,6.0,6.0,815700
2016-10-07,6.0,6.050000190734863,5.820000171661377,5.900000095367432,5.900000095367432,700100
2016-10-10,5.960000038146973,6.159999847412109,5.900000095367432,6.099999904632568,6.099999904632568,323600
2016-10-11,6.050000190734863,6.070000171661377,5.659999847412109,5.739999771118164,5.739999771118164,937600
2016-10-12,5.710000038146973,5.75,5.5,5.519999980926514,5.519999980926514,1061800
2016-10-13,5.489999771118164,5.510000228881836,5.150000095367432,5.179999828338623,5.179999828338623,1821900
2016-10-14,5.230000019073486,5.28000020980835,5.010000228881836,5.170000076293945,5.170000076293945,1064200
2016-10-17,5.130000114440918,5.190000057220459,5.079999923706055,5.150000095367432,5.150000095367432,714300
2016-10-18,5.210000038146973,5.320000171661377,5.159999847412109,5.260000228881836,5.260000228881836,501400
2016-10-19,5.28000020980835,5.28000020980835,5.150000095367432,5.25,5.25,754400
2016-10-20,5.199999809265137,5.340000152587891,5.199999809265137,5.300000190734863,5.300000190734863,501000
2016-10-21,5.25,5.300000190734863,5.139999866485596,5.150000095367432,5.150000095367432,827000
2016-10-24,5.239999771118164,5.28000020980835,5.079999923706055,5.110000133514404,5.110000133514404,439100
2016-10-25,5.119999885559082,5.239999771118164,5.079999923706055,5.21999979019165,5.21999979019165,822000
2016-10-26,5.21999979019165,5.21999979019165,5.010000228881836,5.010000228881836,5.010000228881836,444100
2016-10-27,5.059999942779541,5.110000133514404,4.789999961853027,4.809999942779541,4.809999942779541,978400
2016-10-28,4.75,4.949999809265137,4.75,4.909999847412109,4.909999847412109,683100
2016-10-31,4.900000095367432,4.929999828338623,4.800000190734863,4.820000171661377,4.820000171661377,1269900
2016-11-01,4.820000171661377,4.860000133514404,4.559999942779541,4.650000095367432,4.650000095367432,889400
2016-11-02,4.670000076293945,4.679999828338623,4.510000228881836,4.519999980926514,4.519999980926514,767700
2016-11-03,4.550000190734863,4.599999904632568,4.21999979019165,4.21999979019165,4.21999979019165,1110500
2016-11-04,4.349999904632568,5.300000190734863,4.300000190734863,4.809999942779541,4.809999942779541,4659700
2016-11-07,4.940000057220459,5.059999942779541,4.789999961853027,5.019999980926514,5.019999980926514,1763500
2016-11-08,4.989999771118164,5.260000228881836,4.889999866485596,5.199999809265137,5.199999809265137,947800
2016-11-09,5.369999885559082,5.610000133514404,5.349999904632568,5.539999961853027,5.539999961853027,1813800
2016-11-10,5.639999866485596,5.840000152587891,5.579999923706055,5.679999828338623,5.679999828338623,1210700
2016-11-11,5.619999885559082,5.809999942779541,5.550000190734863,5.760000228881836,5.760000228881836,1033600
2016-11-14,5.800000190734863,5.829999923706055,5.71999979019165,5.760000228881836,5.760000228881836,945100
2016-11-15,5.739999771118164,5.789999961853027,5.659999847412109,5.699999809265137,5.699999809265137,763600
2016-11-16,5.670000076293945,5.75,5.550000190734863,5.650000095367432,5.650000095367432,612800
2016-11-17,5.650000095367432,5.78000020980835,5.650000095367432,5.760000228881836,5.760000228881836,524100
2016-11-18,5.75,5.889999866485596,5.710000038146973,5.860000133514404,5.860000133514404,913000
2016-11-21,5.860000133514404,5.909999847412109,5.679999828338623,5.699999809265137,5.699999809265137,717000
2016-11-22,5.699999809265137,5.800000190734863,5.599999904632568,5.670000076293945,5.670000076293945,558200
2016-11-23,5.650000095367432,5.75,5.550000190734863,5.650000095367432,5.650000095367432,672600
2016-11-25,5.699999809265137,5.75,5.630000114440918,5.730000019073486,5.730000019073486,174300
2016-11-28,5.690000057220459,5.690000057220459,5.460000038146973,5.46999979019165,5.46999979019165,504000
2016-11-29,5.480000019073486,5.579999923706055,5.409999847412109,5.449999809265137,5.449999809265137,358000
2016-11-30,5.480000019073486,5.510000228881836,5.179999828338623,5.21999979019165,5.21999979019165,920500
2016-12-01,5.25,5.309999942779541,4.889999866485596,4.929999828338623,4.929999828338623,1481600
2016-12-02,4.940000057220459,5.139999866485596,4.880000114440918,4.980000019073486,4.980000019073486,1481700
2016-12-05,5.019999980926514,5.110000133514404,4.940000057220459,5.010000228881836,5.010000228881836,674800
2016-12-06,5.059999942779541,5.119999885559082,4.929999828338623,5.079999923706055,5.079999923706055,543900
2016-12-07,5.03000020980835,5.159999847412109,4.900000095367432,4.96999979019165,4.96999979019165,1132700
2016-12-08,4.96999979019165,5.159999847412109,4.869999885559082,5.150000095367432,5.150000095367432,719000
2016-12-09,5.179999828338623,5.360000133514404,5.130000114440918,5.159999847412109,5.159999847412109,599200
2016-12-12,5.099999904632568,5.199999809265137,5.019999980926514,5.070000171661377,5.070000171661377,413100
2016-12-13,5.110000133514404,5.260000228881836,5.0,5.170000076293945,5.170000076293945,476200
2016-12-14,5.159999847412109,5.210000038146973,4.900000095367432,4.920000076293945,4.920000076293945,829400
2016-12-15,4.960000038146973,5.0,4.829999923706055,4.889999866485596,4.889999866485596,959900
2016-12-16,4.909999847412109,5.159999847412109,4.889999866485596,4.920000076293945,4.920000076293945,1042100
2016-12-19,4.920000076293945,5.010000228881836,4.789999961853027,4.840000152587891,4.840000152587891,902200
2016-12-20,4.849999904632568,4.880000114440918,4.440000057220459,4.550000190734863,4.550000190734863,1867800
2016-12-21,4.559999942779541,4.639999866485596,4.340000152587891,4.369999885559082,4.369999885559082,1540300
2016-12-22,4.360000133514404,4.510000228881836,4.340000152587891,4.400000095367432,4.400000095367432,673700
2016-12-23,4.429999828338623,4.659999847412109,4.400000095367432,4.659999847412109,4.659999847412109,746300
2016-12-27,4.659999847412109,4.699999809265137,4.369999885559082,4.380000114440918,4.380000114440918,1029100
2016-12-28,4.360000133514404,4.380000114440918,4.170000076293945,4.269999980926514,4.269999980926514,1231700
2016-12-29,4.269999980926514,4.440000057220459,4.269999980926514,4.349999904632568,4.349999904632568,537600
2016-12-30,4.300000190734863,4.380000114440918,4.260000228881836,4.349999904632568,4.349999904632568,700700
2017-01-03,4.349999904632568,4.389999866485596,4.25,4.329999923706055,4.329999923706055,635900
2017-01-04,4.340000152587891,4.650000095367432,4.309999942779541,4.579999923706055,4.579999923706055,1395900
2017-01-05,4.599999904632568,4.690000057220459,4.420000076293945,4.519999980926514,4.519999980926514,939000
2017-01-06,4.53000020980835,4.550000190734863,4.369999885559082,4.389999866485596,4.389999866485596,379600
2017-01-09,4.449999809265137,4.550000190734863,4.369999885559082,4.480000019073486,4.480000019073486,615400
2017-01-10,4.480000019073486,4.519999980926514,4.349999904632568,4.5,4.5,649500
2017-01-11,4.5,4.5,4.179999828338623,4.260000228881836,4.260000228881836,732000
2017-01-12,4.21999979019165,4.320000171661377,4.110000133514404,4.25,4.25,569200
2017-01-13,4.260000228881836,4.389999866485596,4.230000019073486,4.289999961853027,4.289999961853027,519900
2017-01-17,4.269999980926514,4.269999980926514,4.130000114440918,4.190000057220459,4.190000057220459,771100
2017-01-18,4.199999809265137,4.21999979019165,4.070000171661377,4.150000095367432,4.150000095367432,693200
2017-01-19,4.150000095367432,4.320000171661377,4.119999885559082,4.309999942779541,4.309999942779541,885500
2017-01-20,4.289999961853027,4.449999809265137,4.21999979019165,4.389999866485596,4.389999866485596,883400
2017-01-23,4.380000114440918,4.409999847412109,4.079999923706055,4.199999809265137,4.199999809265137,966300
2017-01-24,4.190000057220459,4.21999979019165,4.070000171661377,4.210000038146973,4.210000038146973,549400
2017-01-25,4.239999771118164,4.320000171661377,4.190000057220459,4.190000057220459,4.190000057220459,531600
2017-01-26,4.190000057220459,4.260000228881836,4.010000228881836,4.039999961853027,4.039999961853027,802600
2017-01-27,4.050000190734863,4.28000020980835,4.019999980926514,4.260000228881836,4.260000228881836,646300
2017-01-30,4.239999771118164,4.239999771118164,4.070000171661377,4.119999885559082,4.119999885559082,682700
2017-01-31,4.119999885559082,4.329999923706055,4.03000020980835,4.260000228881836,4.260000228881836,637600
2017-02-01,4.28000020980835,4.320000171661377,4.099999904632568,4.139999866485596,4.139999866485596,598100
2017-02-02,4.110000133514404,4.199999809265137,4.039999961853027,4.150000095367432,4.150000095367432,826800
2017-02-03,4.170000076293945,4.190000057220459,4.050000190734863,4.179999828338623,4.179999828338623,601800
2017-02-06,4.150000095367432,4.179999828338623,4.039999961853027,4.070000171661377,4.070000171661377,728500
2017-02-07,4.070000171661377,4.119999885559082,4.0,4.090000152587891,4.090000152587891,520900
2017-02-08,4.079999923706055,4.110000133514404,3.9700000286102295,4.099999904632568,4.099999904632568,920100
2017-02-09,4.159999847412109,4.179999828338623,4.050000190734863,4.139999866485596,4.139999866485596,665000
2017-02-10,4.139999866485596,4.199999809265137,4.110000133514404,4.130000114440918,4.130000114440918,376000
2017-02-13,4.139999866485596,4.179999828338623,4.050000190734863,4.099999904632568,4.099999904632568,592000
2017-02-14,4.039999961853027,4.139999866485596,4.039999961853027,4.090000152587891,4.090000152587891,793600
2017-02-15,4.059999942779541,4.159999847412109,4.039999961853027,4.079999923706055,4.079999923706055,887800
2017-02-16,4.059999942779541,4.199999809265137,3.9700000286102295,4.159999847412109,4.159999847412109,1244900
2017-02-17,4.170000076293945,4.409999847412109,4.119999885559082,4.289999961853027,4.289999961853027,2007200
2017-02-21,4.300000190734863,4.309999942779541,4.119999885559082,4.139999866485596,4.139999866485596,899800
2017-02-22,4.139999866485596,4.150000095367432,4.03000020980835,4.050000190734863,4.050000190734863,766500
2017-02-23,4.039999961853027,4.309999942779541,4.019999980926514,4.28000020980835,4.28000020980835,1363600
2017-02-24,4.239999771118164,4.289999961853027,4.079999923706055,4.269999980926514,4.269999980926514,972000
2017-02-27,4.230000019073486,4.300000190734863,4.179999828338623,4.269999980926514,4.269999980926514,813000
2017-02-28,4.269999980926514,4.349999904632568,4.170000076293945,4.190000057220459,4.190000057220459,735900
2017-03-01,4.269999980926514,4.340000152587891,4.230000019073486,4.329999923706055,4.329999923706055,855500
2017-03-02,4.289999961853027,4.550000190734863,4.289999961853027,4.409999847412109,4.409999847412109,1093400
2017-03-03,4.400000095367432,4.489999771118164,4.320000171661377,4.460000038146973,4.460000038146973,780200
2017-03-06,4.440000057220459,4.449999809265137,4.230000019073486,4.239999771118164,4.239999771118164,824100
2017-03-07,4.199999809265137,4.239999771118164,4.139999866485596,4.150000095367432,4.150000095367432,695000
2017-03-08,4.050000190734863,4.139999866485596,3.799999952316284,3.9100000858306885,3.9100000858306885,3282200
2017-03-09,3.9100000858306885,4.139999866485596,3.7899999618530273,4.139999866485596,4.139999866485596,2417400
2017-03-10,4.139999866485596,4.559999942779541,4.139999866485596,4.449999809265137,4.449999809265137,1949000
2017-03-13,4.429999828338623,4.449999809265137,4.21999979019165,4.25,4.25,789800
2017-03-14,4.150000095367432,4.28000020980835,4.090000152587891,4.25,4.25,774700
2017-03-15,4.210000038146973,4.440000057220459,4.179999828338623,4.360000133514404,4.360000133514404,1177600
2017-03-16,4.380000114440918,4.389999866485596,4.230000019073486,4.25,4.25,530800
2017-03-17,4.230000019073486,4.289999961853027,4.139999866485596,4.210000038146973,4.210000038146973,1049800
2017-03-20,4.21999979019165,4.320000171661377,4.170000076293945,4.21999979019165,4.21999979019165,486000
2017-03-21,4.25,4.269999980926514,4.110000133514404,4.130000114440918,4.130000114440918,827600
2017-03-22,4.130000114440918,4.170000076293945,4.0,4.059999942779541,4.059999942779541,786300
2017-03-23,4.059999942779541,4.150000095367432,4.0,4.119999885559082,4.119999885559082,531100
2017-03-24,4.130000114440918,4.199999809265137,4.050000190734863,4.099999904632568,4.099999904632568,357800
2017-03-27,4.039999961853027,4.28000020980835,4.039999961853027,4.21999979019165,4.21999979019165,631200
2017-03-28,4.25,4.389999866485596,4.21999979019165,4.349999904632568,4.349999904632568,821600
2017-03-29,4.349999904632568,4.559999942779541,4.329999923706055,4.380000114440918,4.380000114440918,1073500
2017-03-30,4.380000114440918,4.489999771118164,4.340000152587891,4.440000057220459,4.440000057220459,874100
2017-03-31,4.449999809265137,4.5,4.369999885559082,4.449999809265137,4.449999809265137,836900
2017-04-03,4.449999809265137,4.550000190734863,4.380000114440918,4.389999866485596,4.389999866485596,926800
2017-04-04,4.389999866485596,4.409999847412109,4.099999904632568,4.179999828338623,4.179999828338623,933900
2017-04-05,4.210000038146973,4.239999771118164,4.059999942779541,4.099999904632568,4.099999904632568,894600
2017-04-06,4.099999904632568,4.269999980926514,4.03000020980835,4.269999980926514,4.269999980926514,1262700
2017-04-07,4.25,4.340000152587891,4.170000076293945,4.300000190734863,4.300000190734863,708500
2017-04-10,4.300000190734863,4.340000152587891,4.179999828338623,4.210000038146973,4.210000038146973,559000
2017-04-11,4.210000038146973,4.230000019073486,4.079999923706055,4.170000076293945,4.170000076293945,860400
2017-04-12,4.139999866485596,4.190000057220459,4.079999923706055,4.099999904632568,4.099999904632568,478100
2017-04-13,4.070000171661377,4.199999809265137,4.070000171661377,4.110000133514404,4.110000133514404,586800
2017-04-17,4.079999923706055,4.25,4.079999923706055,4.179999828338623,4.179999828338623,513100
2017-04-18,4.119999885559082,4.239999771118164,4.050000190734863,4.159999847412109,4.159999847412109,611200
2017-04-19,4.190000057220459,4.289999961853027,4.159999847412109,4.199999809265137,4.199999809265137,372600
2017-04-20,4.230000019073486,4.300000190734863,4.119999885559082,4.230000019073486,4.230000019073486,506000
2017-04-21,4.21999979019165,4.260000228881836,4.099999904632568,4.119999885559082,4.119999885559082,417400
2017-04-24,4.190000057220459,4.25,4.130000114440918,4.239999771118164,4.239999771118164,389600
2017-04-25,4.260000228881836,4.380000114440918,4.260000228881836,4.28000020980835,4.28000020980835,516800
2017-04-26,4.28000020980835,4.699999809265137,4.28000020980835,4.610000133514404,4.610000133514404,1836500
2017-04-27,4.619999885559082,4.690000057220459,4.400000095367432,4.409999847412109,4.409999847412109,603800
2017-04-28,4.440000057220459,4.489999771118164,4.289999961853027,4.349999904632568,4.349999904632568,503700
2017-05-01,4.349999904632568,4.420000076293945,4.329999923706055,4.369999885559082,4.369999885559082,450400
2017-05-02,4.360000133514404,4.389999866485596,4.300000190734863,4.340000152587891,4.340000152587891,644500
2017-05-03,4.340000152587891,4.360000133514404,4.199999809265137,4.239999771118164,4.239999771118164,1102600
2017-05-04,4.0,4.0,2.8299999237060547,3.490000009536743,3.490000009536743,4991800
2017-05-05,3.5,3.509999990463257,3.200000047683716,3.3299999237060547,3.3299999237060547,2141400
2017-05-08,3.3499999046325684,3.390000104904175,3.109999895095825,3.109999895095825,3.109999895095825,1235300
2017-05-09,3.240000009536743,3.2899999618530273,3.0899999141693115,3.2200000286102295,3.2200000286102295,2593500
2017-05-10,3.200000047683716,3.309999942779541,3.1600000858306885,3.190000057220459,3.190000057220459,720500
2017-05-11,3.190000057220459,3.240000009536743,3.119999885559082,3.130000114440918,3.130000114440918,2049900
2017-05-12,3.130000114440918,3.1500000953674316,3.069999933242798,3.119999885559082,3.119999885559082,1033100
2017-05-15,3.109999895095825,3.2300000190734863,3.0799999237060547,3.180000066757202,3.180000066757202,770300
2017-05-16,3.1700000762939453,3.2100000381469727,3.069999933242798,3.1700000762939453,3.1700000762939453,620800
2017-05-17,3.109999895095825,3.1600000858306885,3.0,3.069999933242798,3.069999933242798,1097900
2017-05-18,3.069999933242798,3.0999999046325684,3.0,3.0999999046325684,3.0999999046325684,761600
2017-05-19,3.0999999046325684,3.130000114440918,3.0,3.0,3.0,650000
2017-05-22,3.0,3.0399999618530273,2.950000047683716,3.0,3.0,668500
2017-05-23,2.809999942779541,2.8299999237060547,2.190000057220459,2.25,2.25,9827800
2017-05-24,2.319999933242798,2.3299999237060547,2.190000057220459,2.259999990463257,2.259999990463257,4380400
2017-05-25,2.2699999809265137,2.2699999809265137,2.0,2.0199999809265137,2.0199999809265137,4124500
2017-05-26,2.049999952316284,2.3499999046325684,1.9299999475479126,2.3499999046325684,2.3499999046325684,2681700
2017-05-30,2.369999885559082,2.380000114440918,2.1600000858306885,2.2899999618530273,2.2899999618530273,1658500
2017-05-31,2.2899999618530273,2.309999942779541,2.2300000190734863,2.2899999618530273,2.2899999618530273,805300
2017-06-01,2.299999952316284,2.380000114440918,2.299999952316284,2.359999895095825,2.359999895095825,697800
2017-06-02,2.380000114440918,2.4600000381469727,2.380000114440918,2.4100000858306885,2.4100000858306885,869400
2017-06-05,2.430000066757202,2.4600000381469727,2.309999942779541,2.3299999237060547,2.3299999237060547,698600
2017-06-06,2.299999952316284,2.380000114440918,2.299999952316284,2.3499999046325684,2.3499999046325684,343200
2017-06-07,2.4600000381469727,2.759999990463257,2.430000066757202,2.619999885559082,2.619999885559082,4104400
2017-06-08,2.6500000953674316,2.740000009536743,2.5799999237060547,2.609999895095825,2.609999895095825,1513700
2017-06-09,2.5999999046325684,2.630000114440918,2.430000066757202,2.490000009536743,2.490000009536743,1236500
2017-06-12,2.5,2.5399999618530273,2.3399999141693115,2.369999885559082,2.369999885559082,1178100
2017-06-13,2.359999895095825,2.4000000953674316,2.3499999046325684,2.390000104904175,2.390000104904175,842400
2017-06-14,2.4000000953674316,2.4000000953674316,2.3299999237060547,2.3399999141693115,2.3399999141693115,674000
2017-06-15,2.3399999141693115,2.4000000953674316,2.259999990463257,2.2699999809265137,2.2699999809265137,1002000
2017-06-16,2.25,2.2799999713897705,2.2200000286102295,2.2300000190734863,2.2300000190734863,1749700
2017-06-19,2.2100000381469727,2.4100000858306885,2.2100000381469727,2.369999885559082,2.369999885559082,1638800
2017-06-20,2.380000114440918,2.4700000286102295,2.369999885559082,2.4200000762939453,2.4200000762939453,955400
2017-06-21,2.4200000762939453,2.440000057220459,2.3499999046325684,2.359999895095825,2.359999895095825,1067600
2017-06-22,2.369999885559082,2.5799999237060547,2.369999885559082,2.559999942779541,2.559999942779541,1641300
2017-06-23,2.569999933242798,2.5799999237060547,2.509999990463257,2.559999942779541,2.559999942779541,1012100
2017-06-26,2.559999942779541,2.5899999141693115,2.5199999809265137,2.559999942779541,2.559999942779541,691500
2017-06-27,2.559999942779541,2.569999933242798,2.440000057220459,2.450000047683716,2.450000047683716,551800
2017-06-28,2.4700000286102295,2.509999990463257,2.4100000858306885,2.4800000190734863,2.4800000190734863,680900
2017-06-29,2.4600000381469727,2.5799999237060547,2.450000047683716,2.490000009536743,2.490000009536743,585600
2017-06-30,2.490000009536743,2.549999952316284,2.4700000286102295,2.509999990463257,2.509999990463257,605800
2017-07-03,2.5399999618530273,2.5399999618530273,2.4700000286102295,2.5199999809265137,2.5199999809265137,289900
2017-07-05,2.509999990463257,2.549999952316284,2.309999942779541,2.319999933242798,2.319999933242798,1252900
2017-07-06,2.2899999618530273,2.3299999237060547,2.2100000381469727,2.2100000381469727,2.2100000381469727,681600
2017-07-07,2.25,2.309999942779541,2.2100000381469727,2.299999952316284,2.299999952316284,713800
2017-07-10,2.299999952316284,2.299999952316284,2.2300000190734863,2.2699999809265137,2.2699999809265137,365700
2017-07-11,2.259999990463257,2.309999942779541,2.259999990463257,2.2699999809265137,2.2699999809265137,486200
2017-07-12,2.2799999713897705,2.309999942779541,2.2300000190734863,2.2699999809265137,2.2699999809265137,449600
2017-07-13,2.2699999809265137,2.299999952316284,2.2100000381469727,2.2899999618530273,2.2899999618530273,606800
2017-07-14,2.259999990463257,2.309999942779541,2.259999990463257,2.299999952316284,2.299999952316284,486600
2017-07-17,2.299999952316284,2.309999942779541,2.2200000286102295,2.2899999618530273,2.2899999618530273,986800
2017-07-18,2.2699999809265137,2.299999952316284,2.2200000286102295,2.259999990463257,2.259999990463257,579900
2017-07-19,2.259999990463257,2.2899999618530273,2.200000047683716,2.2100000381469727,2.2100000381469727,705200
2017-07-20,2.200000047683716,2.2200000286102295,2.0999999046325684,2.2100000381469727,2.2100000381469727,1037000
2017-07-21,2.240000009536743,2.240000009536743,2.109999895095825,2.1500000953674316,2.1500000953674316,861700
2017-07-24,2.1600000858306885,2.2100000381469727,2.130000114440918,2.190000057220459,2.190000057220459,451500
2017-07-25,2.2100000381469727,2.2300000190734863,2.1500000953674316,2.1700000762939453,2.1700000762939453,553400
2017-07-26,2.1700000762939453,2.200000047683716,2.140000104904175,2.180000066757202,2.180000066757202,549900
2017-07-27,2.180000066757202,2.630000114440918,2.1700000762939453,2.4000000953674316,2.4000000953674316,3453700
2017-07-28,2.390000104904175,2.4200000762939453,2.2300000190734863,2.259999990463257,2.259999990463257,1563800
2017-07-31,2.25,2.2699999809265137,2.190000057220459,2.259999990463257,2.259999990463257,678400
2017-08-01,2.299999952316284,2.319999933242798,2.2100000381469727,2.2200000286102295,2.2200000286102295,785100
2017-08-02,2.2300000190734863,2.4200000762939453,2.200000047683716,2.390000104904175,2.390000104904175,1431600
2017-08-03,2.390000104904175,2.4700000286102295,2.299999952316284,2.430000066757202,2.430000066757202,1181400
2017-08-04,2.1500000953674316,2.5799999237060547,2.140000104904175,2.4800000190734863,2.4800000190734863,957700
2017-08-07,2.4800000190734863,2.5399999618530273,2.4000000953674316,2.509999990463257,2.509999990463257,583200
2017-08-08,2.509999990463257,2.640000104904175,2.490000009536743,2.559999942779541,2.559999942779541,1376600
2017-08-09,2.549999952316284,2.5899999141693115,2.5,2.5399999618530273,2.5399999618530273,697600
2017-08-10,2.5199999809265137,2.5999999046325684,2.4100000858306885,2.440000057220459,2.440000057220459,644900
2017-08-11,2.450000047683716,2.509999990463257,2.4000000953674316,2.490000009536743,2.490000009536743,536400
2017-08-14,2.509999990463257,2.5199999809265137,2.450000047683716,2.490000009536743,2.490000009536743,670400
2017-08-15,2.549999952316284,2.6500000953674316,2.5299999713897705,2.549999952316284,2.549999952316284,1250300
2017-08-16,2.559999942779541,2.5999999046325684,2.5299999713897705,2.549999952316284,2.549999952316284,552900
2017-08-17,2.549999952316284,2.569999933242798,2.509999990463257,2.5199999809265137,2.5199999809265137,474000
2017-08-18,2.490000009536743,2.549999952316284,2.4100000858306885,2.5,2.5,361300
2017-08-21,2.4800000190734863,2.509999990463257,2.430000066757202,2.4800000190734863,2.4800000190734863,241200
2017-08-22,2.490000009536743,2.509999990463257,2.450000047683716,2.4800000190734863,2.4800000190734863,273100
2017-08-23,2.450000047683716,2.5,2.430000066757202,2.450000047683716,2.450000047683716,451400
2017-08-24,2.4700000286102295,2.490000009536743,2.430000066757202,2.450000047683716,2.450000047683716,463900
2017-08-25,2.4600000381469727,2.4700000286102295,2.3499999046325684,2.380000114440918,2.380000114440918,312200
2017-08-28,2.4000000953674316,2.4000000953674316,2.309999942779541,2.3399999141693115,2.3399999141693115,650300
2017-08-29,2.319999933242798,2.4000000953674316,2.259999990463257,2.380000114440918,2.380000114440918,925900
2017-08-30,2.390000104904175,2.390000104904175,2.299999952316284,2.309999942779541,2.309999942779541,580300
2017-08-31,2.3499999046325684,2.390000104904175,2.299999952316284,2.3499999046325684,2.3499999046325684,1631800
2017-09-01,2.3299999237060547,2.569999933242798,2.3299999237060547,2.549999952316284,2.549999952316284,1787500
2017-09-05,2.5199999809265137,2.5899999141693115,2.440000057220459,2.5299999713897705,2.5299999713897705,1636400
2017-09-06,2.559999942779541,2.7799999713897705,2.440000057220459,2.640000104904175,2.640000104904175,2959500
2017-09-07,2.619999885559082,2.7200000286102295,2.569999933242798,2.690000057220459,2.690000057220459,815100
2017-09-08,2.690000057220459,2.7799999713897705,2.680000066757202,2.680000066757202,2.680000066757202,942400
2017-09-11,2.740000009536743,2.819999933242798,2.6600000858306885,2.690000057220459,2.690000057220459,1151000
2017-09-12,2.700000047683716,2.7699999809265137,2.6500000953674316,2.690000057220459,2.690000057220459,799600
2017-09-13,2.690000057220459,2.740000009536743,2.640000104904175,2.7100000381469727,2.7100000381469727,400500
2017-09-14,2.690000057220459,2.7100000381469727,2.640000104904175,2.6600000858306885,2.6600000858306885,560000
2017-09-15,2.6700000762939453,2.7100000381469727,2.619999885559082,2.630000114440918,2.630000114440918,1218000
2017-09-18,2.619999885559082,2.6700000762939453,2.569999933242798,2.5799999237060547,2.5799999237060547,666300
2017-09-19,2.5899999141693115,2.609999895095825,2.450000047683716,2.4800000190734863,2.4800000190734863,599100
2017-09-20,2.490000009536743,2.569999933242798,2.430000066757202,2.5199999809265137,2.5199999809265137,620800
2017-09-21,2.5199999809265137,2.630000114440918,2.5199999809265137,2.609999895095825,2.609999895095825,870500
2017-09-22,2.5999999046325684,2.640000104904175,2.5399999618530273,2.5999999046325684,2.5999999046325684,649000
2017-09-25,2.5799999237060547,2.690000057220459,2.569999933242798,2.680000066757202,2.680000066757202,609200
2017-09-26,2.6700000762939453,2.7300000190734863,2.6500000953674316,2.7100000381469727,2.7100000381469727,482100
2017-09-27,2.740000009536743,2.75,2.6600000858306885,2.7200000286102295,2.7200000286102295,681000
2017-09-28,2.7300000190734863,2.759999990463257,2.700000047683716,2.7300000190734863,2.7300000190734863,672400
2017-09-29,2.740000009536743,2.759999990463257,2.680000066757202,2.7300000190734863,2.7300000190734863,598000
2017-10-02,2.75,2.940000057220459,2.740000009536743,2.869999885559082,2.869999885559082,1493300
2017-10-03,2.8499999046325684,2.9200000762939453,2.7899999618530273,2.9100000858306885,2.9100000858306885,1164200
2017-10-04,2.890000104904175,2.930000066757202,2.740000009536743,2.819999933242798,2.819999933242798,984200
2017-10-05,3.0399999618530273,3.2300000190734863,2.940000057220459,3.049999952316284,3.049999952316284,2867400
2017-10-06,3.1700000762939453,3.1700000762939453,2.950000047683716,3.0199999809265137,3.0199999809265137,1155400
2017-10-09,3.0299999713897705,3.130000114440918,2.8499999046325684,2.859999895095825,2.859999895095825,713500
2017-10-10,2.890000104904175,2.9200000762939453,2.8299999237060547,2.9100000858306885,2.9100000858306885,680400
2017-10-11,2.930000066757202,3.0999999046325684,2.930000066757202,3.0199999809265137,3.0199999809265137,1303400
2017-10-12,3.009999990463257,3.200000047683716,3.009999990463257,3.1700000762939453,3.1700000762939453,1494800
2017-10-13,3.1600000858306885,3.240000009536743,3.109999895095825,3.109999895095825,3.109999895095825,1138200
2017-10-16,3.0999999046325684,3.140000104904175,3.049999952316284,3.0999999046325684,3.0999999046325684,894800
2017-10-17,3.0999999046325684,3.0999999046325684,3.009999990463257,3.0399999618530273,3.0399999618530273,740300
2017-10-18,3.059999942779541,3.0999999046325684,2.990000009536743,3.0,3.0,641200
2017-10-19,3.0,3.0199999809265137,2.930000066757202,3.0,3.0,639200
2017-10-20,3.0399999618530273,3.0399999618530273,2.9800000190734863,2.990000009536743,2.990000009536743,589200
2017-10-23,3.059999942779541,3.059999942779541,2.940000057220459,2.940000057220459,2.940000057220459,534600
2017-10-24,2.940000057220459,2.940000057220459,2.809999942779541,2.869999885559082,2.869999885559082,959500
2017-10-25,2.869999885559082,2.890000104904175,2.799999952316284,2.869999885559082,2.869999885559082,391300
2017-10-26,2.8499999046325684,2.890000104904175,2.819999933242798,2.8299999237060547,2.8299999237060547,450400
2017-10-27,2.8499999046325684,2.9600000381469727,2.8399999141693115,2.880000114440918,2.880000114440918,544900
2017-10-30,2.9200000762939453,2.9700000286102295,2.859999895095825,2.9000000953674316,2.9000000953674316,616100
2017-10-31,2.9100000858306885,2.9700000286102295,2.8499999046325684,2.869999885559082,2.869999885559082,570000
2017-11-01,2.880000114440918,2.940000057220459,2.75,2.759999990463257,2.759999990463257,688000
2017-11-02,2.7799999713897705,2.9200000762939453,2.75,2.880000114440918,2.880000114440918,743300
2017-11-03,2.880000114440918,3.5999999046325684,2.880000114440918,3.5199999809265137,3.5199999809265137,3677200
2017-11-06,3.5299999713897705,3.6700000762939453,3.309999942779541,3.490000009536743,3.490000009536743,1914200
2017-11-07,3.490000009536743,3.609999895095825,3.450000047683716,3.490000009536743,3.490000009536743,1047700
2017-11-08,3.5,3.5199999809265137,3.390000104904175,3.4800000190734863,3.4800000190734863,631200
2017-11-09,3.4800000190734863,3.619999885559082,3.440000057220459,3.5999999046325684,3.5999999046325684,725900
2017-11-10,3.569999933242798,3.690000057220459,3.5299999713897705,3.5999999046325684,3.5999999046325684,509600
2017-11-13,3.5999999046325684,3.799999952316284,3.5199999809265137,3.5799999237060547,3.5799999237060547,748000
2017-11-14,3.5799999237060547,3.6500000953674316,3.4800000190734863,3.509999990463257,3.509999990463257,535300
2017-11-15,3.490000009536743,3.680000066757202,3.450000047683716,3.630000114440918,3.630000114440918,531700
2017-11-16,3.6600000858306885,3.740000009536743,3.630000114440918,3.690000057220459,3.690000057220459,649600
2017-11-17,3.6600000858306885,3.759999990463257,3.6500000953674316,3.75,3.75,513600
2017-11-20,3.75,3.7899999618530273,3.640000104904175,3.75,3.75,389000
2017-11-21,3.759999990463257,3.799999952316284,3.690000057220459,3.7100000381469727,3.7100000381469727,580600
2017-11-22,3.7300000190734863,3.819999933242798,3.7100000381469727,3.740000009536743,3.740000009536743,589500
2017-11-24,3.759999990463257,3.8399999141693115,3.740000009536743,3.809999942779541,3.809999942779541,269300
2017-11-27,3.819999933242798,3.9100000858306885,3.7699999809265137,3.869999885559082,3.869999885559082,608700
2017-11-28,3.859999895095825,3.950000047683716,3.7200000286102295,3.930000066757202,3.930000066757202,867400
2017-11-29,3.940000057220459,3.9800000190734863,3.890000104904175,3.9100000858306885,3.9100000858306885,598500
2017-11-30,3.950000047683716,3.9800000190734863,3.9000000953674316,3.950000047683716,3.950000047683716,699800
2017-12-01,3.9700000286102295,3.9800000190734863,3.7100000381469727,3.890000104904175,3.890000104904175,682300
2017-12-04,3.930000066757202,4.019999980926514,3.7100000381469727,3.7300000190734863,3.7300000190734863,688000
2017-12-05,3.75,3.809999942779541,3.6500000953674316,3.6700000762939453,3.6700000762939453,507700
2017-12-06,3.6700000762939453,3.7200000286102295,3.5999999046325684,3.609999895095825,3.609999895095825,372900
2017-12-07,3.5899999141693115,3.740000009536743,3.569999933242798,3.6500000953674316,3.6500000953674316,467600
2017-12-08,3.6700000762939453,3.690000057220459,3.609999895095825,3.640000104904175,3.640000104904175,325500
2017-12-11,3.640000104904175,3.759999990463257,3.5799999237060547,3.619999885559082,3.619999885559082,541200
2017-12-12,3.6500000953674316,3.7300000190734863,3.5899999141693115,3.619999885559082,3.619999885559082,477900
2017-12-13,3.5999999046325684,3.819999933242798,3.5899999141693115,3.799999952316284,3.799999952316284,638900
2017-12-14,3.809999942779541,3.8299999237060547,3.680000066757202,3.7100000381469727,3.7100000381469727,440900
2017-12-15,3.7100000381469727,3.7699999809265137,3.6700000762939453,3.690000057220459,3.690000057220459,1780100
2017-12-18,3.7100000381469727,3.809999942779541,3.690000057220459,3.7100000381469727,3.7100000381469727,835100
2017-12-19,3.690000057220459,3.75,3.569999933242798,3.5999999046325684,3.5999999046325684,523700
2017-12-20,3.5999999046325684,3.690000057220459,3.5899999141693115,3.640000104904175,3.640000104904175,460400
2017-12-21,3.630000114440918,3.690000057220459,3.630000114440918,3.640000104904175,3.640000104904175,332000
2017-12-22,3.609999895095825,3.6600000858306885,3.4700000286102295,3.640000104904175,3.640000104904175,886300
2017-12-26,3.6600000858306885,3.680000066757202,3.509999990463257,3.509999990463257,3.509999990463257,316000
2017-12-27,3.509999990463257,3.5299999713897705,3.369999885559082,3.4100000858306885,3.4100000858306885,598200
2017-12-28,3.4000000953674316,3.5,3.369999885559082,3.4600000381469727,3.4600000381469727,567300
2017-12-29,3.490000009536743,3.5,3.3499999046325684,3.380000114440918,3.380000114440918,626300
2018-01-02,3.380000114440918,3.5899999141693115,3.380000114440918,3.559999942779541,3.559999942779541,489300
2018-01-03,3.5399999618530273,3.5999999046325684,3.5,3.5899999141693115,3.5899999141693115,353700
2018-01-04,3.5899999141693115,3.75,3.5799999237060547,3.7200000286102295,3.7200000286102295,493100
2018-01-05,3.7799999713897705,3.930000066757202,3.759999990463257,3.8399999141693115,3.8399999141693115,673700
2018-01-08,4.0,4.400000095367432,4.0,4.239999771118164,4.239999771118164,2391800
2018-01-09,4.179999828338623,4.340000152587891,4.150000095367432,4.230000019073486,4.230000019073486,957000
2018-01-10,4.199999809265137,4.289999961853027,4.179999828338623,4.25,4.25,652600
2018-01-11,4.300000190734863,4.480000019073486,4.289999961853027,4.369999885559082,4.369999885559082,1420000
2018-01-12,4.409999847412109,4.420000076293945,4.28000020980835,4.320000171661377,4.320000171661377,526900
2018-01-16,4.320000171661377,4.409999847412109,4.0,4.010000228881836,4.010000228881836,1228300
2018-01-17,4.03000020980835,4.179999828338623,4.03000020980835,4.159999847412109,4.159999847412109,551800
2018-01-18,4.159999847412109,4.159999847412109,4.059999942779541,4.110000133514404,4.110000133514404,403100
2018-01-19,4.099999904632568,4.150000095367432,4.070000171661377,4.119999885559082,4.119999885559082,446100
2018-01-22,4.130000114440918,4.21999979019165,4.090000152587891,4.190000057220459,4.190000057220459,530200
2018-01-23,4.179999828338623,4.349999904632568,4.159999847412109,4.329999923706055,4.329999923706055,1085000
2018-01-24,5.139999866485596,5.429999828338623,4.840000152587891,5.010000228881836,5.010000228881836,19558300
2018-01-25,4.980000019073486,5.110000133514404,4.769999980926514,4.940000057220459,4.940000057220459,2670500
2018-01-26,4.929999828338623,5.090000152587891,4.860000133514404,4.989999771118164,4.989999771118164,1141500
2018-01-29,5.0,5.010000228881836,4.670000076293945,4.880000114440918,4.880000114440918,1833900
2018-01-30,4.800000190734863,4.829999923706055,4.659999847412109,4.760000228881836,4.760000228881836,955300
2018-01-31,4.480000019073486,4.559999942779541,4.309999942779541,4.429999828338623,4.429999828338623,6323800
2018-02-01,4.400000095367432,4.420000076293945,4.309999942779541,4.369999885559082,4.369999885559082,2030900
2018-02-02,4.360000133514404,4.480000019073486,4.309999942779541,4.369999885559082,4.369999885559082,1830700
2018-02-05,4.309999942779541,4.409999847412109,3.9800000190734863,3.990000009536743,3.990000009536743,1976300
2018-02-06,3.9000000953674316,4.110000133514404,3.890000104904175,3.990000009536743,3.990000009536743,2087700
2018-02-07,3.9800000190734863,4.110000133514404,3.940000057220459,4.070000171661377,4.070000171661377,1236000
2018-02-08,4.070000171661377,4.130000114440918,3.950000047683716,3.950000047683716,3.950000047683716,1158000
2018-02-09,3.9800000190734863,4.0,3.7699999809265137,3.930000066757202,3.930000066757202,1301400
2018-02-12,3.950000047683716,4.010000228881836,3.8499999046325684,3.8499999046325684,3.8499999046325684,744700
2018-02-13,3.8399999141693115,4.010000228881836,3.799999952316284,4.0,4.0,1071900
2018-02-14,3.9600000381469727,4.150000095367432,3.950000047683716,4.130000114440918,4.130000114440918,910100
2018-02-15,4.170000076293945,4.210000038146973,4.039999961853027,4.119999885559082,4.119999885559082,469800
2018-02-16,4.099999904632568,4.199999809265137,4.0,4.130000114440918,4.130000114440918,434000
2018-02-20,4.119999885559082,4.25,4.050000190734863,4.159999847412109,4.159999847412109,698500
2018-02-21,4.170000076293945,4.320000171661377,4.159999847412109,4.179999828338623,4.179999828338623,590700
2018-02-22,4.210000038146973,4.360000133514404,4.199999809265137,4.269999980926514,4.269999980926514,506500
2018-02-23,4.309999942779541,4.329999923706055,4.150000095367432,4.21999979019165,4.21999979019165,1124800
2018-02-26,4.25,4.320000171661377,4.21999979019165,4.289999961853027,4.289999961853027,358200
2018-02-27,4.28000020980835,4.320000171661377,4.210000038146973,4.25,4.25,474500
2018-02-28,4.260000228881836,4.360000133514404,4.25,4.28000020980835,4.28000020980835,840800
2018-03-01,4.269999980926514,4.349999904632568,4.159999847412109,4.320000171661377,4.320000171661377,1032000
2018-03-02,4.28000020980835,4.630000114440918,4.179999828338623,4.599999904632568,4.599999904632568,1429400
2018-03-05,4.599999904632568,4.599999904632568,4.440000057220459,4.519999980926514,4.519999980926514,1126500
2018-03-06,4.570000171661377,4.869999885559082,4.539999961853027,4.670000076293945,4.670000076293945,1460700
2018-03-07,4.630000114440918,4.769999980926514,4.599999904632568,4.769999980926514,4.769999980926514,1185400
2018-03-08,4.800000190734863,4.900000095367432,4.679999828338623,4.800000190734863,4.800000190734863,1157800
2018-03-09,4.889999866485596,4.909999847412109,4.550000190734863,4.869999885559082,4.869999885559082,2528800
2018-03-12,4.800000190734863,5.159999847412109,4.75,5.050000190734863,5.050000190734863,1954700
2018-03-13,5.050000190734863,5.210000038146973,5.019999980926514,5.130000114440918,5.130000114440918,1426100
2018-03-14,5.150000095367432,5.429999828338623,5.150000095367432,5.420000076293945,5.420000076293945,1465000
2018-03-15,5.409999847412109,5.480000019073486,5.190000057220459,5.239999771118164,5.239999771118164,1259400
2018-03-16,5.360000133514404,5.769999980926514,5.320000171661377,5.739999771118164,5.739999771118164,4586500
2018-03-19,5.730000019073486,5.739999771118164,5.400000095367432,5.46999979019165,5.46999979019165,2012900
2018-03-20,5.5,5.849999904632568,5.460000038146973,5.639999866485596,5.639999866485596,1853000
2018-03-21,5.659999847412109,5.75,5.539999961853027,5.619999885559082,5.619999885559082,914900
2018-03-22,5.550000190734863,5.710000038146973,5.519999980926514,5.53000020980835,5.53000020980835,782800
2018-03-23,5.510000228881836,5.679999828338623,5.449999809265137,5.489999771118164,5.489999771118164,829100
2018-03-26,5.510000228881836,5.659999847412109,5.429999828338623,5.570000171661377,5.570000171661377,1445400
2018-03-27,5.550000190734863,5.639999866485596,5.260000228881836,5.320000171661377,5.320000171661377,1414100
2018-03-28,5.349999904632568,5.539999961853027,5.300000190734863,5.519999980926514,5.519999980926514,1186000
2018-03-29,5.559999942779541,5.630000114440918,5.449999809265137,5.480000019073486,5.480000019073486,1399500
2018-04-02,5.5,5.53000020980835,5.239999771118164,5.260000228881836,5.260000228881836,962500
2018-04-03,5.300000190734863,5.400000095367432,5.239999771118164,5.309999942779541,5.309999942779541,956300
2018-04-04,5.25,5.369999885559082,5.230000019073486,5.349999904632568,5.349999904632568,1129600
2018-04-05,5.409999847412109,5.480000019073486,5.210000038146973,5.300000190734863,5.300000190734863,859500
2018-04-06,5.25,5.380000114440918,5.110000133514404,5.199999809265137,5.199999809265137,1198100
2018-04-09,5.25,5.329999923706055,5.130000114440918,5.190000057220459,5.190000057220459,847100
2018-04-10,5.28000020980835,5.349999904632568,5.179999828338623,5.320000171661377,5.320000171661377,546100
2018-04-11,5.269999980926514,5.550000190734863,5.25,5.449999809265137,5.449999809265137,1247500
2018-04-12,5.46999979019165,5.539999961853027,5.400000095367432,5.429999828338623,5.429999828338623,609400
2018-04-13,5.420000076293945,5.460000038146973,5.289999961853027,5.380000114440918,5.380000114440918,427100
2018-04-16,5.440000057220459,5.480000019073486,5.329999923706055,5.349999904632568,5.349999904632568,489500
2018-04-17,5.409999847412109,5.53000020980835,5.340000152587891,5.46999979019165,5.46999979019165,687900
2018-04-18,5.480000019073486,5.769999980926514,5.480000019073486,5.639999866485596,5.639999866485596,1022300
2018-04-19,5.639999866485596,5.710000038146973,5.579999923706055,5.659999847412109,5.659999847412109,585300
2018-04-20,5.619999885559082,5.679999828338623,5.46999979019165,5.489999771118164,5.489999771118164,757700
2018-04-23,5.53000020980835,5.579999923706055,5.369999885559082,5.46999979019165,5.46999979019165,595300
2018-04-24,5.46999979019165,5.550000190734863,5.329999923706055,5.380000114440918,5.380000114440918,973000
2018-04-25,5.400000095367432,5.440000057220459,5.28000020980835,5.309999942779541,5.309999942779541,687100
2018-04-26,5.309999942779541,5.420000076293945,5.289999961853027,5.360000133514404,5.360000133514404,515100
2018-04-27,5.349999904632568,5.400000095367432,5.190000057220459,5.230000019073486,5.230000019073486,525500
2018-04-30,5.230000019073486,5.309999942779541,5.170000076293945,5.199999809265137,5.199999809265137,451800
2018-05-01,5.179999828338623,5.309999942779541,5.159999847412109,5.289999961853027,5.289999961853027,424600
2018-05-02,5.260000228881836,5.449999809265137,5.239999771118164,5.400000095367432,5.400000095367432,612000
2018-05-03,5.380000114440918,5.400000095367432,5.25,5.340000152587891,5.340000152587891,493600
2018-05-04,5.289999961853027,5.590000152587891,5.289999961853027,5.539999961853027,5.539999961853027,580800
2018-05-07,5.590000152587891,5.659999847412109,5.519999980926514,5.619999885559082,5.619999885559082,644600
2018-05-08,5.630000114440918,5.630000114440918,5.340000152587891,5.46999979019165,5.46999979019165,905900
2018-05-09,5.599999904632568,6.46999979019165,5.489999771118164,6.289999961853027,6.289999961853027,4071500
2018-05-10,6.269999980926514,6.75,6.269999980926514,6.46999979019165,6.46999979019165,2684700
2018-05-11,6.260000228881836,6.699999809265137,6.25,6.579999923706055,6.579999923706055,1550900
2018-05-14,6.570000171661377,6.789999961853027,6.539999961853027,6.579999923706055,6.579999923706055,1355800
2018-05-15,6.539999961853027,6.570000171661377,6.320000171661377,6.449999809265137,6.449999809265137,922000
2018-05-16,6.400000095367432,6.460000038146973,6.349999904632568,6.409999847412109,6.409999847412109,1092100
2018-05-17,6.449999809265137,6.570000171661377,6.400000095367432,6.510000228881836,6.510000228881836,674600
2018-05-18,6.550000190734863,6.71999979019165,6.5,6.559999942779541,6.559999942779541,1173800
2018-05-21,6.610000133514404,6.699999809265137,6.349999904632568,6.5,6.5,863700
2018-05-22,6.550000190734863,6.590000152587891,6.429999828338623,6.429999828338623,6.429999828338623,616100
2018-05-23,6.409999847412109,6.599999904632568,6.389999866485596,6.519999980926514,6.519999980926514,609900
2018-05-24,6.480000019073486,6.739999771118164,6.409999847412109,6.590000152587891,6.590000152587891,992500
2018-05-25,6.559999942779541,6.639999866485596,6.429999828338623,6.489999771118164,6.489999771118164,487000
2018-05-29,6.489999771118164,6.590000152587891,6.380000114440918,6.539999961853027,6.539999961853027,1024600
2018-05-30,6.550000190734863,6.789999961853027,6.489999771118164,6.730000019073486,6.730000019073486,1644900
2018-05-31,6.75,6.989999771118164,6.570000171661377,6.590000152587891,6.590000152587891,1530200
2018-06-01,6.610000133514404,6.710000038146973,6.590000152587891,6.650000095367432,6.650000095367432,827600
2018-06-04,6.650000095367432,6.710000038146973,6.480000019073486,6.630000114440918,6.630000114440918,854000
2018-06-05,6.639999866485596,6.760000228881836,6.610000133514404,6.75,6.75,1121300
2018-06-06,6.690000057220459,6.849999904632568,6.690000057220459,6.769999980926514,6.769999980926514,863600
2018-06-07,6.760000228881836,6.769999980926514,6.53000020980835,6.619999885559082,6.619999885559082,793700
2018-06-08,6.650000095367432,6.679999828338623,6.570000171661377,6.610000133514404,6.610000133514404,634400
2018-06-11,6.630000114440918,6.650000095367432,6.53000020980835,6.590000152587891,6.590000152587891,631100
2018-06-12,6.630000114440918,6.739999771118164,6.610000133514404,6.650000095367432,6.650000095367432,685800
2018-06-13,6.639999866485596,6.699999809265137,6.590000152587891,6.639999866485596,6.639999866485596,725200
2018-06-14,6.650000095367432,6.75,6.559999942779541,6.730000019073486,6.730000019073486,801900
2018-06-15,6.690000057220459,6.78000020980835,6.659999847412109,6.769999980926514,6.769999980926514,1804000
2018-06-18,6.739999771118164,7.059999942779541,6.699999809265137,7.0,7.0,1980200
2018-06-19,6.900000095367432,7.079999923706055,6.679999828338623,7.010000228881836,7.010000228881836,1761700
2018-06-20,7.119999885559082,7.309999942779541,7.070000171661377,7.25,7.25,1763000
2018-06-21,7.21999979019165,7.28000020980835,7.070000171661377,7.179999828338623,7.179999828338623,983900
2018-06-22,7.199999809265137,7.21999979019165,6.940000057220459,7.03000020980835,7.03000020980835,1967900
2018-06-25,7.070000171661377,7.110000133514404,6.769999980926514,7.0,7.0,2078800
2018-06-26,7.03000020980835,7.070000171661377,6.909999847412109,6.949999809265137,6.949999809265137,958400
2018-06-27,6.940000057220459,6.989999771118164,6.619999885559082,6.619999885559082,6.619999885559082,999000
2018-06-28,6.559999942779541,6.889999866485596,6.53000020980835,6.800000190734863,6.800000190734863,939400
2018-06-29,6.860000133514404,6.860000133514404,6.610000133514404,6.670000076293945,6.670000076293945,840000
2018-07-02,6.650000095367432,6.909999847412109,6.579999923706055,6.909999847412109,6.909999847412109,717400
2018-07-03,6.960000038146973,6.989999771118164,6.78000020980835,6.909999847412109,6.909999847412109,333900
2018-07-05,6.980000019073486,7.050000190734863,6.840000152587891,7.050000190734863,7.050000190734863,744300
2018-07-06,7.050000190734863,7.150000095367432,6.980000019073486,7.010000228881836,7.010000228881836,733100
2018-07-09,7.03000020980835,7.099999904632568,6.929999828338623,7.050000190734863,7.050000190734863,517500
2018-07-10,7.130000114440918,7.150000095367432,7.010000228881836,7.059999942779541,7.059999942779541,609300
2018-07-11,6.989999771118164,7.079999923706055,6.920000076293945,6.989999771118164,6.989999771118164,432300
2018-07-12,7.090000152587891,7.489999771118164,7.0,7.420000076293945,7.420000076293945,1969300
2018-07-13,7.400000095367432,7.550000190734863,7.260000228881836,7.269999980926514,7.269999980926514,770800
2018-07-16,7.300000190734863,7.369999885559082,7.110000133514404,7.320000171661377,7.320000171661377,544400
2018-07-17,7.289999961853027,7.449999809265137,7.25,7.409999847412109,7.409999847412109,431500
2018-07-18,7.429999828338623,7.429999828338623,7.260000228881836,7.349999904632568,7.349999904632568,613500
2018-07-19,7.340000152587891,7.460000038146973,7.289999961853027,7.449999809265137,7.449999809265137,530400
2018-07-20,7.590000152587891,7.929999828338623,7.46999979019165,7.519999980926514,7.519999980926514,1085100
2018-07-23,7.460000038146973,7.699999809265137,7.349999904632568,7.639999866485596,7.639999866485596,676100
2018-07-24,7.690000057220459,7.730000019073486,7.449999809265137,7.519999980926514,7.519999980926514,1050000
2018-07-25,7.539999961853027,7.75,7.460000038146973,7.690000057220459,7.690000057220459,829200
2018-07-26,7.699999809265137,7.800000190734863,7.590000152587891,7.659999847412109,7.659999847412109,659400
2018-07-27,7.690000057220459,7.71999979019165,7.289999961853027,7.320000171661377,7.320000171661377,843500
2018-07-30,7.329999923706055,7.440000057220459,7.150000095367432,7.179999828338623,7.179999828338623,714800
2018-07-31,7.230000019073486,7.46999979019165,7.210000038146973,7.409999847412109,7.409999847412109,499400
2018-08-01,7.369999885559082,7.53000020980835,7.320000171661377,7.46999979019165,7.46999979019165,829700
2018-08-02,7.460000038146973,7.53000020980835,7.300000190734863,7.409999847412109,7.409999847412109,717100
2018-08-03,7.800000190734863,8.050000190734863,7.0,7.03000020980835,7.03000020980835,2407700
2018-08-06,7.0,7.360000133514404,6.980000019073486,7.139999866485596,7.139999866485596,961600
2018-08-07,7.130000114440918,7.21999979019165,7.03000020980835,7.110000133514404,7.110000133514404,546100
2018-08-08,7.110000133514404,7.119999885559082,6.869999885559082,7.010000228881836,7.010000228881836,757100
2018-08-09,6.989999771118164,7.059999942779541,6.889999866485596,6.920000076293945,6.920000076293945,917600
2018-08-10,6.860000133514404,7.199999809265137,6.860000133514404,7.159999847412109,7.159999847412109,684000
2018-08-13,7.190000057220459,7.289999961853027,7.099999904632568,7.159999847412109,7.159999847412109,559600
2018-08-14,7.179999828338623,7.389999866485596,7.179999828338623,7.28000020980835,7.28000020980835,728500
2018-08-15,7.25,7.329999923706055,7.099999904632568,7.159999847412109,7.159999847412109,1308600
2018-08-16,7.21999979019165,7.230000019073486,6.869999885559082,6.909999847412109,6.909999847412109,752200
2018-08-17,6.900000095367432,6.949999809265137,6.789999961853027,6.889999866485596,6.889999866485596,594800
2018-08-20,6.880000114440918,6.900000095367432,6.619999885559082,6.889999866485596,6.889999866485596,898400
2018-08-21,6.889999866485596,7.050000190734863,6.889999866485596,6.920000076293945,6.920000076293945,582500
2018-08-22,6.889999866485596,7.139999866485596,6.880000114440918,7.050000190734863,7.050000190734863,614100
2018-08-23,7.050000190734863,7.170000076293945,6.980000019073486,7.090000152587891,7.090000152587891,952400
2018-08-24,7.079999923706055,7.170000076293945,7.010000228881836,7.110000133514404,7.110000133514404,537300
2018-08-27,7.110000133514404,7.489999771118164,7.099999904632568,7.449999809265137,7.449999809265137,1603100
2018-08-28,7.480000019073486,7.599999904632568,7.360000133514404,7.510000228881836,7.510000228881836,1489200
2018-08-29,7.489999771118164,7.739999771118164,7.46999979019165,7.570000171661377,7.570000171661377,1156800
2018-08-30,7.53000020980835,7.75,7.489999771118164,7.659999847412109,7.659999847412109,1117300
2018-08-31,7.659999847412109,7.809999942779541,7.639999866485596,7.78000020980835,7.78000020980835,1076900
2018-09-04,7.789999961853027,7.800000190734863,7.630000114440918,7.739999771118164,7.739999771118164,805300
2018-09-05,7.739999771118164,7.739999771118164,7.449999809265137,7.519999980926514,7.519999980926514,790300
2018-09-06,7.53000020980835,7.599999904632568,7.320000171661377,7.329999923706055,7.329999923706055,571400
2018-09-07,7.28000020980835,7.46999979019165,7.210000038146973,7.269999980926514,7.269999980926514,672300
2018-09-10,7.289999961853027,7.329999923706055,7.119999885559082,7.130000114440918,7.130000114440918,496000
2018-09-11,7.119999885559082,7.21999979019165,7.0,7.210000038146973,7.210000038146973,648600
2018-09-12,7.199999809265137,7.309999942779541,7.079999923706055,7.210000038146973,7.210000038146973,633300
2018-09-13,7.25,7.349999904632568,7.179999828338623,7.340000152587891,7.340000152587891,626200
2018-09-14,7.349999904632568,7.480000019073486,7.239999771118164,7.25,7.25,704200
2018-09-17,7.269999980926514,7.289999961853027,7.090000152587891,7.130000114440918,7.130000114440918,704500
2018-09-18,7.159999847412109,7.289999961853027,7.119999885559082,7.25,7.25,594700
2018-09-19,7.269999980926514,7.329999923706055,7.210000038146973,7.309999942779541,7.309999942779541,404300
2018-09-20,7.349999904632568,7.409999847412109,7.28000020980835,7.380000114440918,7.380000114440918,332600
2018-09-21,7.369999885559082,7.429999828338623,7.340000152587891,7.360000133514404,7.360000133514404,1168600
2018-09-24,7.380000114440918,7.409999847412109,7.340000152587891,7.380000114440918,7.380000114440918,522000
2018-09-25,7.400000095367432,7.539999961853027,7.28000020980835,7.420000076293945,7.420000076293945,862600
2018-09-26,7.440000057220459,7.440000057220459,7.25,7.260000228881836,7.260000228881836,524900
2018-09-27,7.260000228881836,7.320000171661377,7.25,7.269999980926514,7.269999980926514,379900
2018-09-28,7.260000228881836,7.309999942779541,7.179999828338623,7.210000038146973,7.210000038146973,862100
2018-10-01,7.21999979019165,7.269999980926514,7.079999923706055,7.159999847412109,7.159999847412109,676500
2018-10-02,7.170000076293945,7.260000228881836,7.079999923706055,7.090000152587891,7.090000152587891,711400
2018-10-03,7.099999904632568,7.150000095367432,6.989999771118164,7.019999980926514,7.019999980926514,560500
2018-10-04,7.0,7.0,6.539999961853027,6.550000190734863,6.550000190734863,1049600
2018-10-05,6.550000190734863,6.690000057220459,6.380000114440918,6.489999771118164,6.489999771118164,747700
2018-10-08,6.519999980926514,6.519999980926514,6.25,6.309999942779541,6.309999942779541,607900
2018-10-09,6.269999980926514,6.409999847412109,6.150000095367432,6.159999847412109,6.159999847412109,846300
2018-10-10,6.159999847412109,6.159999847412109,5.840000152587891,5.849999904632568,5.849999904632568,1004300
2018-10-11,5.78000020980835,6.079999923706055,5.710000038146973,5.889999866485596,5.889999866485596,1389900
2018-10-12,6.019999980926514,6.130000114440918,5.909999847412109,5.989999771118164,5.989999771118164,695900
2018-10-15,5.96999979019165,6.010000228881836,5.789999961853027,5.960000038146973,5.960000038146973,487300
2018-10-16,6.130000114440918,6.909999847412109,6.059999942779541,6.880000114440918,6.880000114440918,2743900
2018-10-17,6.820000171661377,6.840000152587891,6.550000190734863,6.690000057220459,6.690000057220459,960800
2018-10-18,6.679999828338623,7.059999942779541,6.659999847412109,6.769999980926514,6.769999980926514,1255900
2018-10-19,6.739999771118164,6.869999885559082,6.610000133514404,6.630000114440918,6.630000114440918,1020800
2018-10-22,6.659999847412109,6.71999979019165,6.380000114440918,6.570000171661377,6.570000171661377,712700
2018-10-23,6.349999904632568,6.599999904632568,6.349999904632568,6.539999961853027,6.539999961853027,859600
2018-10-24,6.539999961853027,6.639999866485596,6.349999904632568,6.349999904632568,6.349999904632568,863600
2018-10-25,6.400000095367432,6.619999885559082,6.389999866485596,6.5,6.5,554000
2018-10-26,6.400000095367432,6.559999942779541,6.300000190734863,6.380000114440918,6.380000114440918,771000
2018-10-29,6.440000057220459,6.489999771118164,6.170000076293945,6.269999980926514,6.269999980926514,717100
2018-10-30,6.269999980926514,6.389999866485596,6.170000076293945,6.289999961853027,6.289999961853027,731600
2018-10-31,6.769999980926514,6.809999942779541,6.429999828338623,6.699999809265137,6.699999809265137,978100
2018-11-01,6.71999979019165,6.769999980926514,6.489999771118164,6.769999980926514,6.769999980926514,1006600
2018-11-02,6.28000020980835,6.820000171661377,6.269999980926514,6.369999885559082,6.369999885559082,2147000
2018-11-05,6.349999904632568,6.46999979019165,5.760000228881836,5.760000228881836,5.760000228881836,2079100
2018-11-06,5.75,5.840000152587891,5.559999942779541,5.800000190734863,5.800000190734863,962300
2018-11-07,5.789999961853027,5.949999809265137,5.789999961853027,5.900000095367432,5.900000095367432,826200
2018-11-08,5.900000095367432,5.940000057220459,5.809999942779541,5.889999866485596,5.889999866485596,453100
2018-11-09,5.840000152587891,5.860000133514404,5.699999809265137,5.730000019073486,5.730000019073486,452200
2018-11-12,5.690000057220459,5.690000057220459,5.170000076293945,5.269999980926514,5.269999980926514,1754200
2018-11-13,5.300000190734863,5.5,5.28000020980835,5.300000190734863,5.300000190734863,825300
2018-11-14,5.340000152587891,5.380000114440918,5.03000020980835,5.050000190734863,5.050000190734863,1449200
2018-11-15,5.039999961853027,5.349999904632568,4.960000038146973,5.300000190734863,5.300000190734863,1504100
2018-11-16,5.150000095367432,5.380000114440918,5.150000095367432,5.28000020980835,5.28000020980835,506000
2018-11-19,5.239999771118164,5.28000020980835,5.039999961853027,5.099999904632568,5.099999904632568,802800
2018-11-20,5.0,5.28000020980835,4.980000019073486,5.230000019073486,5.230000019073486,781100
2018-11-21,5.269999980926514,5.389999866485596,5.159999847412109,5.329999923706055,5.329999923706055,848600
2018-11-23,5.289999961853027,5.429999828338623,5.28000020980835,5.320000171661377,5.320000171661377,219200
2018-11-26,5.400000095367432,5.46999979019165,5.269999980926514,5.329999923706055,5.329999923706055,396000
2018-11-27,5.28000020980835,5.309999942779541,5.130000114440918,5.179999828338623,5.179999828338623,527400
2018-11-28,5.21999979019165,5.289999961853027,5.059999942779541,5.28000020980835,5.28000020980835,753500
2018-11-29,5.239999771118164,5.309999942779541,5.130000114440918,5.199999809265137,5.199999809265137,595300
2018-11-30,5.210000038146973,5.289999961853027,5.159999847412109,5.25,5.25,651100
2018-12-03,5.340000152587891,5.360000133514404,5.139999866485596,5.349999904632568,5.349999904632568,806900
2018-12-04,5.340000152587891,5.769999980926514,5.289999961853027,5.429999828338623,5.429999828338623,1780800
2018-12-06,5.5,5.659999847412109,5.5,5.570000171661377,5.570000171661377,1299300
2018-12-07,5.550000190734863,5.630000114440918,5.239999771118164,5.349999904632568,5.349999904632568,1134300
2018-12-10,5.349999904632568,5.53000020980835,5.329999923706055,5.510000228881836,5.510000228881836,572600
2018-12-11,5.559999942779541,5.610000133514404,5.409999847412109,5.550000190734863,5.550000190734863,1176000
2018-12-12,5.639999866485596,5.820000171661377,5.630000114440918,5.75,5.75,1470500
2018-12-13,5.71999979019165,5.789999961853027,5.619999885559082,5.670000076293945,5.670000076293945,961800
2018-12-14,5.639999866485596,5.690000057220459,5.5,5.53000020980835,5.53000020980835,872700
2018-12-17,5.5,5.659999847412109,5.400000095367432,5.460000038146973,5.460000038146973,1354700
2018-12-18,5.5,5.699999809265137,5.420000076293945,5.53000020980835,5.53000020980835,1678200
2018-12-19,5.539999961853027,5.619999885559082,5.340000152587891,5.5,5.5,1296100
2018-12-20,5.5,5.5,4.710000038146973,4.920000076293945,4.920000076293945,1542900
2018-12-21,4.940000057220459,5.059999942779541,4.940000057220459,4.989999771118164,4.989999771118164,1598300
2018-12-24,4.920000076293945,4.980000019073486,4.849999904632568,4.920000076293945,4.920000076293945,559600
2018-12-26,4.96999979019165,5.0,4.789999961853027,4.96999979019165,4.96999979019165,731300
2018-12-27,4.869999885559082,4.929999828338623,4.71999979019165,4.889999866485596,4.889999866485596,626700
2018-12-28,4.889999866485596,5.130000114440918,4.820000171661377,4.989999771118164,4.989999771118164,586900
2018-12-31,5.019999980926514,5.090000152587891,4.989999771118164,5.070000171661377,5.070000171661377,710400
2019-01-02,4.980000019073486,5.349999904632568,4.929999828338623,5.340000152587891,5.340000152587891,827500
2019-01-03,5.309999942779541,5.389999866485596,5.150000095367432,5.159999847412109,5.159999847412109,1132600
2019-01-04,5.239999771118164,5.510000228881836,5.190000057220459,5.389999866485596,5.389999866485596,638800
2019-01-07,5.360000133514404,5.730000019073486,5.360000133514404,5.639999866485596,5.639999866485596,789600
2019-01-08,5.630000114440918,5.71999979019165,5.5,5.590000152587891,5.590000152587891,862600
2019-01-09,5.630000114440918,5.78000020980835,5.599999904632568,5.710000038146973,5.710000038146973,720300
2019-01-10,5.650000095367432,5.71999979019165,5.519999980926514,5.690000057220459,5.690000057220459,537500
2019-01-11,5.659999847412109,5.75,5.53000020980835,5.610000133514404,5.610000133514404,414300
2019-01-14,5.590000152587891,5.679999828338623,5.510000228881836,5.650000095367432,5.650000095367432,836300
2019-01-15,5.650000095367432,5.699999809265137,5.559999942779541,5.679999828338623,5.679999828338623,535500
2019-01-16,5.690000057220459,5.789999961853027,5.659999847412109,5.670000076293945,5.670000076293945,724100
2019-01-17,5.650000095367432,5.710000038146973,5.610000133514404,5.650000095367432,5.650000095367432,640700
2019-01-18,5.659999847412109,5.760000228881836,5.630000114440918,5.679999828338623,5.679999828338623,521800
2019-01-22,5.670000076293945,5.670000076293945,5.559999942779541,5.630000114440918,5.630000114440918,812300
2019-01-23,5.639999866485596,5.690000057220459,5.409999847412109,5.440000057220459,5.440000057220459,514900
2019-01-24,5.420000076293945,5.630000114440918,5.409999847412109,5.599999904632568,5.599999904632568,941000
2019-01-25,5.639999866485596,5.769999980926514,5.539999961853027,5.739999771118164,5.739999771118164,544600
2019-01-28,5.71999979019165,5.760000228881836,5.550000190734863,5.610000133514404,5.610000133514404,618900
2019-01-29,5.610000133514404,5.739999771118164,5.610000133514404,5.690000057220459,5.690000057220459,486600
2019-01-30,5.699999809265137,5.789999961853027,5.650000095367432,5.71999979019165,5.71999979019165,717400
2019-01-31,5.71999979019165,6.010000228881836,5.71999979019165,5.960000038146973,5.960000038146973,693500
2019-02-01,5.96999979019165,6.019999980926514,5.860000133514404,5.909999847412109,5.909999847412109,521700
2019-02-04,5.909999847412109,6.059999942779541,5.849999904632568,6.039999961853027,6.039999961853027,359700
2019-02-05,6.050000190734863,6.099999904632568,5.929999828338623,6.0,6.0,503600
2019-02-06,6.0,6.050000190734863,5.920000076293945,5.96999979019165,5.96999979019165,393500
2019-02-07,5.949999809265137,5.980000019073486,5.760000228881836,5.909999847412109,5.909999847412109,711000
2019-02-08,5.889999866485596,5.940000057220459,5.809999942779541,5.849999904632568,5.849999904632568,418600
2019-02-11,5.880000114440918,6.0,5.829999923706055,5.940000057220459,5.940000057220459,318600
2019-02-12,5.980000019073486,6.360000133514404,5.980000019073486,6.28000020980835,6.28000020980835,1071000
2019-02-13,6.260000228881836,6.420000076293945,6.170000076293945,6.409999847412109,6.409999847412109,834100
2019-02-14,6.380000114440918,6.46999979019165,6.230000019073486,6.25,6.25,735800
2019-02-15,6.300000190734863,6.480000019073486,6.260000228881836,6.46999979019165,6.46999979019165,609300
2019-02-19,6.489999771118164,6.570000171661377,6.489999771118164,6.53000020980835,6.53000020980835,449600
2019-02-20,6.550000190734863,6.699999809265137,6.519999980926514,6.659999847412109,6.659999847412109,580400
2019-02-21,6.650000095367432,6.710000038146973,6.519999980926514,6.599999904632568,6.599999904632568,431700
2019-02-22,6.639999866485596,6.670000076293945,6.510000228881836,6.599999904632568,6.599999904632568,823700
2019-02-25,6.619999885559082,6.639999866485596,6.420000076293945,6.429999828338623,6.429999828338623,965000
2019-02-26,6.389999866485596,6.400000095367432,6.099999904632568,6.300000190734863,6.300000190734863,2248800
2019-02-27,6.03000020980835,6.699999809265137,5.71999979019165,6.610000133514404,6.610000133514404,2455500
2019-02-28,6.570000171661377,6.650000095367432,6.239999771118164,6.510000228881836,6.510000228881836,1275600
2019-03-01,6.570000171661377,6.880000114440918,6.46999979019165,6.849999904632568,6.849999904632568,1242600
2019-03-04,6.829999923706055,6.840000152587891,6.489999771118164,6.590000152587891,6.590000152587891,650400
2019-03-05,6.599999904632568,6.710000038146973,6.579999923706055,6.590000152587891,6.590000152587891,569600
2019-03-06,6.630000114440918,6.630000114440918,6.389999866485596,6.440000057220459,6.440000057220459,524800
2019-03-07,6.400000095367432,6.570000171661377,6.340000152587891,6.480000019073486,6.480000019073486,581400
2019-03-08,6.449999809265137,6.519999980926514,6.420000076293945,6.480000019073486,6.480000019073486,547400
2019-03-11,6.489999771118164,6.489999771118164,6.369999885559082,6.400000095367432,6.400000095367432,745600
2019-03-12,6.260000228881836,6.539999961853027,6.230000019073486,6.409999847412109,6.409999847412109,577800
2019-03-13,5.869999885559082,6.46999979019165,5.849999904632568,6.28000020980835,6.28000020980835,935100
2019-03-14,6.28000020980835,6.340000152587891,6.130000114440918,6.170000076293945,6.170000076293945,634100
2019-03-15,6.199999809265137,6.320000171661377,6.090000152587891,6.119999885559082,6.119999885559082,1157500
2019-03-18,6.139999866485596,6.320000171661377,6.110000133514404,6.21999979019165,6.21999979019165,773200
2019-03-19,6.28000020980835,6.369999885559082,6.179999828338623,6.340000152587891,6.340000152587891,567300
2019-03-20,6.300000190734863,6.460000038146973,6.269999980926514,6.380000114440918,6.380000114440918,621200
2019-03-21,6.349999904632568,6.519999980926514,6.349999904632568,6.460000038146973,6.460000038146973,520700
2019-03-22,6.429999828338623,6.460000038146973,6.099999904632568,6.159999847412109,6.159999847412109,785900
2019-03-25,6.139999866485596,6.230000019073486,6.039999961853027,6.150000095367432,6.150000095367432,593200
2019-03-26,6.21999979019165,6.269999980926514,6.090000152587891,6.139999866485596,6.139999866485596,415900
2019-03-27,6.099999904632568,6.150000095367432,5.989999771118164,6.099999904632568,6.099999904632568,740400
2019-03-28,6.119999885559082,6.199999809265137,6.090000152587891,6.190000057220459,6.190000057220459,462300
2019-03-29,6.199999809265137,6.28000020980835,6.139999866485596,6.230000019073486,6.230000019073486,879400
2019-04-01,6.260000228881836,6.28000020980835,6.050000190734863,6.099999904632568,6.099999904632568,630300
2019-04-02,6.079999923706055,6.210000038146973,5.989999771118164,6.139999866485596,6.139999866485596,579000
2019-04-03,6.159999847412109,6.340000152587891,6.139999866485596,6.329999923706055,6.329999923706055,535300
2019-04-04,6.349999904632568,6.460000038146973,6.300000190734863,6.389999866485596,6.389999866485596,708100
2019-04-05,6.400000095367432,6.53000020980835,6.389999866485596,6.510000228881836,6.510000228881836,453500
2019-04-08,6.489999771118164,6.610000133514404,6.449999809265137,6.599999904632568,6.599999904632568,443800
2019-04-09,6.570000171661377,6.630000114440918,6.539999961853027,6.539999961853027,6.539999961853027,653800
2019-04-10,6.550000190734863,6.639999866485596,6.449999809265137,6.539999961853027,6.539999961853027,432000
2019-04-11,6.519999980926514,6.519999980926514,6.409999847412109,6.429999828338623,6.429999828338623,343300
2019-04-12,6.480000019073486,6.480000019073486,6.329999923706055,6.349999904632568,6.349999904632568,401300
2019-04-15,6.369999885559082,6.420000076293945,6.179999828338623,6.269999980926514,6.269999980926514,502800
2019-04-16,6.309999942779541,6.400000095367432,6.079999923706055,6.099999904632568,6.099999904632568,517600
2019-04-17,6.119999885559082,6.159999847412109,5.730000019073486,5.800000190734863,5.800000190734863,1006300
2019-04-18,5.800000190734863,5.880000114440918,5.659999847412109,5.75,5.75,447200
2019-04-22,5.71999979019165,5.949999809265137,5.679999828338623,5.900000095367432,5.900000095367432,623700
2019-04-23,5.920000076293945,6.170000076293945,5.900000095367432,6.070000171661377,6.070000171661377,636600
2019-04-24,6.099999904632568,6.179999828338623,5.989999771118164,6.03000020980835,6.03000020980835,760000
2019-04-25,6.0,6.070000171661377,5.880000114440918,6.010000228881836,6.010000228881836,275800
2019-04-26,6.0,6.079999923706055,5.940000057220459,6.039999961853027,6.039999961853027,240800
2019-04-29,6.050000190734863,6.199999809265137,6.019999980926514,6.099999904632568,6.099999904632568,338600
2019-04-30,6.110000133514404,6.170000076293945,6.059999942779541,6.130000114440918,6.130000114440918,447300
2019-05-01,6.170000076293945,6.25,6.119999885559082,6.130000114440918,6.130000114440918,429800
2019-05-02,6.119999885559082,6.329999923706055,6.050000190734863,6.329999923706055,6.329999923706055,451600
2019-05-03,6.360000133514404,6.409999847412109,6.139999866485596,6.190000057220459,6.190000057220459,1151300
2019-05-06,6.110000133514404,6.599999904632568,6.050000190734863,6.53000020980835,6.53000020980835,1615600
2019-05-07,6.46999979019165,6.610000133514404,6.389999866485596,6.570000171661377,6.570000171661377,769900
2019-05-08,6.0,6.0,5.139999866485596,5.730000019073486,5.730000019073486,4769500
2019-05-09,5.670000076293945,5.769999980926514,5.449999809265137,5.5,5.5,1492300
2019-05-10,5.5,5.670000076293945,5.420000076293945,5.539999961853027,5.539999961853027,1921600
2019-05-13,5.460000038146973,5.539999961853027,5.389999866485596,5.480000019073486,5.480000019073486,1312700
2019-05-14,5.53000020980835,5.730000019073486,5.440000057220459,5.460000038146973,5.460000038146973,1305900
2019-05-15,5.440000057220459,5.690000057220459,5.429999828338623,5.53000020980835,5.53000020980835,944100
2019-05-16,5.5,5.599999904632568,5.440000057220459,5.489999771118164,5.489999771118164,752400
2019-05-17,5.429999828338623,5.559999942779541,5.429999828338623,5.46999979019165,5.46999979019165,796500
2019-05-20,5.420000076293945,5.539999961853027,5.380000114440918,5.389999866485596,5.389999866485596,522700
2019-05-21,5.400000095367432,5.449999809265137,5.28000020980835,5.320000171661377,5.320000171661377,558000
2019-05-22,5.309999942779541,5.369999885559082,5.239999771118164,5.25,5.25,534400
2019-05-23,5.190000057220459,5.25,4.949999809265137,5.110000133514404,5.110000133514404,1532900
2019-05-24,5.119999885559082,5.25,4.989999771118164,5.190000057220459,5.190000057220459,1200600
2019-05-28,5.199999809265137,5.420000076293945,5.179999828338623,5.210000038146973,5.210000038146973,802400
2019-05-29,5.170000076293945,5.210000038146973,4.989999771118164,5.010000228881836,5.010000228881836,995700
2019-05-30,5.0,5.070000171661377,4.869999885559082,4.940000057220459,4.940000057220459,1077500
2019-05-31,4.849999904632568,4.900000095367432,4.679999828338623,4.690000057220459,4.690000057220459,587200
2019-06-03,4.659999847412109,4.710000038146973,4.489999771118164,4.510000228881836,4.510000228881836,1797400
2019-06-04,4.599999904632568,4.789999961853027,4.559999942779541,4.699999809265137,4.699999809265137,2465600
2019-06-05,4.889999866485596,4.980000019073486,4.760000228881836,4.800000190734863,4.800000190734863,1642800
2019-06-06,4.78000020980835,4.849999904632568,4.670000076293945,4.75,4.75,683500
2019-06-07,4.769999980926514,4.820000171661377,4.659999847412109,4.690000057220459,4.690000057220459,748200
2019-06-10,4.71999979019165,4.840000152587891,4.639999866485596,4.650000095367432,4.650000095367432,784500
2019-06-11,4.690000057220459,4.71999979019165,4.489999771118164,4.559999942779541,4.559999942779541,2188000
2019-06-12,4.559999942779541,4.75,4.559999942779541,4.679999828338623,4.679999828338623,1415500
2019-06-13,4.670000076293945,4.71999979019165,4.630000114440918,4.659999847412109,4.659999847412109,632000
2019-06-14,4.650000095367432,4.670000076293945,4.550000190734863,4.559999942779541,4.559999942779541,506700
2019-06-17,4.570000171661377,4.880000114440918,4.559999942779541,4.760000228881836,4.760000228881836,1114400
2019-06-18,4.760000228881836,4.929999828338623,4.760000228881836,4.820000171661377,4.820000171661377,778300
2019-06-19,4.809999942779541,4.96999979019165,4.809999942779541,4.920000076293945,4.920000076293945,607600
2019-06-20,4.980000019073486,5.070000171661377,4.949999809265137,4.989999771118164,4.989999771118164,611200
2019-06-21,4.960000038146973,4.989999771118164,4.849999904632568,4.949999809265137,4.949999809265137,1197900
2019-06-24,4.929999828338623,4.980000019073486,4.809999942779541,4.809999942779541,4.809999942779541,462800
2019-06-25,4.820000171661377,4.960000038146973,4.820000171661377,4.889999866485596,4.889999866485596,532500
2019-06-26,4.900000095367432,4.929999828338623,4.800000190734863,4.800000190734863,4.800000190734863,556000
2019-06-27,4.809999942779541,4.960000038146973,4.800000190734863,4.940000057220459,4.940000057220459,773100
2019-06-28,4.940000057220459,5.659999847412109,4.940000057220459,5.619999885559082,5.619999885559082,7666500
2019-07-01,5.639999866485596,5.690000057220459,5.340000152587891,5.380000114440918,5.380000114440918,1023300
2019-07-02,5.360000133514404,5.440000057220459,5.190000057220459,5.21999979019165,5.21999979019165,601900
2019-07-03,5.25,5.269999980926514,5.199999809265137,5.25,5.25,251400
2019-07-05,5.300000190734863,5.440000057220459,5.269999980926514,5.400000095367432,5.400000095367432,647800
2019-07-08,5.400000095367432,5.449999809265137,5.320000171661377,5.360000133514404,5.360000133514404,587900
2019-07-09,5.309999942779541,5.360000133514404,5.260000228881836,5.320000171661377,5.320000171661377,1276900
2019-07-10,5.360000133514404,5.440000057220459,5.300000190734863,5.429999828338623,5.429999828338623,538500
2019-07-11,5.400000095367432,5.53000020980835,5.329999923706055,5.5,5.5,847300
2019-07-12,5.519999980926514,5.539999961853027,5.400000095367432,5.510000228881836,5.510000228881836,642600
2019-07-15,5.510000228881836,5.539999961853027,5.409999847412109,5.5,5.5,413800
2019-07-16,5.5,5.53000020980835,5.409999847412109,5.489999771118164,5.489999771118164,450400
2019-07-17,5.480000019073486,5.650000095367432,5.329999923706055,5.579999923706055,5.579999923706055,1048500
2019-07-18,5.610000133514404,5.619999885559082,5.510000228881836,5.610000133514404,5.610000133514404,781000
2019-07-19,5.579999923706055,5.610000133514404,5.5,5.519999980926514,5.519999980926514,925900
2019-07-22,5.550000190734863,5.71999979019165,5.5,5.639999866485596,5.639999866485596,707100
2019-07-23,5.650000095367432,5.75,5.579999923706055,5.699999809265137,5.699999809265137,777600
2019-07-24,5.630000114440918,5.849999904632568,5.570000171661377,5.840000152587891,5.840000152587891,948600
2019-07-25,5.880000114440918,5.880000114440918,5.679999828338623,5.690000057220459,5.690000057220459,731300
2019-07-26,5.730000019073486,5.940000057220459,5.679999828338623,5.889999866485596,5.889999866485596,746800
2019-07-29,5.900000095367432,5.920000076293945,5.710000038146973,5.889999866485596,5.889999866485596,726100
2019-07-30,5.840000152587891,6.110000133514404,5.809999942779541,6.050000190734863,6.050000190734863,1455600
2019-07-31,6.03000020980835,6.150000095367432,5.75,5.849999904632568,5.849999904632568,1587200
2019-08-01,5.829999923706055,5.889999866485596,5.650000095367432,5.849999904632568,5.849999904632568,1730500
2019-08-02,5.550000190734863,5.789999961853027,5.28000020980835,5.340000152587891,5.340000152587891,1701400
2019-08-05,5.260000228881836,5.269999980926514,4.909999847412109,5.03000020980835,5.03000020980835,1164200
2019-08-06,5.010000228881836,5.159999847412109,4.820000171661377,5.059999942779541,5.059999942779541,1402100
2019-08-07,5.03000020980835,5.050000190734863,4.909999847412109,5.039999961853027,5.039999961853027,581700
2019-08-08,5.090000152587891,5.289999961853027,5.090000152587891,5.25,5.25,662900
2019-08-09,5.269999980926514,5.340000152587891,5.170000076293945,5.230000019073486,5.230000019073486,610900
2019-08-12,5.199999809265137,5.349999904632568,5.159999847412109,5.309999942779541,5.309999942779541,606200
2019-08-13,5.309999942779541,5.449999809265137,5.260000228881836,5.329999923706055,5.329999923706055,683900
2019-08-14,5.230000019073486,5.329999923706055,5.170000076293945,5.21999979019165,5.21999979019165,555000
2019-08-15,5.230000019073486,5.239999771118164,5.139999866485596,5.210000038146973,5.210000038146973,399700
2019-08-16,5.25,5.519999980926514,5.230000019073486,5.480000019073486,5.480000019073486,1200600
2019-08-19,5.550000190734863,5.610000133514404,5.46999979019165,5.570000171661377,5.570000171661377,729900
2019-08-20,5.559999942779541,5.579999923706055,5.409999847412109,5.429999828338623,5.429999828338623,865600
2019-08-21,5.5,5.559999942779541,5.420000076293945,5.510000228881836,5.510000228881836,708000
2019-08-22,5.550000190734863,5.550000190734863,5.340000152587891,5.400000095367432,5.400000095367432,502800
2019-08-23,5.440000057220459,5.460000038146973,5.190000057220459,5.28000020980835,5.28000020980835,1000100
2019-08-26,5.360000133514404,5.360000133514404,5.159999847412109,5.25,5.25,538000
2019-08-27,5.28000020980835,5.329999923706055,5.139999866485596,5.210000038146973,5.210000038146973,580200
2019-08-28,5.349999904632568,5.409999847412109,5.179999828338623,5.329999923706055,5.329999923706055,1047800
2019-08-29,5.400000095367432,5.449999809265137,5.25,5.329999923706055,5.329999923706055,717900
2019-08-30,5.349999904632568,5.46999979019165,5.329999923706055,5.369999885559082,5.369999885559082,862600
2019-09-03,5.340000152587891,5.340000152587891,5.21999979019165,5.28000020980835,5.28000020980835,552000
2019-09-04,5.309999942779541,5.309999942779541,5.03000020980835,5.03000020980835,5.03000020980835,1212500
2019-09-05,5.090000152587891,5.179999828338623,4.989999771118164,5.130000114440918,5.130000114440918,644400
2019-09-06,5.150000095367432,5.179999828338623,5.039999961853027,5.050000190734863,5.050000190734863,531400
2019-09-09,5.059999942779541,5.059999942779541,4.929999828338623,4.960000038146973,4.960000038146973,619400
2019-09-10,4.96999979019165,5.199999809265137,4.809999942779541,5.150000095367432,5.150000095367432,785200
2019-09-11,5.199999809265137,5.400000095367432,5.150000095367432,5.389999866485596,5.389999866485596,1056400
2019-09-12,5.400000095367432,5.440000057220459,5.199999809265137,5.269999980926514,5.269999980926514,494300
2019-09-13,5.300000190734863,5.400000095367432,5.239999771118164,5.320000171661377,5.320000171661377,781100
2019-09-16,5.28000020980835,5.5,5.230000019073486,5.380000114440918,5.380000114440918,1017900
2019-09-17,5.360000133514404,5.420000076293945,5.210000038146973,5.28000020980835,5.28000020980835,820700
2019-09-18,5.289999961853027,5.329999923706055,5.260000228881836,5.300000190734863,5.300000190734863,522600
2019-09-19,5.289999961853027,5.389999866485596,5.25,5.309999942779541,5.309999942779541,373500
2019-09-20,5.309999942779541,5.349999904632568,5.21999979019165,5.329999923706055,5.329999923706055,859800
2019-09-23,5.309999942779541,5.369999885559082,5.210000038146973,5.25,5.25,355500
2019-09-24,5.260000228881836,5.300000190734863,4.949999809265137,4.96999979019165,4.96999979019165,811800
2019-09-25,4.960000038146973,5.139999866485596,4.869999885559082,5.099999904632568,5.099999904632568,1094500
2019-09-26,5.139999866485596,5.139999866485596,4.889999866485596,4.949999809265137,4.949999809265137,606500
2019-09-27,4.949999809265137,5.039999961853027,4.78000020980835,4.860000133514404,4.860000133514404,685700
2019-09-30,5.019999980926514,5.320000171661377,4.860000133514404,5.159999847412109,5.159999847412109,2477800
2019-10-01,5.159999847412109,5.179999828338623,4.809999942779541,4.860000133514404,4.860000133514404,1420500
2019-10-02,4.789999961853027,4.789999961853027,4.610000133514404,4.769999980926514,4.769999980926514,1648000
2019-10-03,4.769999980926514,4.800000190734863,4.639999866485596,4.71999979019165,4.71999979019165,854700
2019-10-04,4.739999771118164,4.800000190734863,4.590000152587891,4.650000095367432,4.650000095367432,714000
2019-10-07,4.650000095367432,4.710000038146973,4.590000152587891,4.619999885559082,4.619999885559082,615000
2019-10-08,4.550000190734863,4.619999885559082,4.409999847412109,4.449999809265137,4.449999809265137,947800
2019-10-09,4.460000038146973,4.53000020980835,4.420000076293945,4.489999771118164,4.489999771118164,950000
2019-10-10,4.5,4.519999980926514,4.320000171661377,4.440000057220459,4.440000057220459,931900
2019-10-11,4.46999979019165,4.579999923706055,4.400000095367432,4.489999771118164,4.489999771118164,684400
2019-10-14,4.510000228881836,4.510000228881836,4.289999961853027,4.300000190734863,4.300000190734863,563500
2019-10-15,4.300000190734863,4.559999942779541,4.300000190734863,4.510000228881836,4.510000228881836,1093900
2019-10-16,4.519999980926514,4.550000190734863,4.380000114440918,4.409999847412109,4.409999847412109,718200
2019-10-17,4.429999828338623,4.460000038146973,4.380000114440918,4.449999809265137,4.449999809265137,690200
2019-10-18,4.409999847412109,4.559999942779541,4.389999866485596,4.46999979019165,4.46999979019165,609400
2019-10-21,4.550000190734863,4.550000190734863,4.440000057220459,4.489999771118164,4.489999771118164,591000
2019-10-22,4.5,4.519999980926514,4.400000095367432,4.409999847412109,4.409999847412109,577100
2019-10-23,4.440000057220459,4.46999979019165,4.340000152587891,4.409999847412109,4.409999847412109,756400
2019-10-24,4.440000057220459,4.440000057220459,4.329999923706055,4.380000114440918,4.380000114440918,466900
2019-10-25,4.340000152587891,4.400000095367432,4.329999923706055,4.400000095367432,4.400000095367432,525400
2019-10-28,4.400000095367432,4.550000190734863,4.400000095367432,4.539999961853027,4.539999961853027,1049200
2019-10-29,4.550000190734863,4.579999923706055,4.46999979019165,4.550000190734863,4.550000190734863,916600
2019-10-30,4.550000190734863,4.570000171661377,4.400000095367432,4.5,4.5,1099500
2019-10-31,4.170000076293945,4.449999809265137,3.950000047683716,4.349999904632568,4.349999904632568,1441900
2019-11-01,4.360000133514404,4.679999828338623,4.340000152587891,4.639999866485596,4.639999866485596,1011900
2019-11-04,4.650000095367432,4.659999847412109,4.360000133514404,4.380000114440918,4.380000114440918,917800
2019-11-05,4.380000114440918,4.420000076293945,4.28000020980835,4.329999923706055,4.329999923706055,1193000
2019-11-06,4.329999923706055,4.360000133514404,4.159999847412109,4.179999828338623,4.179999828338623,1100800
2019-11-07,4.150000095367432,4.25,4.019999980926514,4.239999771118164,4.239999771118164,1249700
2019-11-08,4.119999885559082,4.210000038146973,4.099999904632568,4.110000133514404,4.110000133514404,612600
2019-11-11,4.050000190734863,4.110000133514404,3.950000047683716,4.090000152587891,4.090000152587891,859200
2019-11-12,4.050000190734863,4.360000133514404,4.050000190734863,4.28000020980835,4.28000020980835,1348800
2019-11-13,4.510000228881836,4.599999904632568,4.25,4.309999942779541,4.309999942779541,1184600
2019-11-14,4.340000152587891,4.389999866485596,4.260000228881836,4.340000152587891,4.340000152587891,815000
2019-11-15,4.369999885559082,4.53000020980835,4.329999923706055,4.46999979019165,4.46999979019165,1395300
2019-11-18,4.480000019073486,4.480000019073486,4.320000171661377,4.369999885559082,4.369999885559082,698000
2019-11-19,4.400000095367432,4.409999847412109,4.300000190734863,4.320000171661377,4.320000171661377,832600
2019-11-20,4.300000190734863,4.429999828338623,4.300000190734863,4.340000152587891,4.340000152587891,1159800
2019-11-21,4.349999904632568,4.420000076293945,4.28000020980835,4.320000171661377,4.320000171661377,588000
2019-11-22,4.329999923706055,4.329999923706055,4.190000057220459,4.21999979019165,4.21999979019165,732800
2019-11-25,4.260000228881836,4.289999961853027,4.130000114440918,4.170000076293945,4.170000076293945,1214800
2019-11-26,4.170000076293945,4.170000076293945,4.070000171661377,4.119999885559082,4.119999885559082,967400
2019-11-27,4.139999866485596,4.170000076293945,4.059999942779541,4.139999866485596,4.139999866485596,1267100
2019-11-29,4.150000095367432,4.360000133514404,4.150000095367432,4.340000152587891,4.340000152587891,506400
2019-12-02,4.289999961853027,4.360000133514404,4.139999866485596,4.179999828338623,4.179999828338623,915400
2019-12-03,4.119999885559082,4.289999961853027,4.119999885559082,4.199999809265137,4.199999809265137,679100
2019-12-04,4.21999979019165,4.25,4.170000076293945,4.179999828338623,4.179999828338623,470800
2019-12-05,4.199999809265137,4.210000038146973,4.070000171661377,4.079999923706055,4.079999923706055,543900
2019-12-06,4.139999866485596,4.139999866485596,3.990000009536743,4.090000152587891,4.090000152587891,733600
2019-12-09,4.079999923706055,4.079999923706055,3.8299999237060547,3.869999885559082,3.869999885559082,1263200
2019-12-10,3.8399999141693115,3.890000104904175,3.700000047683716,3.8399999141693115,3.8399999141693115,812300
2019-12-11,3.859999895095825,3.869999885559082,3.75,3.8499999046325684,3.8499999046325684,741700
2019-12-12,3.880000114440918,4.039999961853027,3.859999895095825,4.03000020980835,4.03000020980835,1334600
2019-12-13,4.03000020980835,4.130000114440918,3.990000009536743,3.990000009536743,3.990000009536743,840200
2019-12-16,4.010000228881836,4.03000020980835,3.940000057220459,3.9600000381469727,3.9600000381469727,574300
2019-12-17,3.990000009536743,4.150000095367432,3.9200000762939453,4.110000133514404,4.110000133514404,1095200
2019-12-18,4.170000076293945,4.260000228881836,4.090000152587891,4.21999979019165,4.21999979019165,1003400
2019-12-19,4.21999979019165,4.21999979019165,4.110000133514404,4.150000095367432,4.150000095367432,661300
2019-12-20,4.150000095367432,4.199999809265137,4.079999923706055,4.159999847412109,4.159999847412109,1558900
2019-12-23,4.159999847412109,4.329999923706055,4.050000190734863,4.25,4.25,1271300
2019-12-24,4.25,4.340000152587891,4.21999979019165,4.340000152587891,4.340000152587891,520100
2019-12-26,4.349999904632568,4.380000114440918,4.25,4.28000020980835,4.28000020980835,806600
2019-12-27,4.28000020980835,4.300000190734863,4.21999979019165,4.28000020980835,4.28000020980835,699300
2019-12-30,4.300000190734863,4.309999942779541,4.119999885559082,4.130000114440918,4.130000114440918,512600
2019-12-31,4.090000152587891,4.230000019073486,4.070000171661377,4.21999979019165,4.21999979019165,620900
2020-01-02,4.25,4.260000228881836,4.099999904632568,4.25,4.25,774300
2020-01-03,4.150000095367432,4.360000133514404,4.150000095367432,4.309999942779541,4.309999942779541,825800
2020-01-06,4.260000228881836,4.489999771118164,4.260000228881836,4.460000038146973,4.460000038146973,779900
2020-01-07,4.5,4.829999923706055,4.46999979019165,4.71999979019165,4.71999979019165,1950100
2020-01-08,4.710000038146973,4.78000020980835,4.5,4.519999980926514,4.519999980926514,667100
2020-01-09,4.519999980926514,4.690000057220459,4.449999809265137,4.599999904632568,4.599999904632568,624100
2020-01-10,4.659999847412109,4.739999771118164,4.539999961853027,4.679999828338623,4.679999828338623,974300
2020-01-13,4.78000020980835,4.820000171661377,4.289999961853027,4.309999942779541,4.309999942779541,1338300
2020-01-14,4.289999961853027,4.429999828338623,4.21999979019165,4.360000133514404,4.360000133514404,842900
2020-01-15,4.360000133514404,4.420000076293945,4.25,4.309999942779541,4.309999942779541,925300
2020-01-16,4.340000152587891,4.369999885559082,4.059999942779541,4.199999809265137,4.199999809265137,1281900
2020-01-17,4.239999771118164,4.28000020980835,4.019999980926514,4.070000171661377,4.070000171661377,1121000
2020-01-21,4.409999847412109,4.53000020980835,4.170000076293945,4.480000019073486,4.480000019073486,2306400
2020-01-22,4.480000019073486,4.519999980926514,4.25,4.300000190734863,4.300000190734863,1113800
2020-01-23,4.480000019073486,4.619999885559082,4.239999771118164,4.480000019073486,4.480000019073486,3550500
2020-01-24,4.5,4.690000057220459,4.480000019073486,4.570000171661377,4.570000171661377,1807500
2020-01-27,4.670000076293945,4.699999809265137,4.420000076293945,4.489999771118164,4.489999771118164,1484800
2020-01-28,4.489999771118164,4.519999980926514,4.119999885559082,4.150000095367432,4.150000095367432,1521300
2020-01-29,4.28000020980835,4.389999866485596,4.150000095367432,4.21999979019165,4.21999979019165,5995400
2020-01-30,4.170000076293945,4.28000020980835,4.119999885559082,4.170000076293945,4.170000076293945,2124600
2020-01-31,4.139999866485596,4.210000038146973,3.940000057220459,4.010000228881836,4.010000228881836,1699200
2020-02-03,4.070000171661377,4.389999866485596,4.070000171661377,4.28000020980835,4.28000020980835,1519000
2020-02-04,4.380000114440918,4.880000114440918,4.380000114440918,4.809999942779541,4.809999942779541,3161100
2020-02-05,4.869999885559082,4.96999979019165,4.659999847412109,4.929999828338623,4.929999828338623,3896400
2020-02-06,4.949999809265137,5.130000114440918,4.809999942779541,4.940000057220459,4.940000057220459,2260200
2020-02-07,4.980000019073486,5.039999961853027,4.880000114440918,4.960000038146973,4.960000038146973,2701000
2020-02-10,4.909999847412109,4.96999979019165,4.710000038146973,4.760000228881836,4.760000228881836,1407200
2020-02-11,4.769999980926514,4.820000171661377,4.659999847412109,4.71999979019165,4.71999979019165,1292000
2020-02-12,4.760000228881836,4.800000190734863,4.670000076293945,4.690000057220459,4.690000057220459,827800
2020-02-13,4.659999847412109,4.929999828338623,4.610000133514404,4.820000171661377,4.820000171661377,3157600
2020-02-14,4.829999923706055,4.989999771118164,4.739999771118164,4.900000095367432,4.900000095367432,1562600
2020-02-18,4.980000019073486,5.050000190734863,4.71999979019165,4.789999961853027,4.789999961853027,1282600
2020-02-19,4.829999923706055,5.239999771118164,4.730000019073486,5.210000038146973,5.210000038146973,2483100
2020-02-20,5.199999809265137,5.449999809265137,4.989999771118164,5.409999847412109,5.409999847412109,2317500
2020-02-21,5.269999980926514,5.400000095367432,5.059999942779541,5.159999847412109,5.159999847412109,1961100
2020-02-24,4.989999771118164,5.159999847412109,4.849999904632568,5.03000020980835,5.03000020980835,2670400
2020-02-25,5.099999904632568,5.130000114440918,4.809999942779541,4.900000095367432,4.900000095367432,2019700
2020-02-26,5.070000171661377,5.289999961853027,4.940000057220459,5.25,5.25,3920700
2020-02-27,5.5,5.5,5.050000190734863,5.179999828338623,5.179999828338623,2725000
2020-02-28,5.03000020980835,5.21999979019165,4.849999904632568,5.139999866485596,5.139999866485596,2708400
2020-03-02,5.190000057220459,5.190000057220459,4.860000133514404,5.110000133514404,5.110000133514404,2103400
2020-03-03,5.110000133514404,5.199999809265137,4.960000038146973,5.03000020980835,5.03000020980835,1476800
2020-03-04,5.090000152587891,5.449999809265137,5.039999961853027,5.369999885559082,5.369999885559082,2053300
2020-03-05,5.329999923706055,5.440000057220459,5.179999828338623,5.28000020980835,5.28000020980835,1476900
2020-03-06,5.190000057220459,5.679999828338623,5.159999847412109,5.489999771118164,5.489999771118164,2518200
2020-03-09,5.289999961853027,5.289999961853027,4.889999866485596,4.960000038146973,4.960000038146973,1675600
2020-03-10,5.099999904632568,5.170000076293945,4.940000057220459,5.159999847412109,5.159999847412109,1160100
2020-03-11,5.050000190734863,5.130000114440918,4.639999866485596,4.760000228881836,4.760000228881836,1926700
2020-03-12,4.420000076293945,4.519999980926514,3.930000066757202,4.03000020980835,4.03000020980835,1937200
2020-03-13,4.119999885559082,4.269999980926514,3.619999885559082,4.110000133514404,4.110000133514404,2248200
2020-03-16,3.640000104904175,3.75,3.430000066757202,3.640000104904175,3.640000104904175,1670000
2020-03-17,3.619999885559082,3.759999990463257,3.309999942779541,3.75,3.75,3180400
2020-03-18,3.509999990463257,3.5399999618530273,2.7100000381469727,2.869999885559082,2.869999885559082,3398200
2020-03-19,2.940000057220459,3.450000047683716,2.9100000858306885,3.1600000858306885,3.1600000858306885,2348600
2020-03-20,3.25,3.4700000286102295,3.130000114440918,3.1700000762939453,3.1700000762939453,3680700
2020-03-23,3.2799999713897705,3.6600000858306885,3.200000047683716,3.4600000381469727,3.4600000381469727,1802800
2020-03-24,3.7100000381469727,3.890000104904175,3.5399999618530273,3.8499999046325684,3.8499999046325684,1481200
2020-03-25,3.930000066757202,4.349999904632568,3.819999933242798,4.039999961853027,4.039999961853027,1776600
2020-03-26,4.329999923706055,4.53000020980835,4.190000057220459,4.360000133514404,4.360000133514404,1931800
2020-03-27,4.170000076293945,4.559999942779541,3.9700000286102295,4.329999923706055,4.329999923706055,2009300
2020-03-30,4.440000057220459,4.699999809265137,4.340000152587891,4.670000076293945,4.670000076293945,1623100
2020-03-31,4.639999866485596,4.739999771118164,4.429999828338623,4.650000095367432,4.650000095367432,2148300
2020-04-01,4.75,4.75,4.429999828338623,4.5,4.5,1780600
2020-04-02,4.550000190734863,4.670000076293945,4.360000133514404,4.53000020980835,4.53000020980835,2157100
2020-04-03,4.519999980926514,4.619999885559082,4.429999828338623,4.570000171661377,4.570000171661377,1380000
2020-04-06,4.699999809265137,5.079999923706055,4.699999809265137,4.860000133514404,4.860000133514404,2110400
2020-04-07,4.929999828338623,5.03000020980835,4.71999979019165,4.820000171661377,4.820000171661377,1359700
2020-04-08,4.900000095367432,5.25,4.840000152587891,5.010000228881836,5.010000228881836,2198400
2020-04-09,5.139999866485596,5.21999979019165,4.96999979019165,5.199999809265137,5.199999809265137,1176400
2020-04-13,5.139999866485596,5.239999771118164,4.96999979019165,5.179999828338623,5.179999828338623,1131300
2020-04-14,5.25,5.360000133514404,5.190000057220459,5.210000038146973,5.210000038146973,1426100
2020-04-15,4.989999771118164,5.150000095367432,4.869999885559082,5.03000020980835,5.03000020980835,1321900
2020-04-16,5.079999923706055,5.150000095367432,4.889999866485596,5.139999866485596,5.139999866485596,1386800
2020-04-17,5.199999809265137,5.300000190734863,5.039999961853027,5.269999980926514,5.269999980926514,1482100
2020-04-20,5.139999866485596,5.460000038146973,5.090000152587891,5.440000057220459,5.440000057220459,2601800
2020-04-21,5.5,5.5,5.130000114440918,5.150000095367432,5.150000095367432,1265900
2020-04-22,5.25,5.489999771118164,5.199999809265137,5.320000171661377,5.320000171661377,1586000
2020-04-23,5.309999942779541,5.480000019073486,5.269999980926514,5.369999885559082,5.369999885559082,949600
2020-04-24,5.400000095367432,5.800000190734863,5.400000095367432,5.659999847412109,5.659999847412109,1519200
2020-04-27,5.710000038146973,6.400000095367432,5.650000095367432,6.159999847412109,6.159999847412109,2519700
2020-04-28,6.309999942779541,6.309999942779541,5.809999942779541,6.010000228881836,6.010000228881836,1989800
2020-04-29,6.190000057220459,6.190000057220459,5.949999809265137,6.139999866485596,6.139999866485596,1809100
2020-04-30,6.28000020980835,6.5,6.119999885559082,6.150000095367432,6.150000095367432,2299600
2020-05-01,6.0,6.039999961853027,5.519999980926514,5.619999885559082,5.619999885559082,1815600
2020-05-04,5.760000228881836,5.900000095367432,5.119999885559082,5.199999809265137,5.199999809265137,2897800
2020-05-05,5.329999923706055,5.5,5.199999809265137,5.340000152587891,5.340000152587891,2271400
2020-05-06,5.239999771118164,5.650000095367432,5.21999979019165,5.309999942779541,5.309999942779541,2613200
2020-05-07,5.409999847412109,5.659999847412109,5.289999961853027,5.559999942779541,5.559999942779541,2119700
2020-05-08,5.659999847412109,5.670000076293945,5.460000038146973,5.46999979019165,5.46999979019165,1459500
2020-05-11,5.420000076293945,5.53000020980835,5.349999904632568,5.460000038146973,5.460000038146973,1793600
2020-05-12,5.730000019073486,5.789999961853027,5.559999942779541,5.590000152587891,5.590000152587891,3816600
2020-05-13,5.670000076293945,5.679999828338623,5.110000133514404,5.239999771118164,5.239999771118164,1957700
2020-05-14,5.130000114440918,5.340000152587891,5.050000190734863,5.21999979019165,5.21999979019165,1593600
2020-05-15,5.170000076293945,5.260000228881836,5.070000171661377,5.239999771118164,5.239999771118164,984300
2020-05-18,5.400000095367432,5.579999923706055,5.369999885559082,5.489999771118164,5.489999771118164,2320800
2020-05-19,5.449999809265137,5.489999771118164,5.289999961853027,5.300000190734863,5.300000190734863,1029900
2020-05-20,5.380000114440918,5.550000190734863,5.320000171661377,5.510000228881836,5.510000228881836,1312100
2020-05-21,5.489999771118164,5.630000114440918,5.429999828338623,5.559999942779541,5.559999942779541,1270200
2020-05-22,5.570000171661377,5.929999828338623,5.460000038146973,5.920000076293945,5.920000076293945,2231000
2020-05-26,6.019999980926514,6.190000057220459,5.900000095367432,5.960000038146973,5.960000038146973,2505000
2020-05-27,6.070000171661377,6.070000171661377,5.699999809265137,5.949999809265137,5.949999809265137,1906000
2020-05-28,5.989999771118164,6.25,5.949999809265137,6.079999923706055,6.079999923706055,1872400
2020-05-29,6.039999961853027,6.230000019073486,5.980000019073486,6.21999979019165,6.21999979019165,1676300
2020-06-01,6.190000057220459,6.650000095367432,6.179999828338623,6.489999771118164,6.489999771118164,2408600
2020-06-02,6.489999771118164,6.559999942779541,6.210000038146973,6.409999847412109,6.409999847412109,1554700
2020-06-03,6.429999828338623,6.53000020980835,6.329999923706055,6.369999885559082,6.369999885559082,1444100
2020-06-04,6.289999961853027,6.349999904632568,5.829999923706055,5.849999904632568,5.849999904632568,1644800
2020-06-05,6.0,6.21999979019165,5.71999979019165,5.900000095367432,5.900000095367432,2002000
2020-06-08,5.880000114440918,6.039999961853027,5.789999961853027,5.840000152587891,5.840000152587891,993600
2020-06-09,5.769999980926514,5.940000057220459,5.679999828338623,5.829999923706055,5.829999923706055,1111100
2020-06-10,5.829999923706055,6.71999979019165,5.820000171661377,6.659999847412109,6.659999847412109,5908400
2020-06-11,6.349999904632568,6.369999885559082,5.590000152587891,5.599999904632568,5.599999904632568,3615300
2020-06-12,5.940000057220459,6.119999885559082,5.75,6.039999961853027,6.039999961853027,2513700
2020-06-15,5.920000076293945,6.369999885559082,5.840000152587891,6.300000190734863,6.300000190734863,1883200
2020-06-16,6.449999809265137,6.849999904632568,6.159999847412109,6.269999980926514,6.269999980926514,5435700
2020-06-17,6.300000190734863,6.369999885559082,6.119999885559082,6.179999828338623,6.179999828338623,1337200
2020-06-18,6.150000095367432,6.329999923706055,6.110000133514404,6.170000076293945,6.170000076293945,1089400
2020-06-19,6.25,6.489999771118164,6.210000038146973,6.320000171661377,6.320000171661377,2791500
2020-06-22,6.309999942779541,6.550000190734863,6.210000038146973,6.550000190734863,6.550000190734863,1832400
2020-06-23,6.650000095367432,6.829999923706055,6.570000171661377,6.75,6.75,2346300
2020-06-24,6.679999828338623,6.849999904632568,6.579999923706055,6.659999847412109,6.659999847412109,1699300
2020-06-25,6.610000133514404,7.050000190734863,6.510000228881836,7.019999980926514,7.019999980926514,2778100
2020-06-26,6.980000019073486,7.170000076293945,6.840000152587891,6.860000133514404,6.860000133514404,3516100
2020-06-29,6.900000095367432,6.900000095367432,6.369999885559082,6.519999980926514,6.519999980926514,1799000
2020-06-30,6.480000019073486,6.630000114440918,6.340000152587891,6.599999904632568,6.599999904632568,1602100
2020-07-01,6.579999923706055,6.840000152587891,6.53000020980835,6.760000228881836,6.760000228881836,1133100
2020-07-02,6.829999923706055,6.900000095367432,6.630000114440918,6.760000228881836,6.760000228881836,1262400
2020-07-06,6.869999885559082,7.03000020980835,6.800000190734863,6.860000133514404,6.860000133514404,1447200
2020-07-07,7.210000038146973,7.489999771118164,6.940000057220459,7.119999885559082,7.119999885559082,4457900
2020-07-08,7.130000114440918,7.239999771118164,6.829999923706055,7.070000171661377,7.070000171661377,1547900
2020-07-09,7.070000171661377,7.130000114440918,6.820000171661377,7.0,7.0,1498900
2020-07-10,6.949999809265137,7.0,6.820000171661377,6.829999923706055,6.829999923706055,1357300
2020-07-13,6.96999979019165,7.309999942779541,6.699999809265137,6.71999979019165,6.71999979019165,2992100
2020-07-14,6.710000038146973,6.840000152587891,6.409999847412109,6.679999828338623,6.679999828338623,2028100
2020-07-15,6.78000020980835,6.940000057220459,6.679999828338623,6.809999942779541,6.809999942779541,2025900
2020-07-16,6.710000038146973,6.769999980926514,6.489999771118164,6.559999942779541,6.559999942779541,1535400
2020-07-17,6.570000171661377,6.789999961853027,6.5,6.769999980926514,6.769999980926514,1756700
2020-07-20,6.699999809265137,7.050000190734863,6.650000095367432,6.880000114440918,6.880000114440918,1284300
2020-07-21,6.949999809265137,7.050000190734863,6.730000019073486,6.769999980926514,6.769999980926514,1201400
2020-07-22,6.75,6.820000171661377,6.619999885559082,6.679999828338623,6.679999828338623,1092100
2020-07-23,6.639999866485596,6.900000095367432,6.590000152587891,6.610000133514404,6.610000133514404,1434900
2020-07-24,6.519999980926514,6.710000038146973,6.380000114440918,6.539999961853027,6.539999961853027,1484400
2020-07-27,6.599999904632568,6.840000152587891,6.53000020980835,6.800000190734863,6.800000190734863,1687500
2020-07-28,6.769999980926514,6.940000057220459,6.710000038146973,6.769999980926514,6.769999980926514,1233500
2020-07-29,6.800000190734863,7.130000114440918,6.800000190734863,7.019999980926514,7.019999980926514,1687000
2020-07-30,7.110000133514404,7.429999828338623,6.880000114440918,7.190000057220459,7.190000057220459,3562700
2020-07-31,7.039999961853027,7.199999809265137,6.960000038146973,7.130000114440918,7.130000114440918,1306500
2020-08-03,7.139999866485596,7.440000057220459,7.090000152587891,7.409999847412109,7.409999847412109,1622100
2020-08-04,7.429999828338623,7.559999942779541,7.210000038146973,7.46999979019165,7.46999979019165,1500100
2020-08-05,7.5,7.519999980926514,7.139999866485596,7.28000020980835,7.28000020980835,1752900
2020-08-06,7.239999771118164,7.25,6.909999847412109,7.099999904632568,7.099999904632568,1549200
2020-08-07,7.21999979019165,7.230000019073486,7.0,7.059999942779541,7.059999942779541,1185800
2020-08-10,7.010000228881836,7.170000076293945,6.849999904632568,7.050000190734863,7.050000190734863,2117700
2020-08-11,7.019999980926514,7.110000133514404,6.829999923706055,6.849999904632568,6.849999904632568,1170600
2020-08-12,6.809999942779541,7.039999961853027,6.809999942779541,6.949999809265137,6.949999809265137,907200
2020-08-13,6.960000038146973,7.119999885559082,6.949999809265137,7.050000190734863,7.050000190734863,941300
2020-08-14,7.039999961853027,7.059999942779541,6.929999828338623,6.989999771118164,6.989999771118164,701700
2020-08-17,6.980000019073486,7.079999923706055,6.820000171661377,7.070000171661377,7.070000171661377,1090700
2020-08-18,7.079999923706055,7.210000038146973,7.03000020980835,7.199999809265137,7.199999809265137,1114000
2020-08-19,6.840000152587891,7.170000076293945,6.78000020980835,7.070000171661377,7.070000171661377,1967800
2020-08-20,7.03000020980835,7.130000114440918,6.949999809265137,7.070000171661377,7.070000171661377,771200
2020-08-21,7.059999942779541,7.090000152587891,6.949999809265137,7.070000171661377,7.070000171661377,1004900
2020-08-24,7.940000057220459,7.940000057220459,6.800000190734863,6.829999923706055,6.829999923706055,3841500
2020-08-25,6.869999885559082,6.880000114440918,6.260000228881836,6.320000171661377,6.320000171661377,3661200
2020-08-26,6.300000190734863,6.400000095367432,6.179999828338623,6.389999866485596,6.389999866485596,2172300
2020-08-27,6.409999847412109,6.480000019073486,6.0,6.119999885559082,6.119999885559082,1387600
2020-08-28,6.110000133514404,6.260000228881836,6.050000190734863,6.260000228881836,6.260000228881836,994300
2020-08-31,6.269999980926514,6.579999923706055,6.190000057220459,6.369999885559082,6.369999885559082,1473500
2020-09-01,6.329999923706055,6.429999828338623,6.190000057220459,6.289999961853027,6.289999961853027,1908000
2020-09-02,6.300000190734863,6.340000152587891,6.150000095367432,6.25,6.25,1292200
2020-09-03,6.170000076293945,6.199999809265137,5.909999847412109,6.099999904632568,6.099999904632568,2403900
2020-09-04,6.099999904632568,6.119999885559082,5.590000152587891,5.809999942779541,5.809999942779541,1824600
2020-09-08,5.710000038146973,5.849999904632568,5.670000076293945,5.78000020980835,5.78000020980835,1598900
2020-09-09,5.849999904632568,6.139999866485596,5.809999942779541,6.079999923706055,6.079999923706055,1289500
2020-09-10,6.090000152587891,6.289999961853027,6.03000020980835,6.050000190734863,6.050000190734863,1192700
2020-09-11,6.059999942779541,6.28000020980835,6.059999942779541,6.170000076293945,6.170000076293945,1165000
2020-09-14,6.199999809265137,6.369999885559082,6.159999847412109,6.329999923706055,6.329999923706055,957800
2020-09-15,6.389999866485596,6.489999771118164,6.289999961853027,6.409999847412109,6.409999847412109,917200
2020-09-16,6.440000057220459,6.519999980926514,6.329999923706055,6.409999847412109,6.409999847412109,953100
2020-09-17,6.320000171661377,6.380000114440918,6.179999828338623,6.329999923706055,6.329999923706055,596500
2020-09-18,6.400000095367432,6.420000076293945,6.239999771118164,6.329999923706055,6.329999923706055,1840000
2020-09-21,6.239999771118164,6.25,6.090000152587891,6.190000057220459,6.190000057220459,1146400
2020-09-22,6.239999771118164,6.269999980926514,6.039999961853027,6.239999771118164,6.239999771118164,817600
2020-09-23,6.210000038146973,6.269999980926514,5.880000114440918,5.889999866485596,5.889999866485596,1484000
2020-09-24,5.820000171661377,6.039999961853027,5.760000228881836,5.900000095367432,5.900000095367432,1404700
2020-09-25,5.880000114440918,6.090000152587891,5.860000133514404,6.079999923706055,6.079999923706055,1103500
2020-09-28,6.150000095367432,6.21999979019165,6.050000190734863,6.130000114440918,6.130000114440918,1490400
2020-09-29,6.130000114440918,6.400000095367432,6.079999923706055,6.349999904632568,6.349999904632568,1616500
2020-09-30,6.349999904632568,6.400000095367432,6.199999809265137,6.260000228881836,6.260000228881836,879400
2020-10-01,6.289999961853027,6.349999904632568,6.139999866485596,6.159999847412109,6.159999847412109,1381000
2020-10-02,6.0,6.119999885559082,5.909999847412109,6.039999961853027,6.039999961853027,1150100
2020-10-05,6.099999904632568,6.300000190734863,6.079999923706055,6.25,6.25,941400
2020-10-06,6.28000020980835,6.619999885559082,6.230000019073486,6.360000133514404,6.360000133514404,1198400
2020-10-07,6.420000076293945,6.739999771118164,6.420000076293945,6.559999942779541,6.559999942779541,1886500
2020-10-08,6.659999847412109,6.760000228881836,6.550000190734863,6.579999923706055,6.579999923706055,1451600
2020-10-09,6.599999904632568,6.869999885559082,6.579999923706055,6.820000171661377,6.820000171661377,1542300
2020-10-12,6.929999828338623,7.0,6.650000095367432,6.670000076293945,6.670000076293945,1763800
2020-10-13,6.71999979019165,6.889999866485596,6.519999980926514,6.71999979019165,6.71999979019165,2168600
2020-10-14,6.769999980926514,7.010000228881836,6.71999979019165,6.739999771118164,6.739999771118164,1506200
2020-10-15,6.650000095367432,6.739999771118164,6.449999809265137,6.510000228881836,6.510000228881836,1151700
2020-10-16,6.489999771118164,6.590000152587891,6.320000171661377,6.429999828338623,6.429999828338623,1459400
2020-10-19,6.440000057220459,6.75,6.429999828338623,6.440000057220459,6.440000057220459,1015700
2020-10-20,6.409999847412109,6.559999942779541,6.380000114440918,6.420000076293945,6.420000076293945,819400
2020-10-21,6.429999828338623,6.46999979019165,6.210000038146973,6.230000019073486,6.230000019073486,877900
2020-10-22,6.21999979019165,6.340000152587891,6.079999923706055,6.309999942779541,6.309999942779541,1040600
2020-10-23,6.349999904632568,6.409999847412109,6.25,6.340000152587891,6.340000152587891,846000
2020-10-26,6.25,6.340000152587891,5.909999847412109,5.949999809265137,5.949999809265137,1865500
2020-10-27,5.920000076293945,6.03000020980835,5.840000152587891,5.960000038146973,5.960000038146973,1500100
2020-10-28,5.849999904632568,5.900000095367432,5.550000190734863,5.550000190734863,5.550000190734863,1440100
2020-10-29,5.510000228881836,5.570000171661377,5.369999885559082,5.559999942779541,5.559999942779541,2004800
2020-10-30,5.650000095367432,5.800000190734863,5.150000095367432,5.25,5.25,1904800
2020-11-02,5.300000190734863,5.460000038146973,5.28000020980835,5.349999904632568,5.349999904632568,1107800
2020-11-03,5.420000076293945,5.599999904632568,5.369999885559082,5.53000020980835,5.53000020980835,1329500
2020-11-04,5.610000133514404,5.820000171661377,5.610000133514404,5.650000095367432,5.650000095367432,1625900
2020-11-05,5.71999979019165,5.920000076293945,5.659999847412109,5.769999980926514,5.769999980926514,1829100
2020-11-06,5.769999980926514,5.829999923706055,5.510000228881836,5.519999980926514,5.519999980926514,1271100
2020-11-09,5.809999942779541,6.059999942779541,5.599999904632568,5.599999904632568,5.599999904632568,1801300
2020-11-10,5.610000133514404,5.849999904632568,5.400000095367432,5.670000076293945,5.670000076293945,1643900
2020-11-11,5.71999979019165,5.960000038146973,5.619999885559082,5.889999866485596,5.889999866485596,1204700
2020-11-12,5.889999866485596,6.070000171661377,5.820000171661377,6.050000190734863,6.050000190734863,1196900
2020-11-13,6.079999923706055,6.139999866485596,5.96999979019165,6.079999923706055,6.079999923706055,1706100
2020-11-16,6.150000095367432,6.199999809265137,5.96999979019165,6.050000190734863,6.050000190734863,1087700
2020-11-17,5.980000019073486,6.400000095367432,5.96999979019165,6.389999866485596,6.389999866485596,2381200
2020-11-18,6.420000076293945,6.519999980926514,6.199999809265137,6.320000171661377,6.320000171661377,1861700
2020-11-19,6.300000190734863,6.300000190734863,6.059999942779541,6.230000019073486,6.230000019073486,1486800
2020-11-20,6.150000095367432,6.360000133514404,6.099999904632568,6.230000019073486,6.230000019073486,1243200
2020-11-23,6.289999961853027,6.409999847412109,6.199999809265137,6.260000228881836,6.260000228881836,1405900
2020-11-24,6.269999980926514,6.309999942779541,5.849999904632568,5.869999885559082,5.869999885559082,1745200
2020-11-25,5.869999885559082,6.110000133514404,5.809999942779541,6.019999980926514,6.019999980926514,1527800
2020-11-27,6.119999885559082,6.590000152587891,6.119999885559082,6.579999923706055,6.579999923706055,1302900
2020-11-30,6.699999809265137,6.840000152587891,6.460000038146973,6.650000095367432,6.650000095367432,2622200
2020-12-01,6.730000019073486,7.0,6.679999828338623,6.789999961853027,6.789999961853027,2824200
2020-12-02,6.75,7.190000057220459,6.710000038146973,7.039999961853027,7.039999961853027,2750400
2020-12-03,7.090000152587891,7.130000114440918,6.829999923706055,7.0,7.0,1262600
2020-12-04,7.03000020980835,7.300000190734863,7.03000020980835,7.190000057220459,7.190000057220459,2118000
2020-12-07,7.260000228881836,7.699999809265137,7.260000228881836,7.340000152587891,7.340000152587891,2432900
2020-12-08,7.309999942779541,7.570000171661377,7.21999979019165,7.409999847412109,7.409999847412109,2366400
2020-12-09,7.5,7.760000228881836,7.329999923706055,7.460000038146973,7.460000038146973,2073000
2020-12-10,7.380000114440918,7.820000171661377,7.349999904632568,7.78000020980835,7.78000020980835,2004300
2020-12-11,7.739999771118164,8.020000457763672,7.590000152587891,7.679999828338623,7.679999828338623,2950400
2020-12-14,7.630000114440918,7.900000095367432,7.130000114440918,7.130000114440918,7.130000114440918,3698400
2020-12-15,7.159999847412109,7.320000171661377,6.909999847412109,7.090000152587891,7.090000152587891,2835900
2020-12-16,7.039999961853027,7.110000133514404,6.829999923706055,6.829999923706055,6.829999923706055,2007800
2020-12-17,6.860000133514404,7.079999923706055,6.760000228881836,6.980000019073486,6.980000019073486,1776400
2020-12-18,7.0,7.050000190734863,6.71999979019165,7.019999980926514,7.019999980926514,5667800
2020-12-21,6.980000019073486,7.710000038146973,6.920000076293945,7.5,7.5,3113300
2020-12-22,7.699999809265137,8.680000305175781,7.670000076293945,8.5600004196167,8.5600004196167,6167900
2020-12-23,8.829999923706055,8.869999885559082,8.170000076293945,8.170000076293945,8.170000076293945,2992200
2020-12-24,8.359999656677246,8.529999732971191,8.0600004196167,8.069999694824219,8.069999694824219,919900
2020-12-28,8.149999618530273,8.449999809265137,7.789999961853027,7.800000190734863,7.800000190734863,1840100
2020-12-29,7.75,7.809999942779541,7.010000228881836,7.179999828338623,7.179999828338623,2148700
2020-12-30,7.199999809265137,7.599999904632568,7.170000076293945,7.170000076293945,7.170000076293945,1418900
2020-12-31,7.099999904632568,7.150000095367432,6.809999942779541,6.920000076293945,6.920000076293945,1467400
2021-01-04,7.0,7.139999866485596,6.789999961853027,6.940000057220459,6.940000057220459,1666200
2021-01-05,6.900000095367432,7.03000020980835,6.840000152587891,6.989999771118164,6.989999771118164,1384100
2021-01-06,7.099999904632568,7.369999885559082,6.920000076293945,6.989999771118164,6.989999771118164,2200300
2021-01-07,7.019999980926514,7.489999771118164,7.019999980926514,7.409999847412109,7.409999847412109,1977600
2021-01-08,7.420000076293945,7.769999980926514,7.349999904632568,7.360000133514404,7.360000133514404,2726800
2021-01-11,7.070000171661377,7.550000190734863,7.019999980926514,7.21999979019165,7.21999979019165,1781500
2021-01-12,7.269999980926514,7.449999809265137,7.139999866485596,7.320000171661377,7.320000171661377,1551300
2021-01-13,7.349999904632568,7.679999828338623,7.349999904632568,7.440000057220459,7.440000057220459,1582300
2021-01-14,7.659999847412109,7.929999828338623,7.53000020980835,7.550000190734863,7.550000190734863,2011300
2021-01-15,7.570000171661377,7.860000133514404,7.230000019073486,7.25,7.25,2190600
2021-01-19,7.349999904632568,7.539999961853027,7.159999847412109,7.28000020980835,7.28000020980835,2000100
2021-01-20,7.5,7.690000057220459,7.28000020980835,7.289999961853027,7.289999961853027,1836700
2021-01-21,7.360000133514404,7.389999866485596,7.070000171661377,7.230000019073486,7.230000019073486,1439000
2021-01-22,7.139999866485596,7.389999866485596,7.139999866485596,7.260000228881836,7.260000228881836,1197400
2021-01-25,7.349999904632568,7.5,6.96999979019165,7.28000020980835,7.28000020980835,1534100
2021-01-26,7.300000190734863,7.360000133514404,6.940000057220459,6.949999809265137,6.949999809265137,1288900
2021-01-27,6.869999885559082,6.940000057220459,6.25,6.550000190734863,6.550000190734863,1833100
2021-01-28,6.650000095367432,6.949999809265137,6.559999942779541,6.730000019073486,6.730000019073486,1433400
2021-01-29,6.710000038146973,6.78000020980835,6.449999809265137,6.590000152587891,6.590000152587891,1587000
2021-02-01,6.659999847412109,6.809999942779541,6.539999961853027,6.760000228881836,6.760000228881836,1738900
2021-02-02,6.960000038146973,7.449999809265137,6.909999847412109,7.289999961853027,7.289999961853027,2613900
2021-02-03,7.380000114440918,7.579999923706055,7.25,7.25,7.25,1745700
2021-02-04,7.320000171661377,7.619999885559082,7.21999979019165,7.5,7.5,1614400
2021-02-05,7.639999866485596,7.71999979019165,7.349999904632568,7.539999961853027,7.539999961853027,1543300
2021-02-08,7.650000095367432,8.40999984741211,7.639999866485596,7.869999885559082,7.869999885559082,3046800
2021-02-09,7.909999847412109,8.210000038146973,7.829999923706055,7.849999904632568,7.849999904632568,1660900
2021-02-10,7.980000019073486,8.390000343322754,7.639999866485596,7.679999828338623,7.679999828338623,1778600
2021-02-11,7.849999904632568,7.880000114440918,7.409999847412109,7.5,7.5,1135200
2021-02-12,7.420000076293945,7.619999885559082,7.260000228881836,7.550000190734863,7.550000190734863,1083200
2021-02-16,7.78000020980835,7.949999809265137,7.619999885559082,7.75,7.75,1934500
2021-02-17,7.619999885559082,7.880000114440918,7.369999885559082,7.550000190734863,7.550000190734863,1454500
2021-02-18,7.400000095367432,7.550000190734863,7.019999980926514,7.300000190734863,7.300000190734863,1699100
2021-02-19,7.309999942779541,7.639999866485596,7.309999942779541,7.489999771118164,7.489999771118164,1484500
2021-02-22,7.360000133514404,7.460000038146973,7.099999904632568,7.239999771118164,7.239999771118164,1839600
2021-02-23,7.039999961853027,7.039999961853027,6.369999885559082,6.769999980926514,6.769999980926514,3388300
2021-02-24,6.710000038146973,6.929999828338623,6.5,6.71999979019165,6.71999979019165,1626200
2021-02-25,6.699999809265137,6.829999923706055,6.099999904632568,6.449999809265137,6.449999809265137,3716800
2021-02-26,6.260000228881836,6.690000057220459,5.900000095367432,6.139999866485596,6.139999866485596,3573800
2021-03-01,6.489999771118164,6.659999847412109,6.289999961853027,6.519999980926514,6.519999980926514,3465800
2021-03-02,6.489999771118164,6.619999885559082,6.28000020980835,6.460000038146973,6.460000038146973,3519800
2021-03-03,6.380000114440918,6.380000114440918,6.03000020980835,6.28000020980835,6.28000020980835,3038100
2021-03-04,6.230000019073486,6.329999923706055,5.690000057220459,5.900000095367432,5.900000095367432,4264600
2021-03-05,6.0,6.260000228881836,5.510000228881836,6.199999809265137,6.199999809265137,6863600
2021-03-08,6.239999771118164,6.28000020980835,5.710000038146973,5.760000228881836,5.760000228881836,3152000
2021-03-09,5.989999771118164,6.400000095367432,5.989999771118164,6.28000020980835,6.28000020980835,3490900
2021-03-10,6.420000076293945,6.630000114440918,6.210000038146973,6.340000152587891,6.340000152587891,2722500
2021-03-11,6.480000019073486,6.670000076293945,6.440000057220459,6.519999980926514,6.519999980926514,2876000
2021-03-12,6.489999771118164,6.489999771118164,6.260000228881836,6.389999866485596,6.389999866485596,1817700
2021-03-15,6.340000152587891,6.449999809265137,6.269999980926514,6.420000076293945,6.420000076293945,2100900
2021-03-16,6.389999866485596,6.519999980926514,6.230000019073486,6.380000114440918,6.380000114440918,1650800
2021-03-17,6.21999979019165,6.510000228881836,5.96999979019165,6.360000133514404,6.360000133514404,2762800
2021-03-18,6.230000019073486,6.28000020980835,5.909999847412109,5.929999828338623,5.929999828338623,2965000
2021-03-19,5.929999828338623,6.210000038146973,5.820000171661377,6.110000133514404,6.110000133514404,3424000
2021-03-22,6.139999866485596,6.329999923706055,6.099999904632568,6.210000038146973,6.210000038146973,1554600
2021-03-23,6.210000038146973,6.289999961853027,6.03000020980835,6.099999904632568,6.099999904632568,1466500
2021-03-24,6.199999809265137,6.199999809265137,5.78000020980835,5.829999923706055,5.829999923706055,2105600
2021-03-25,5.659999847412109,5.760000228881836,5.460000038146973,5.679999828338623,5.679999828338623,4091000
2021-03-26,5.690000057220459,5.960000038146973,5.510000228881836,5.960000038146973,5.960000038146973,3376600
2021-03-29,5.960000038146973,5.96999979019165,5.570000171661377,5.75,5.75,2857100
2021-03-30,5.75,5.909999847412109,5.550000190734863,5.820000171661377,5.820000171661377,1917400
2021-03-31,5.900000095367432,6.119999885559082,5.889999866485596,6.010000228881836,6.010000228881836,3033500
2021-04-01,6.159999847412109,6.449999809265137,6.070000171661377,6.079999923706055,6.079999923706055,2587100
2021-04-05,6.139999866485596,6.28000020980835,5.880000114440918,5.949999809265137,5.949999809265137,1660600
2021-04-06,5.989999771118164,6.289999961853027,5.960000038146973,6.079999923706055,6.079999923706055,1916400
2021-04-07,6.03000020980835,6.119999885559082,5.849999904632568,5.909999847412109,5.909999847412109,1460900
2021-04-08,6.0,6.119999885559082,5.900000095367432,6.070000171661377,6.070000171661377,1504700
2021-04-09,6.050000190734863,6.139999866485596,5.929999828338623,6.130000114440918,6.130000114440918,1720800
2021-04-12,6.0,6.119999885559082,5.929999828338623,6.070000171661377,6.070000171661377,916600
2021-04-13,6.079999923706055,6.300000190734863,6.050000190734863,6.260000228881836,6.260000228881836,1740700
2021-04-14,6.289999961853027,6.489999771118164,6.210000038146973,6.21999979019165,6.21999979019165,1523400
2021-04-15,6.309999942779541,6.389999866485596,6.239999771118164,6.349999904632568,6.349999904632568,1109500
2021-04-16,6.340000152587891,6.389999866485596,6.090000152587891,6.179999828338623,6.179999828338623,1227200
2021-04-19,6.059999942779541,6.090000152587891,5.840000152587891,5.920000076293945,5.920000076293945,2134800
2021-04-20,5.860000133514404,6.059999942779541,5.760000228881836,5.840000152587891,5.840000152587891,1197600
2021-04-21,5.849999904632568,6.019999980926514,5.639999866485596,6.0,6.0,1120900
2021-04-22,6.0,6.179999828338623,5.949999809265137,6.03000020980835,6.03000020980835,1822600
2021-04-23,6.050000190734863,6.150000095367432,5.949999809265137,6.079999923706055,6.079999923706055,1304700
2021-04-26,6.170000076293945,6.269999980926514,6.070000171661377,6.190000057220459,6.190000057220459,1152900
2021-04-27,6.21999979019165,6.230000019073486,6.099999904632568,6.170000076293945,6.170000076293945,822000
2021-04-28,6.039999961853027,6.369999885559082,6.03000020980835,6.190000057220459,6.190000057220459,2220100
2021-04-29,6.25,6.260000228881836,5.880000114440918,5.980000019073486,5.980000019073486,1659000
2021-04-30,5.869999885559082,6.099999904632568,5.820000171661377,6.099999904632568,6.099999904632568,2373000
2021-05-03,6.099999904632568,6.139999866485596,5.849999904632568,5.860000133514404,5.860000133514404,2071800
2021-05-04,5.760000228881836,5.78000020980835,5.559999942779541,5.599999904632568,5.599999904632568,2092700
2021-05-05,5.789999961853027,6.25,5.71999979019165,6.019999980926514,6.019999980926514,2599800
2021-05-06,5.989999771118164,6.039999961853027,5.860000133514404,5.960000038146973,5.960000038146973,2084500
2021-05-07,6.099999904632568,6.300000190734863,6.03000020980835,6.139999866485596,6.139999866485596,2583800
2021-05-10,6.059999942779541,6.130000114440918,5.690000057220459,5.78000020980835,5.78000020980835,3256500
2021-05-11,5.559999942779541,5.809999942779541,5.550000190734863,5.630000114440918,5.630000114440918,2869900
2021-05-12,5.420000076293945,5.71999979019165,5.349999904632568,5.570000171661377,5.570000171661377,2079200
2021-05-13,5.619999885559082,5.769999980926514,5.449999809265137,5.550000190734863,5.550000190734863,2015900
2021-05-14,5.650000095367432,5.849999904632568,5.650000095367432,5.75,5.75,2053400
2021-05-17,5.679999828338623,5.849999904632568,5.659999847412109,5.789999961853027,5.789999961853027,1954400
2021-05-18,5.900000095367432,6.0,5.679999828338623,5.820000171661377,5.820000171661377,2063300
2021-05-19,5.659999847412109,5.829999923706055,5.559999942779541,5.800000190734863,5.800000190734863,1882800
2021-05-20,5.849999904632568,5.96999979019165,5.78000020980835,5.860000133514404,5.860000133514404,1655700
2021-05-21,5.940000057220459,6.070000171661377,5.800000190734863,5.809999942779541,5.809999942779541,1498600
2021-05-24,5.860000133514404,5.96999979019165,5.800000190734863,5.869999885559082,5.869999885559082,1442000
2021-05-25,5.900000095367432,5.960000038146973,5.78000020980835,5.840000152587891,5.840000152587891,1485400
2021-05-26,5.880000114440918,5.909999847412109,5.760000228881836,5.860000133514404,5.860000133514404,1038500
2021-05-27,5.820000171661377,5.900000095367432,5.690000057220459,5.71999979019165,5.71999979019165,2109200
2021-05-28,5.769999980926514,5.920000076293945,5.769999980926514,5.789999961853027,5.789999961853027,1558600
2021-06-01,5.909999847412109,5.920000076293945,5.630000114440918,5.71999979019165,5.71999979019165,1413800
2021-06-02,5.730000019073486,5.840000152587891,5.570000171661377,5.619999885559082,5.619999885559082,1507900
2021-06-03,5.590000152587891,5.690000057220459,5.400000095367432,5.409999847412109,5.409999847412109,1366900
2021-06-04,5.440000057220459,5.480000019073486,5.320000171661377,5.349999904632568,5.349999904632568,1503800
2021-06-07,5.289999961853027,5.539999961853027,5.25,5.489999771118164,5.489999771118164,1747300
2021-06-08,5.570000171661377,5.679999828338623,5.53000020980835,5.639999866485596,5.639999866485596,1454100
2021-06-09,5.670000076293945,5.78000020980835,5.599999904632568,5.630000114440918,5.630000114440918,1161400
2021-06-10,5.639999866485596,5.820000171661377,5.590000152587891,5.789999961853027,5.789999961853027,1506200
2021-06-11,5.840000152587891,5.96999979019165,5.829999923706055,5.940000057220459,5.940000057220459,1354200
2021-06-14,5.980000019073486,6.010000228881836,5.869999885559082,5.889999866485596,5.889999866485596,1110500
2021-06-15,5.900000095367432,5.900000095367432,5.71999979019165,5.800000190734863,5.800000190734863,993500
2021-06-16,5.800000190734863,5.849999904632568,5.579999923706055,5.739999771118164,5.739999771118164,1959600
2021-06-17,5.75,6.050000190734863,5.730000019073486,5.900000095367432,5.900000095367432,2385100
2021-06-18,5.860000133514404,5.96999979019165,5.710000038146973,5.710000038146973,5.710000038146973,3891500
2021-06-21,5.699999809265137,5.829999923706055,5.619999885559082,5.710000038146973,5.710000038146973,1310900
2021-06-22,5.690000057220459,5.71999979019165,5.53000020980835,5.610000133514404,5.610000133514404,1314500
2021-06-23,5.619999885559082,5.75,5.619999885559082,5.699999809265137,5.699999809265137,1070100
2021-06-24,5.710000038146973,5.829999923706055,5.690000057220459,5.730000019073486,5.730000019073486,1090400
2021-06-25,5.78000020980835,5.849999904632568,5.739999771118164,5.840000152587891,5.840000152587891,1668000
2021-06-28,5.860000133514404,5.960000038146973,5.730000019073486,5.75,5.75,1335900
2021-06-29,5.769999980926514,5.789999961853027,5.639999866485596,5.659999847412109,5.659999847412109,1184100
2021-06-30,5.670000076293945,5.929999828338623,5.670000076293945,5.909999847412109,5.909999847412109,2634500
2021-07-01,5.920000076293945,6.130000114440918,5.900000095367432,6.010000228881836,6.010000228881836,2569300
2021-07-02,6.119999885559082,6.119999885559082,5.610000133514404,5.610000133514404,5.610000133514404,1935900
2021-07-06,5.559999942779541,5.599999904632568,5.409999847412109,5.440000057220459,5.440000057220459,1837700
2021-07-07,5.440000057220459,5.460000038146973,5.190000057220459,5.210000038146973,5.210000038146973,1562800
2021-07-08,5.110000133514404,5.269999980926514,4.989999771118164,5.25,5.25,1718100
2021-07-09,5.25,5.320000171661377,5.099999904632568,5.269999980926514,5.269999980926514,1453100
2021-07-12,5.269999980926514,5.269999980926514,5.0,5.150000095367432,5.150000095367432,2176500
2021-07-13,5.110000133514404,5.159999847412109,5.03000020980835,5.050000190734863,5.050000190734863,1150400
2021-07-14,5.070000171661377,5.079999923706055,4.829999923706055,4.900000095367432,4.900000095367432,1984600
2021-07-15,4.889999866485596,4.920000076293945,4.670000076293945,4.789999961853027,4.789999961853027,1478600
2021-07-16,4.760000228881836,4.909999847412109,4.71999979019165,4.889999866485596,4.889999866485596,1395000
2021-07-19,4.78000020980835,4.980000019073486,4.78000020980835,4.929999828338623,4.929999828338623,1538500
2021-07-20,4.949999809265137,5.079999923706055,4.909999847412109,5.010000228881836,5.010000228881836,1498000
2021-07-21,5.039999961853027,5.179999828338623,4.980000019073486,5.110000133514404,5.110000133514404,1472700
2021-07-22,5.090000152587891,5.199999809265137,5.010000228881836,5.03000020980835,5.03000020980835,1023400
2021-07-23,5.050000190734863,5.110000133514404,4.880000114440918,4.980000019073486,4.980000019073486,766200
2021-07-26,4.989999771118164,5.03000020980835,4.829999923706055,4.829999923706055,4.829999923706055,975600
2021-07-27,4.789999961853027,4.829999923706055,4.670000076293945,4.800000190734863,4.800000190734863,1082600
2021-07-28,4.789999961853027,5.010000228881836,4.789999961853027,4.96999979019165,4.96999979019165,904900
2021-07-29,4.96999979019165,5.070000171661377,4.96999979019165,5.039999961853027,5.039999961853027,752000
2021-07-30,5.03000020980835,5.110000133514404,4.989999771118164,5.039999961853027,5.039999961853027,707600
2021-08-02,5.139999866485596,5.139999866485596,4.989999771118164,5.110000133514404,5.110000133514404,806500
2021-08-03,5.099999904632568,5.139999866485596,5.0,5.130000114440918,5.130000114440918,2307200
2021-08-04,5.849999904632568,6.400000095367432,5.820000171661377,6.190000057220459,6.190000057220459,10562000
2021-08-05,6.090000152587891,6.309999942779541,6.059999942779541,6.239999771118164,6.239999771118164,1852600
2021-08-06,6.179999828338623,6.25,6.119999885559082,6.230000019073486,6.230000019073486,1189300
2021-08-09,6.25,6.579999923706055,6.190000057220459,6.409999847412109,6.409999847412109,1840900
2021-08-10,6.369999885559082,6.400000095367432,6.139999866485596,6.190000057220459,6.190000057220459,1488500
2021-08-11,6.199999809265137,6.199999809265137,6.010000228881836,6.079999923706055,6.079999923706055,1060600
2021-08-12,6.03000020980835,6.199999809265137,6.03000020980835,6.179999828338623,6.179999828338623,919500
2021-08-13,6.190000057220459,6.190000057220459,6.0,6.010000228881836,6.010000228881836,834100
2021-08-16,6.090000152587891,6.099999904632568,5.840000152587891,5.900000095367432,5.900000095367432,1292000
2021-08-17,5.849999904632568,5.920000076293945,5.739999771118164,5.869999885559082,5.869999885559082,1145900
2021-08-18,5.929999828338623,6.039999961853027,5.800000190734863,5.840000152587891,5.840000152587891,1187400
2021-08-19,5.809999942779541,5.849999904632568,5.670000076293945,5.690000057220459,5.690000057220459,1061500
2021-08-20,5.659999847412109,5.949999809265137,5.659999847412109,5.889999866485596,5.889999866485596,1189600
2021-08-23,5.960000038146973,6.21999979019165,5.909999847412109,6.079999923706055,6.079999923706055,1388700
2021-08-24,6.090000152587891,6.269999980926514,6.090000152587891,6.239999771118164,6.239999771118164,937900
2021-08-25,6.210000038146973,6.230000019073486,6.090000152587891,6.199999809265137,6.199999809265137,685000
2021-08-26,6.199999809265137,6.28000020980835,6.079999923706055,6.099999904632568,6.099999904632568,683500
2021-08-27,6.110000133514404,6.409999847412109,6.079999923706055,6.340000152587891,6.340000152587891,1463200
2021-08-30,6.380000114440918,6.5,6.329999923706055,6.369999885559082,6.369999885559082,1034400
2021-08-31,6.400000095367432,6.460000038146973,6.329999923706055,6.449999809265137,6.449999809265137,840000
2021-09-01,6.480000019073486,6.539999961853027,6.380000114440918,6.449999809265137,6.449999809265137,1039400
2021-09-02,6.46999979019165,6.619999885559082,6.46999979019165,6.550000190734863,6.550000190734863,845000
2021-09-03,6.550000190734863,6.599999904632568,6.46999979019165,6.489999771118164,6.489999771118164,553400
2021-09-07,6.449999809265137,6.550000190734863,6.369999885559082,6.389999866485596,6.389999866485596,748000
2021-09-08,6.360000133514404,6.429999828338623,6.25,6.28000020980835,6.28000020980835,725500
2021-09-09,6.309999942779541,6.429999828338623,6.230000019073486,6.28000020980835,6.28000020980835,736800
2021-09-10,6.300000190734863,6.400000095367432,6.199999809265137,6.210000038146973,6.210000038146973,731800
2021-09-13,6.21999979019165,6.25,6.019999980926514,6.110000133514404,6.110000133514404,783700
2021-09-14,6.130000114440918,6.179999828338623,6.039999961853027,6.079999923706055,6.079999923706055,589200
2021-09-15,6.150000095367432,6.239999771118164,6.050000190734863,6.190000057220459,6.190000057220459,716900
2021-09-16,6.21999979019165,6.320000171661377,6.079999923706055,6.25,6.25,882700
2021-09-17,6.300000190734863,6.679999828338623,6.269999980926514,6.659999847412109,6.659999847412109,3101400
2021-09-20,6.480000019073486,6.619999885559082,6.329999923706055,6.369999885559082,6.369999885559082,1436300
2021-09-21,6.389999866485596,6.5,6.349999904632568,6.369999885559082,6.369999885559082,553400
2021-09-22,6.420000076293945,6.5,6.28000020980835,6.409999847412109,6.409999847412109,757800
2021-09-23,6.510000228881836,6.690000057220459,6.420000076293945,6.679999828338623,6.679999828338623,1213700
2021-09-24,6.619999885559082,6.699999809265137,6.559999942779541,6.579999923706055,6.579999923706055,929100
2021-09-27,6.570000171661377,6.579999923706055,6.289999961853027,6.440000057220459,6.440000057220459,864000
2021-09-28,6.369999885559082,6.449999809265137,6.179999828338623,6.190000057220459,6.190000057220459,1237300
2021-09-29,6.21999979019165,6.28000020980835,6.039999961853027,6.090000152587891,6.090000152587891,1243000
2021-09-30,6.139999866485596,6.309999942779541,6.090000152587891,6.090000152587891,6.090000152587891,894100
2021-10-01,6.119999885559082,6.199999809265137,6.019999980926514,6.159999847412109,6.159999847412109,778500
2021-10-04,6.130000114440918,6.159999847412109,5.900000095367432,5.96999979019165,5.96999979019165,2046700
2021-10-05,5.980000019073486,6.179999828338623,5.940000057220459,6.050000190734863,6.050000190734863,1001200
2021-10-06,5.989999771118164,6.110000133514404,5.949999809265137,6.090000152587891,6.090000152587891,669700
2021-10-07,6.159999847412109,6.21999979019165,6.099999904632568,6.119999885559082,6.119999885559082,778600
2021-10-08,6.130000114440918,6.130000114440918,5.989999771118164,6.03000020980835,6.03000020980835,695600
2021-10-11,5.989999771118164,6.090000152587891,5.920000076293945,5.980000019073486,5.980000019073486,427600
2021-10-12,6.039999961853027,6.159999847412109,5.989999771118164,6.110000133514404,6.110000133514404,536700
2021-10-13,6.139999866485596,6.230000019073486,6.070000171661377,6.119999885559082,6.119999885559082,800900
2021-10-14,6.199999809265137,6.349999904632568,6.150000095367432,6.199999809265137,6.199999809265137,844100
2021-10-15,6.28000020980835,6.289999961853027,6.099999904632568,6.119999885559082,6.119999885559082,710000
2021-10-18,6.099999904632568,6.190000057220459,6.050000190734863,6.090000152587891,6.090000152587891,787500
2021-10-19,6.150000095367432,6.420000076293945,6.119999885559082,6.409999847412109,6.409999847412109,1331800
2021-10-20,6.420000076293945,6.429999828338623,6.260000228881836,6.329999923706055,6.329999923706055,541400
2021-10-21,6.349999904632568,6.420000076293945,6.309999942779541,6.320000171661377,6.320000171661377,439800
2021-10-22,6.289999961853027,6.289999961853027,6.179999828338623,6.239999771118164,6.239999771118164,397900
2021-10-25,6.230000019073486,6.329999923706055,6.170000076293945,6.25,6.25,629300
2021-10-26,6.260000228881836,6.349999904632568,6.199999809265137,6.289999961853027,6.289999961853027,671800
2021-10-27,6.269999980926514,6.329999923706055,6.190000057220459,6.260000228881836,6.260000228881836,821400
2021-10-28,6.28000020980835,6.559999942779541,6.269999980926514,6.539999961853027,6.539999961853027,866100
2021-10-29,6.550000190734863,6.639999866485596,6.269999980926514,6.599999904632568,6.599999904632568,635400
2021-11-01,6.590000152587891,6.849999904632568,6.590000152587891,6.809999942779541,6.809999942779541,1123300
2021-11-02,6.880000114440918,6.900000095367432,6.639999866485596,6.690000057220459,6.690000057220459,1688100
2021-11-03,7.0,8.0,6.980000019073486,7.800000190734863,7.800000190734863,5688200
2021-11-04,7.820000171661377,7.989999771118164,7.75,7.929999828338623,7.929999828338623,2231000
2021-11-05,7.909999847412109,8.0600004196167,7.800000190734863,7.900000095367432,7.900000095367432,2224900
2021-11-08,7.730000019073486,7.989999771118164,7.730000019073486,7.769999980926514,7.769999980926514,1703100
2021-11-09,7.739999771118164,7.789999961853027,7.480000019073486,7.5,7.5,1607200
2021-11-10,7.420000076293945,7.550000190734863,7.269999980926514,7.300000190734863,7.300000190734863,1620300
2021-11-11,7.309999942779541,7.420000076293945,7.230000019073486,7.309999942779541,7.309999942779541,956300
2021-11-12,7.300000190734863,7.380000114440918,7.260000228881836,7.289999961853027,7.289999961853027,692700
2021-11-15,7.309999942779541,7.309999942779541,7.039999961853027,7.130000114440918,7.130000114440918,831900
2021-11-16,7.099999904632568,7.349999904632568,7.010000228881836,7.25,7.25,1536100
2021-11-17,7.199999809265137,7.360000133514404,7.150000095367432,7.289999961853027,7.289999961853027,1164800
2021-11-18,7.340000152587891,7.340000152587891,7.050000190734863,7.170000076293945,7.170000076293945,1264600
2021-11-19,7.159999847412109,7.329999923706055,7.150000095367432,7.199999809265137,7.199999809265137,1425700
2021-11-22,7.239999771118164,7.28000020980835,7.099999904632568,7.119999885559082,7.119999885559082,1225300
2021-11-23,7.119999885559082,7.170000076293945,6.949999809265137,7.110000133514404,7.110000133514404,1614900
2021-11-24,7.010000228881836,7.179999828338623,6.849999904632568,7.170000076293945,7.170000076293945,941700
2021-11-26,7.039999961853027,7.199999809265137,6.929999828338623,6.980000019073486,6.980000019073486,820400
2021-11-29,7.059999942779541,7.099999904632568,6.900000095367432,6.929999828338623,6.929999828338623,1270900
2021-11-30,6.880000114440918,7.050000190734863,6.769999980926514,6.889999866485596,6.889999866485596,1361500
2021-12-01,7.0,7.010000228881836,6.699999809265137,6.710000038146973,6.710000038146973,1081000
2021-12-02,6.75,6.989999771118164,6.679999828338623,6.909999847412109,6.909999847412109,1509000
2021-12-03,6.920000076293945,6.920000076293945,6.559999942779541,6.639999866485596,6.639999866485596,1744400
2021-12-06,6.630000114440918,6.630000114440918,6.349999904632568,6.519999980926514,6.519999980926514,1370900
2021-12-07,6.690000057220459,7.130000114440918,6.690000057220459,7.059999942779541,7.059999942779541,1997400
2021-12-08,7.110000133514404,7.199999809265137,6.840000152587891,7.050000190734863,7.050000190734863,904500
2021-12-09,7.019999980926514,7.099999904632568,6.710000038146973,6.71999979019165,6.71999979019165,1009300
2021-12-10,6.769999980926514,6.900000095367432,6.5,6.53000020980835,6.53000020980835,1284300
2021-12-13,6.550000190734863,6.789999961853027,6.550000190734863,6.639999866485596,6.639999866485596,2817400
2021-12-14,6.590000152587891,6.590000152587891,6.199999809265137,6.260000228881836,6.260000228881836,1687800
2021-12-15,6.239999771118164,6.510000228881836,6.110000133514404,6.510000228881836,6.510000228881836,2000400
2021-12-16,6.590000152587891,6.619999885559082,6.130000114440918,6.199999809265137,6.199999809265137,2029000
2021-12-17,6.190000057220459,6.71999979019165,6.119999885559082,6.690000057220459,6.690000057220459,5435400
2021-12-20,6.550000190734863,6.679999828338623,6.409999847412109,6.619999885559082,6.619999885559082,2059000
2021-12-21,6.769999980926514,6.829999923706055,6.659999847412109,6.809999942779541,6.809999942779541,1189200
2021-12-22,6.820000171661377,6.96999979019165,6.769999980926514,6.900000095367432,6.900000095367432,1158100
2021-12-23,6.900000095367432,7.0,6.789999961853027,6.949999809265137,6.949999809265137,1062900
2021-12-27,6.960000038146973,6.980000019073486,6.860000133514404,6.949999809265137,6.949999809265137,737300
2021-12-28,6.929999828338623,7.010000228881836,6.760000228881836,6.78000020980835,6.78000020980835,796000
2021-12-29,6.760000228881836,6.849999904632568,6.71999979019165,6.820000171661377,6.820000171661377,833500
2021-12-30,6.829999923706055,7.059999942779541,6.820000171661377,6.960000038146973,6.960000038146973,998400
2021-12-31,6.980000019073486,7.079999923706055,6.789999961853027,6.809999942779541,6.809999942779541,621400
2022-01-03,6.889999866485596,7.010000228881836,6.739999771118164,6.989999771118164,6.989999771118164,1051400
2022-01-04,6.989999771118164,7.010000228881836,6.570000171661377,6.590000152587891,6.590000152587891,1185300
2022-01-05,6.519999980926514,6.599999904632568,6.210000038146973,6.21999979019165,6.21999979019165,1299100
2022-01-06,6.199999809265137,6.409999847412109,6.039999961853027,6.260000228881836,6.260000228881836,2677700
2022-01-07,6.179999828338623,6.409999847412109,5.989999771118164,6.010000228881836,6.010000228881836,1943900
2022-01-10,5.860000133514404,6.269999980926514,5.789999961853027,6.260000228881836,6.260000228881836,2077600
2022-01-11,6.260000228881836,6.389999866485596,6.179999828338623,6.320000171661377,6.320000171661377,1263100
2022-01-12,6.360000133514404,6.449999809265137,6.110000133514404,6.119999885559082,6.119999885559082,1381700
2022-01-13,6.119999885559082,6.139999866485596,5.889999866485596,5.909999847412109,5.909999847412109,1177200
2022-01-14,5.78000020980835,5.940000057220459,5.690000057220459,5.840000152587891,5.840000152587891,1698400
2022-01-18,5.730000019073486,5.809999942779541,5.539999961853027,5.570000171661377,5.570000171661377,1410300
2022-01-19,5.670000076293945,5.789999961853027,5.380000114440918,5.389999866485596,5.389999866485596,2072200
2022-01-20,5.440000057220459,5.809999942779541,5.360000133514404,5.380000114440918,5.380000114440918,2678900
2022-01-21,5.320000171661377,5.5,5.170000076293945,5.199999809265137,5.199999809265137,2672600
2022-01-24,5.039999961853027,5.360000133514404,4.789999961853027,5.329999923706055,5.329999923706055,3823900
2022-01-25,5.210000038146973,5.28000020980835,4.989999771118164,5.090000152587891,5.090000152587891,2841300
2022-01-26,5.210000038146973,5.360000133514404,4.96999979019165,5.0,5.0,1949800
2022-01-27,5.079999923706055,5.170000076293945,4.809999942779541,4.809999942779541,4.809999942779541,1956300
2022-01-28,4.800000190734863,5.039999961853027,4.670000076293945,5.03000020980835,5.03000020980835,2261800
2022-01-31,5.03000020980835,5.369999885559082,5.03000020980835,5.360000133514404,5.360000133514404,1608400
2022-02-01,5.409999847412109,5.440000057220459,5.139999866485596,5.340000152587891,5.340000152587891,1495200
2022-02-02,5.349999904632568,5.389999866485596,5.090000152587891,5.130000114440918,5.130000114440918,1631400
2022-02-03,4.989999771118164,5.150000095367432,4.949999809265137,5.039999961853027,5.039999961853027,1616700
2022-02-04,4.989999771118164,5.150000095367432,4.889999866485596,5.090000152587891,5.090000152587891,1540900
2022-02-07,5.079999923706055,5.340000152587891,5.079999923706055,5.21999979019165,5.21999979019165,1266500
2022-02-08,5.210000038146973,5.389999866485596,5.159999847412109,5.389999866485596,5.389999866485596,1236200
2022-02-09,5.460000038146973,5.579999923706055,5.440000057220459,5.579999923706055,5.579999923706055,1600000
2022-02-10,5.440000057220459,5.630000114440918,5.329999923706055,5.429999828338623,5.429999828338623,1738300
2022-02-11,5.420000076293945,5.579999923706055,5.21999979019165,5.269999980926514,5.269999980926514,1469900
2022-02-14,5.190000057220459,5.389999866485596,5.170000076293945,5.210000038146973,5.210000038146973,1310600
2022-02-15,5.349999904632568,5.53000020980835,5.340000152587891,5.510000228881836,5.510000228881836,1317000
2022-02-16,5.449999809265137,5.619999885559082,5.340000152587891,5.579999923706055,5.579999923706055,1329900
2022-02-17,5.53000020980835,5.53000020980835,5.360000133514404,5.400000095367432,5.400000095367432,1301900
2022-02-18,5.360000133514404,5.570000171661377,5.300000190734863,5.329999923706055,5.329999923706055,1947500
2022-02-22,5.25,5.409999847412109,5.190000057220459,5.25,5.25,1390200
2022-02-23,4.96999979019165,5.429999828338623,4.96999979019165,5.21999979019165,5.21999979019165,1619800
2022-02-24,5.050000190734863,5.730000019073486,5.0,5.71999979019165,5.71999979019165,2779400
2022-02-25,5.769999980926514,5.789999961853027,5.559999942779541,5.789999961853027,5.789999961853027,1711800
2022-02-28,5.78000020980835,5.96999979019165,5.75,5.869999885559082,5.869999885559082,1754800
2022-03-01,5.829999923706055,6.0,5.710000038146973,5.760000228881836,5.760000228881836,1840900
2022-03-02,5.769999980926514,5.900000095367432,5.739999771118164,5.809999942779541,5.809999942779541,1015700
2022-03-03,5.619999885559082,5.869999885559082,5.550000190734863,5.630000114440918,5.630000114440918,1222900
2022-03-04,5.570000171661377,5.679999828338623,5.480000019073486,5.539999961853027,5.539999961853027,940700
2022-03-07,5.590000152587891,5.679999828338623,5.539999961853027,5.630000114440918,5.630000114440918,1301700
2022-03-08,5.630000114440918,5.699999809265137,5.480000019073486,5.519999980926514,5.519999980926514,1769300
2022-03-09,5.550000190734863,5.829999923706055,5.28000020980835,5.809999942779541,5.809999942779541,1233400
2022-03-10,5.670000076293945,5.71999979019165,5.46999979019165,5.46999979019165,5.46999979019165,1431900
2022-03-11,5.539999961853027,5.619999885559082,5.210000038146973,5.21999979019165,5.21999979019165,1278000
2022-03-14,5.079999923706055,5.230000019073486,4.869999885559082,4.909999847412109,4.909999847412109,1681300
2022-03-15,4.920000076293945,5.050000190734863,4.75,4.849999904632568,4.849999904632568,3010000
2022-03-16,4.920000076293945,5.309999942779541,4.909999847412109,5.300000190734863,5.300000190734863,2611900
2022-03-17,5.260000228881836,5.559999942779541,5.230000019073486,5.510000228881836,5.510000228881836,1339100
2022-03-18,5.489999771118164,5.71999979019165,5.449999809265137,5.650000095367432,5.650000095367432,2077900
2022-03-21,5.619999885559082,5.670000076293945,5.349999904632568,5.420000076293945,5.420000076293945,1333000
2022-03-22,5.449999809265137,5.699999809265137,5.409999847412109,5.599999904632568,5.599999904632568,1087600
2022-03-23,5.510000228881836,5.539999961853027,5.400000095367432,5.429999828338623,5.429999828338623,934500
2022-03-24,5.449999809265137,5.519999980926514,5.380000114440918,5.519999980926514,5.519999980926514,804000
2022-03-25,5.519999980926514,5.53000020980835,5.309999942779541,5.400000095367432,5.400000095367432,1222800
2022-03-28,5.349999904632568,5.489999771118164,5.28000020980835,5.489999771118164,5.489999771118164,1058100
2022-03-29,5.579999923706055,5.78000020980835,5.579999923706055,5.730000019073486,5.730000019073486,1421500
2022-03-30,5.659999847412109,5.699999809265137,5.550000190734863,5.570000171661377,5.570000171661377,1041900
2022-03-31,5.579999923706055,5.630000114440918,5.480000019073486,5.489999771118164,5.489999771118164,1187600
2022-04-01,5.489999771118164,5.670000076293945,5.449999809265137,5.670000076293945,5.670000076293945,1194500
2022-04-04,5.679999828338623,5.710000038146973,5.559999942779541,5.690000057220459,5.690000057220459,876800
2022-04-05,5.690000057220459,5.739999771118164,5.460000038146973,5.489999771118164,5.489999771118164,952700
2022-04-06,5.409999847412109,5.429999828338623,5.199999809265137,5.360000133514404,5.360000133514404,1171500
2022-04-07,5.369999885559082,5.429999828338623,5.239999771118164,5.329999923706055,5.329999923706055,819500
2022-04-08,5.289999961853027,5.329999923706055,5.150000095367432,5.190000057220459,5.190000057220459,834700
2022-04-11,5.199999809265137,5.199999809265137,5.0,5.03000020980835,5.03000020980835,1093200
2022-04-12,5.139999866485596,5.260000228881836,4.920000076293945,4.96999979019165,4.96999979019165,1480800
2022-04-13,4.96999979019165,5.110000133514404,4.96999979019165,5.039999961853027,5.039999961853027,1290100
2022-04-14,5.039999961853027,5.050000190734863,4.820000171661377,4.829999923706055,4.829999923706055,1140900
2022-04-18,4.800000190734863,4.829999923706055,4.610000133514404,4.650000095367432,4.650000095367432,1224200
2022-04-19,4.619999885559082,4.840000152587891,4.599999904632568,4.78000020980835,4.78000020980835,1494600
2022-04-20,4.820000171661377,4.880000114440918,4.71999979019165,4.78000020980835,4.78000020980835,1500900
2022-04-21,4.820000171661377,4.949999809265137,4.53000020980835,4.570000171661377,4.570000171661377,1835200
2022-04-22,4.570000171661377,4.579999923706055,4.380000114440918,4.409999847412109,4.409999847412109,1195000
2022-04-25,4.519999980926514,4.800000190734863,4.5,4.789999961853027,4.789999961853027,1871400
2022-04-26,4.730000019073486,4.800000190734863,4.550000190734863,4.570000171661377,4.570000171661377,1413500
2022-04-27,4.539999961853027,4.78000020980835,4.510000228881836,4.679999828338623,4.679999828338623,2403400
2022-04-28,4.699999809265137,4.869999885559082,4.550000190734863,4.699999809265137,4.699999809265137,3047100
2022-04-29,4.650000095367432,4.769999980926514,4.610000133514404,4.619999885559082,4.619999885559082,2409600
2022-05-02,4.650000095367432,4.920000076293945,4.590000152587891,4.809999942779541,4.809999942779541,2948600
2022-05-03,4.809999942779541,5.0,4.78000020980835,4.900000095367432,4.900000095367432,1763600
2022-05-04,5.019999980926514,5.210000038146973,4.739999771118164,5.130000114440918,5.130000114440918,3283900
2022-05-05,5.019999980926514,5.070000171661377,4.710000038146973,4.800000190734863,4.800000190734863,2749000
2022-05-06,4.739999771118164,5.289999961853027,4.5,5.28000020980835,5.28000020980835,3167400
2022-05-09,5.170000076293945,5.320000171661377,4.909999847412109,4.949999809265137,4.949999809265137,3800600
2022-05-10,5.130000114440918,5.289999961853027,4.710000038146973,4.989999771118164,4.989999771118164,3303800
2022-05-11,4.820000171661377,5.050000190734863,4.559999942779541,4.599999904632568,4.599999904632568,3305400
2022-05-12,4.559999942779541,5.079999923706055,4.559999942779541,4.869999885559082,4.869999885559082,4107700
2022-05-13,4.96999979019165,5.389999866485596,4.96999979019165,5.28000020980835,5.28000020980835,3231900
2022-05-16,5.28000020980835,5.360000133514404,5.010000228881836,5.050000190734863,5.050000190734863,3594600
2022-05-17,5.010000228881836,5.210000038146973,5.010000228881836,5.119999885559082,5.119999885559082,4644600
2022-05-18,5.010000228881836,5.059999942779541,4.760000228881836,4.78000020980835,4.78000020980835,4382200
2022-05-19,4.730000019073486,5.119999885559082,4.730000019073486,5.010000228881836,5.010000228881836,2302500
2022-05-20,5.079999923706055,5.199999809265137,4.860000133514404,5.130000114440918,5.130000114440918,4567100
2022-05-23,5.119999885559082,5.179999828338623,4.960000038146973,5.050000190734863,5.050000190734863,1359100
2022-05-24,4.960000038146973,5.039999961853027,4.789999961853027,4.829999923706055,4.829999923706055,3986700
2022-05-25,4.820000171661377,4.96999979019165,4.71999979019165,4.840000152587891,4.840000152587891,1790500
2022-05-26,4.849999904632568,5.050000190734863,4.849999904632568,4.96999979019165,4.96999979019165,2268700
2022-05-27,5.039999961853027,5.539999961853027,5.0,5.429999828338623,5.429999828338623,2886900
2022-05-31,5.360000133514404,5.400000095367432,4.920000076293945,4.949999809265137,4.949999809265137,2333700
2022-06-01,4.940000057220459,5.019999980926514,4.75,4.840000152587891,4.840000152587891,2063700
2022-06-02,4.820000171661377,5.21999979019165,4.820000171661377,5.199999809265137,5.199999809265137,1522900
2022-06-03,5.050000190734863,5.170000076293945,4.960000038146973,5.010000228881836,5.010000228881836,1429900
2022-06-06,5.119999885559082,5.150000095367432,4.909999847412109,5.019999980926514,5.019999980926514,1397000
2022-06-07,4.949999809265137,5.260000228881836,4.920000076293945,5.260000228881836,5.260000228881836,1685000
2022-06-08,5.21999979019165,5.360000133514404,5.179999828338623,5.300000190734863,5.300000190734863,1343100
2022-06-09,5.260000228881836,5.320000171661377,5.099999904632568,5.110000133514404,5.110000133514404,1037800
2022-06-10,4.900000095367432,5.039999961853027,4.710000038146973,4.760000228881836,4.760000228881836,1866000
2022-06-13,4.539999961853027,4.75,4.53000020980835,4.599999904632568,4.599999904632568,2544800
2022-06-14,4.650000095367432,4.920000076293945,4.420000076293945,4.5,4.5,1515800
2022-06-15,4.590000152587891,4.809999942779541,4.550000190734863,4.71999979019165,4.71999979019165,1837800
2022-06-16,4.510000228881836,4.539999961853027,4.349999904632568,4.429999828338623,4.429999828338623,1828700
2022-06-17,4.440000057220459,4.769999980926514,4.440000057220459,4.650000095367432,4.650000095367432,2297600
2022-06-21,4.809999942779541,4.869999885559082,4.699999809265137,4.739999771118164,4.739999771118164,2062100
2022-06-22,4.809999942779541,5.230000019073486,4.670000076293945,5.170000076293945,5.170000076293945,2341800
2022-06-23,5.21999979019165,5.489999771118164,5.170000076293945,5.460000038146973,5.460000038146973,2080200
2022-06-24,5.480000019073486,5.579999923706055,5.369999885559082,5.550000190734863,5.550000190734863,2049000
2022-06-27,5.53000020980835,5.610000133514404,5.349999904632568,5.480000019073486,5.480000019073486,1525000
2022-06-28,5.369999885559082,5.53000020980835,5.269999980926514,5.320000171661377,5.320000171661377,1307200
2022-06-29,5.329999923706055,5.369999885559082,5.170000076293945,5.340000152587891,5.340000152587891,1010000
2022-06-30,5.25,5.360000133514404,5.179999828338623,5.289999961853027,5.289999961853027,996400
2022-07-01,5.309999942779541,5.489999771118164,5.210000038146973,5.480000019073486,5.480000019073486,1412900
2022-07-05,5.420000076293945,5.760000228881836,5.409999847412109,5.739999771118164,5.739999771118164,2135100
2022-07-06,5.769999980926514,5.909999847412109,5.599999904632568,5.599999904632568,5.599999904632568,1258200
2022-07-07,5.349999904632568,5.889999866485596,5.269999980926514,5.829999923706055,5.829999923706055,1680300
2022-07-08,5.690000057220459,5.949999809265137,5.670000076293945,5.789999961853027,5.789999961853027,1557300
2022-07-11,5.75,5.789999961853027,5.570000171661377,5.590000152587891,5.590000152587891,1352800
2022-07-12,5.650000095367432,5.75,5.420000076293945,5.619999885559082,5.619999885559082,1404600
2022-07-13,5.519999980926514,5.75,5.510000228881836,5.630000114440918,5.630000114440918,1087400
2022-07-14,5.590000152587891,5.590000152587891,5.360000133514404,5.489999771118164,5.489999771118164,1826200
2022-07-15,5.639999866485596,5.75,5.46999979019165,5.679999828338623,5.679999828338623,2410000
2022-07-18,5.71999979019165,5.809999942779541,5.460000038146973,5.46999979019165,5.46999979019165,974700
2022-07-19,5.570000171661377,5.699999809265137,5.510000228881836,5.610000133514404,5.610000133514404,1618500
2022-07-20,5.650000095367432,5.849999904632568,5.639999866485596,5.75,5.75,2442100
2022-07-21,5.769999980926514,5.840000152587891,5.710000038146973,5.78000020980835,5.78000020980835,1384300
2022-07-22,5.809999942779541,5.809999942779541,5.289999961853027,5.349999904632568,5.349999904632568,1581700
2022-07-25,5.300000190734863,5.349999904632568,5.130000114440918,5.349999904632568,5.349999904632568,1390500
2022-07-26,5.340000152587891,5.400000095367432,5.269999980926514,5.349999904632568,5.349999904632568,687500
2022-07-27,5.409999847412109,5.590000152587891,5.329999923706055,5.550000190734863,5.550000190734863,1080600
2022-07-28,5.570000171661377,5.630000114440918,5.340000152587891,5.550000190734863,5.550000190734863,876300
2022-07-29,5.510000228881836,5.550000190734863,5.329999923706055,5.400000095367432,5.400000095367432,810700
2022-08-01,5.369999885559082,5.590000152587891,5.25,5.519999980926514,5.519999980926514,1127200
2022-08-02,5.489999771118164,5.699999809265137,5.480000019073486,5.619999885559082,5.619999885559082,1026200
2022-08-03,5.699999809265137,5.869999885559082,5.630000114440918,5.829999923706055,5.829999923706055,1168700
2022-08-04,5.840000152587891,5.929999828338623,5.650000095367432,5.820000171661377,5.820000171661377,2232300
2022-08-05,5.619999885559082,5.849999904632568,5.25,5.570000171661377,5.570000171661377,1935400
2022-08-08,5.639999866485596,5.639999866485596,5.130000114440918,5.230000019073486,5.230000019073486,1938200
2022-08-09,5.139999866485596,5.170000076293945,5.010000228881836,5.090000152587891,5.090000152587891,2061500
2022-08-10,5.289999961853027,5.429999828338623,5.139999866485596,5.429999828338623,5.429999828338623,1907400
2022-08-11,5.550000190734863,5.659999847412109,5.230000019073486,5.25,5.25,1707600
2022-08-12,5.260000228881836,5.289999961853027,5.139999866485596,5.230000019073486,5.230000019073486,1323500
2022-08-15,5.179999828338623,5.269999980926514,5.119999885559082,5.130000114440918,5.130000114440918,2287600
2022-08-16,5.090000152587891,5.159999847412109,4.949999809265137,5.039999961853027,5.039999961853027,3366500
2022-08-17,4.940000057220459,5.019999980926514,4.880000114440918,4.880000114440918,4.880000114440918,2468900
2022-08-18,4.869999885559082,4.889999866485596,4.75,4.820000171661377,4.820000171661377,1647200
2022-08-19,4.75,4.760000228881836,4.679999828338623,4.699999809265137,4.699999809265137,1440200
2022-08-22,4.650000095367432,4.730000019073486,4.579999923706055,4.599999904632568,4.599999904632568,1369600
2022-08-23,4.619999885559082,4.630000114440918,4.510000228881836,4.550000190734863,4.550000190734863,1402400
2022-08-24,4.599999904632568,4.639999866485596,4.53000020980835,4.559999942779541,4.559999942779541,1257500
2022-08-25,4.610000133514404,4.670000076293945,4.550000190734863,4.630000114440918,4.630000114440918,1110400
2022-08-26,4.599999904632568,4.630000114440918,4.289999961853027,4.300000190734863,4.300000190734863,1696800
2022-08-29,4.239999771118164,4.349999904632568,4.170000076293945,4.190000057220459,4.190000057220459,1742700
2022-08-30,4.21999979019165,4.25,4.099999904632568,4.150000095367432,4.150000095367432,1373300
2022-08-31,4.25,4.269999980926514,4.070000171661377,4.110000133514404,4.110000133514404,1386700
2022-09-01,4.230000019073486,4.230000019073486,4.0,4.090000152587891,4.090000152587891,1541400
2022-09-02,4.130000114440918,4.179999828338623,3.9000000953674316,3.9200000762939453,3.9200000762939453,1483200
2022-09-06,3.930000066757202,3.950000047683716,3.8499999046325684,3.930000066757202,3.930000066757202,2083700
2022-09-07,3.950000047683716,4.079999923706055,3.930000066757202,4.070000171661377,4.070000171661377,1613700
2022-09-08,3.990000009536743,4.110000133514404,3.990000009536743,4.050000190734863,4.050000190734863,1794200
2022-09-09,4.110000133514404,4.199999809265137,4.059999942779541,4.150000095367432,4.150000095367432,1395300
2022-09-12,4.190000057220459,4.320000171661377,4.170000076293945,4.269999980926514,4.269999980926514,1900200
2022-09-13,4.079999923706055,4.119999885559082,3.950000047683716,3.950000047683716,3.950000047683716,1734100
2022-09-14,4.0,4.039999961853027,3.890000104904175,3.9600000381469727,3.9600000381469727,1622700
2022-09-15,4.269999980926514,4.28000020980835,3.950000047683716,4.010000228881836,4.010000228881836,1848000
2022-09-16,3.940000057220459,3.940000057220459,3.690000057220459,3.8499999046325684,3.8499999046325684,2590100
2022-09-19,3.9700000286102295,3.9700000286102295,3.700000047683716,3.8499999046325684,3.8499999046325684,1451500
2022-09-20,3.799999952316284,3.8499999046325684,3.7100000381469727,3.75,3.75,916300
2022-09-21,3.759999990463257,3.809999942779541,3.6600000858306885,3.700000047683716,3.700000047683716,1375300
2022-09-22,3.6600000858306885,3.680000066757202,3.5199999809265137,3.5799999237060547,3.5799999237060547,1939100
2022-09-23,3.5,3.559999942779541,3.4600000381469727,3.490000009536743,3.490000009536743,1336100
2022-09-26,3.4700000286102295,3.5999999046325684,3.4600000381469727,3.4700000286102295,3.4700000286102295,987000
2022-09-27,3.559999942779541,3.5899999141693115,3.390000104904175,3.430000066757202,3.430000066757202,1041400
2022-09-28,3.490000009536743,3.7200000286102295,3.4800000190734863,3.690000057220459,3.690000057220459,1692100
2022-09-29,3.619999885559082,3.640000104904175,3.5,3.549999952316284,3.549999952316284,1085800
2022-09-30,3.5399999618530273,3.75,3.5399999618530273,3.5999999046325684,3.5999999046325684,1341500
2022-10-03,3.740000009536743,3.7899999618530273,3.609999895095825,3.75,3.75,1507700
2022-10-04,3.8299999237060547,3.930000066757202,3.8299999237060547,3.869999885559082,3.869999885559082,1599400
2022-10-05,3.8299999237060547,3.8399999141693115,3.700000047683716,3.7899999618530273,3.7899999618530273,1349400
2022-10-06,3.7300000190734863,3.859999895095825,3.7300000190734863,3.799999952316284,3.799999952316284,1109900
2022-10-07,3.690000057220459,3.740000009536743,3.5899999141693115,3.609999895095825,3.609999895095825,1000900
2022-10-10,3.609999895095825,3.609999895095825,3.4800000190734863,3.4800000190734863,3.4800000190734863,1142100
2022-10-11,3.4700000286102295,3.5299999713897705,3.369999885559082,3.4200000762939453,3.4200000762939453,1980700
2022-10-12,3.4200000762939453,3.450000047683716,3.3299999237060547,3.4200000762939453,3.4200000762939453,841600
2022-10-13,3.299999952316284,3.640000104904175,3.2699999809265137,3.559999942779541,3.559999942779541,1642000
2022-10-14,3.609999895095825,3.6500000953674316,3.430000066757202,3.440000057220459,3.440000057220459,962600
2022-10-17,3.4700000286102295,3.630000114440918,3.4700000286102295,3.5899999141693115,3.5899999141693115,887000
2022-10-18,3.700000047683716,3.859999895095825,3.5799999237060547,3.609999895095825,3.609999895095825,894600
2022-10-19,3.549999952316284,3.559999942779541,3.440000057220459,3.5,3.5,779100
2022-10-20,3.4800000190734863,3.640000104904175,3.4700000286102295,3.5199999809265137,3.5199999809265137,1224700
2022-10-21,3.549999952316284,3.569999933242798,3.440000057220459,3.5299999713897705,3.5299999713897705,792700
2022-10-24,3.5299999713897705,3.5899999141693115,3.440000057220459,3.4600000381469727,3.4600000381469727,991000
2022-10-25,3.4700000286102295,3.6700000762939453,3.4700000286102295,3.5999999046325684,3.5999999046325684,1289900
2022-10-26,3.609999895095825,3.809999942779541,3.5899999141693115,3.740000009536743,3.740000009536743,978400
2022-10-27,3.7799999713897705,3.7899999618530273,3.5999999046325684,3.609999895095825,3.609999895095825,656100
2022-10-28,3.5999999046325684,3.7100000381469727,3.569999933242798,3.680000066757202,3.680000066757202,964400
2022-10-31,3.6500000953674316,3.700000047683716,3.609999895095825,3.6600000858306885,3.6600000858306885,1024700
2022-11-01,3.7699999809265137,3.7699999809265137,3.640000104904175,3.690000057220459,3.690000057220459,700300
2022-11-02,3.6700000762939453,3.7100000381469727,3.490000009536743,3.490000009536743,3.490000009536743,2070000
2022-11-03,3.4700000286102295,3.490000009536743,3.25,3.380000114440918,3.380000114440918,1220200
2022-11-04,3.549999952316284,3.7699999809265137,3.490000009536743,3.759999990463257,3.759999990463257,1283500
2022-11-07,3.75,3.8299999237060547,3.700000047683716,3.75,3.75,997600
2022-11-08,3.7899999618530273,3.8399999141693115,3.6500000953674316,3.700000047683716,3.700000047683716,769100
2022-11-09,3.759999990463257,3.759999990463257,3.5,3.5799999237060547,3.5799999237060547,1728800
2022-11-10,3.9100000858306885,4.010000228881836,3.809999942779541,3.990000009536743,3.990000009536743,1657100
2022-11-11,4.039999961853027,4.159999847412109,3.950000047683716,4.099999904632568,4.099999904632568,1837300
2022-11-14,4.050000190734863,4.119999885559082,3.880000114440918,3.880000114440918,3.880000114440918,1052300
2022-11-15,4.090000152587891,4.139999866485596,3.9800000190734863,4.039999961853027,4.039999961853027,961200
2022-11-16,4.010000228881836,4.110000133514404,3.9200000762939453,3.950000047683716,3.950000047683716,770300
2022-11-17,4.03000020980835,4.03000020980835,3.799999952316284,3.8399999141693115,3.8399999141693115,798900
2022-11-18,3.9600000381469727,3.9600000381469727,3.880000114440918,3.9200000762939453,3.9200000762939453,833600
2022-11-21,3.869999885559082,4.010000228881836,3.819999933242798,3.8399999141693115,3.8399999141693115,747900
2022-11-22,3.869999885559082,3.869999885559082,3.740000009536743,3.819999933242798,3.819999933242798,576900
2022-11-23,3.8299999237060547,3.9700000286102295,3.809999942779541,3.9100000858306885,3.9100000858306885,905800
2022-11-25,3.9100000858306885,3.9200000762939453,3.8299999237060547,3.859999895095825,3.859999895095825,379900
2022-11-28,3.740000009536743,3.880000114440918,3.6700000762939453,3.700000047683716,3.700000047683716,935900
2022-11-29,3.740000009536743,3.740000009536743,3.619999885559082,3.6500000953674316,3.6500000953674316,956000
2022-11-30,3.690000057220459,4.0,3.640000104904175,4.0,4.0,1722200
2022-12-01,3.990000009536743,4.130000114440918,3.950000047683716,4.130000114440918,4.130000114440918,1171300
2022-12-02,3.9700000286102295,4.159999847412109,3.890000104904175,4.150000095367432,4.150000095367432,975500
2022-12-05,4.039999961853027,4.190000057220459,3.950000047683716,3.990000009536743,3.990000009536743,1059600
2022-12-06,4.019999980926514,4.019999980926514,3.890000104904175,3.930000066757202,3.930000066757202,1078800
2022-12-07,3.9100000858306885,3.9700000286102295,3.8499999046325684,3.9200000762939453,3.9200000762939453,1040000
2022-12-08,3.950000047683716,3.9700000286102295,3.859999895095825,3.9600000381469727,3.9600000381469727,868900
2022-12-09,3.950000047683716,4.010000228881836,3.890000104904175,3.940000057220459,3.940000057220459,705600
2022-12-12,3.9200000762939453,3.950000047683716,3.7899999618530273,3.799999952316284,3.799999952316284,1274600
2022-12-13,4.019999980926514,4.179999828338623,3.9600000381469727,4.059999942779541,4.059999942779541,2349900
2022-12-14,4.039999961853027,4.25,3.990000009536743,4.21999979019165,4.21999979019165,1770300
2022-12-15,4.159999847412109,4.190000057220459,4.050000190734863,4.110000133514404,4.110000133514404,1331100
2022-12-16,4.019999980926514,4.079999923706055,3.869999885559082,4.019999980926514,4.019999980926514,2619900
2022-12-19,4.010000228881836,4.010000228881836,3.880000114440918,3.880000114440918,3.880000114440918,918500
2022-12-20,3.819999933242798,3.880000114440918,3.7899999618530273,3.8299999237060547,3.8299999237060547,679000
2022-12-21,3.9700000286102295,4.139999866485596,3.8499999046325684,4.130000114440918,4.130000114440918,1422300
2022-12-22,4.070000171661377,4.099999904632568,3.9800000190734863,4.099999904632568,4.099999904632568,1922900
2022-12-23,3.799999952316284,4.119999885559082,3.690000057220459,3.7100000381469727,3.7100000381469727,842100
2022-12-27,3.75,3.7899999618530273,3.509999990463257,3.5199999809265137,3.5199999809265137,656900
2022-12-28,3.4800000190734863,3.569999933242798,3.430000066757202,3.430000066757202,3.430000066757202,1012700
2022-12-29,3.4700000286102295,3.680000066757202,3.4600000381469727,3.569999933242798,3.569999933242798,1501500
2022-12-30,3.5299999713897705,3.6700000762939453,3.440000057220459,3.6500000953674316,3.6500000953674316,1185800
2023-01-03,3.680000066757202,3.7899999618530273,3.6700000762939453,3.740000009536743,3.740000009536743,1082800
2023-01-04,3.799999952316284,3.8499999046325684,3.740000009536743,3.809999942779541,3.809999942779541,765200
2023-01-05,3.9200000762939453,4.050000190734863,3.7300000190734863,3.7699999809265137,3.7699999809265137,587800
2023-01-06,3.740000009536743,3.819999933242798,3.6700000762939453,3.7799999713897705,3.7799999713897705,545400
2023-01-09,3.5199999809265137,3.5899999141693115,2.5299999713897705,2.7200000286102295,2.7200000286102295,7716200
2023-01-10,2.700000047683716,2.890000104904175,2.690000057220459,2.8299999237060547,2.8299999237060547,2350300
2023-01-11,2.809999942779541,2.9600000381469727,2.759999990463257,2.930000066757202,2.930000066757202,1392600
2023-01-12,2.950000047683716,3.109999895095825,2.7799999713897705,3.0399999618530273,3.0399999618530273,2004000
2023-01-13,3.0199999809265137,3.1500000953674316,2.9700000286102295,3.140000104904175,3.140000104904175,1507600
2023-01-17,3.0399999618530273,3.190000057220459,3.0399999618530273,3.140000104904175,3.140000104904175,1823600
2023-01-18,3.180000066757202,3.25,3.0899999141693115,3.130000114440918,3.130000114440918,2144800
2023-01-19,3.109999895095825,3.1600000858306885,3.0799999237060547,3.0999999046325684,3.0999999046325684,1964300
2023-01-20,3.140000104904175,3.2100000381469727,3.069999933242798,3.119999885559082,3.119999885559082,1932200
2023-01-23,3.130000114440918,3.180000066757202,3.069999933242798,3.119999885559082,3.119999885559082,1477300
2023-01-24,3.0999999046325684,3.1500000953674316,3.0799999237060547,3.119999885559082,3.119999885559082,888600
2023-01-25,3.0799999237060547,3.109999895095825,3.0,3.0999999046325684,3.0999999046325684,968600
2023-01-26,3.190000057220459,3.2100000381469727,3.049999952316284,3.0999999046325684,3.0999999046325684,865500
2023-01-27,3.059999942779541,3.1500000953674316,3.059999942779541,3.119999885559082,3.119999885559082,990100
2023-01-30,3.140000104904175,3.140000104904175,3.0,3.009999990463257,3.009999990463257,1029000
2023-01-31,3.0199999809265137,3.1600000858306885,3.0199999809265137,3.140000104904175,3.140000104904175,1352100
2023-02-01,3.1600000858306885,3.2699999809265137,3.0899999141693115,3.2300000190734863,3.2300000190734863,1465500
2023-02-02,3.309999942779541,3.4600000381469727,3.299999952316284,3.3399999141693115,3.3399999141693115,2074700
2023-02-03,3.2799999713897705,3.3399999141693115,3.2100000381469727,3.25,3.25,1830800
2023-02-06,3.240000009536743,3.2799999713897705,3.1700000762939453,3.200000047683716,3.200000047683716,1042600
2023-02-07,3.1700000762939453,3.2300000190734863,3.0999999046325684,3.2100000381469727,3.2100000381469727,1101300
2023-02-08,3.200000047683716,3.240000009536743,3.069999933242798,3.069999933242798,3.069999933242798,840300
2023-02-09,3.119999885559082,3.1600000858306885,2.950000047683716,3.0,3.0,1039300
2023-02-10,2.9700000286102295,2.9700000286102295,2.880000114440918,2.940000057220459,2.940000057220459,1156700
2023-02-13,2.9700000286102295,3.059999942779541,2.930000066757202,3.009999990463257,3.009999990463257,1053300
2023-02-14,2.9600000381469727,3.0299999713897705,2.869999885559082,2.9200000762939453,2.9200000762939453,1453100
2023-02-15,2.9100000858306885,3.0299999713897705,2.8399999141693115,3.0199999809265137,3.0199999809265137,1276400
2023-02-16,2.880000114440918,3.109999895095825,2.809999942779541,3.009999990463257,3.009999990463257,2047900
2023-02-17,3.009999990463257,3.0299999713897705,2.8499999046325684,3.0,3.0,1442700
2023-02-21,2.9100000858306885,2.9600000381469727,2.759999990463257,2.759999990463257,2.759999990463257,1325300
2023-02-22,2.759999990463257,2.940000057220459,2.759999990463257,2.8499999046325684,2.8499999046325684,1076700
2023-02-23,2.930000066757202,2.940000057220459,2.7799999713897705,2.869999885559082,2.869999885559082,936500
2023-02-24,2.7899999618530273,2.869999885559082,2.75,2.7799999713897705,2.7799999713897705,1354400
2023-02-27,2.759999990463257,2.859999895095825,2.759999990463257,2.8499999046325684,2.8499999046325684,1229800
2023-02-28,2.869999885559082,2.940000057220459,2.740000009536743,2.859999895095825,2.859999895095825,1650600
2023-03-01,2.7100000381469727,2.7899999618530273,2.359999895095825,2.6500000953674316,2.6500000953674316,4926700
2023-03-02,2.690000057220459,2.809999942779541,2.559999942779541,2.799999952316284,2.799999952316284,1816700
2023-03-03,2.819999933242798,3.0,2.7200000286102295,2.9100000858306885,2.9100000858306885,1865700
2023-03-06,2.9100000858306885,2.9200000762939453,2.7799999713897705,2.809999942779541,2.809999942779541,1953300
2023-03-07,2.799999952316284,2.8399999141693115,2.75,2.7899999618530273,2.7899999618530273,1768000
2023-03-08,2.799999952316284,2.8399999141693115,2.740000009536743,2.799999952316284,2.799999952316284,1578200
2023-03-09,2.7899999618530273,2.880000114440918,2.759999990463257,2.7799999713897705,2.7799999713897705,1975700
2023-03-10,2.7799999713897705,2.890000104904175,2.6700000762939453,2.799999952316284,2.799999952316284,2312800
2023-03-13,2.7799999713897705,3.0399999618530273,2.7300000190734863,2.9200000762939453,2.9200000762939453,2669200
2023-03-14,2.990000009536743,3.0299999713897705,2.799999952316284,2.890000104904175,2.890000104904175,3090300
2023-03-15,2.809999942779541,2.990000009536743,2.809999942779541,2.9000000953674316,2.9000000953674316,2094600
2023-03-16,2.880000114440918,2.990000009536743,2.819999933242798,2.950000047683716,2.950000047683716,1342600
2023-03-17,2.930000066757202,2.950000047683716,2.8399999141693115,2.930000066757202,2.930000066757202,3029500
2023-03-20,2.950000047683716,2.950000047683716,2.8399999141693115,2.9000000953674316,2.9000000953674316,1824900
2023-03-21,2.9200000762939453,3.059999942779541,2.869999885559082,3.009999990463257,3.009999990463257,1358700
2023-03-22,3.009999990463257,3.0199999809265137,2.799999952316284,2.799999952316284,2.799999952316284,1758300
2023-03-23,2.8299999237060547,2.9600000381469727,2.7899999618530273,2.819999933242798,2.819999933242798,1745500
2023-03-24,2.8299999237060547,2.930000066757202,2.7699999809265137,2.9000000953674316,2.9000000953674316,1082000
2023-03-27,2.940000057220459,2.9700000286102295,2.8299999237060547,2.8399999141693115,2.8399999141693115,1178100
2023-03-28,2.8499999046325684,2.9000000953674316,2.7799999713897705,2.7899999618530273,2.7899999618530273,1042200
2023-03-29,2.799999952316284,2.8499999046325684,2.740000009536743,2.7699999809265137,2.7699999809265137,1275700
2023-03-30,2.7799999713897705,2.859999895095825,2.7799999713897705,2.809999942779541,2.809999942779541,1186600
2023-03-31,2.819999933242798,3.0,2.819999933242798,2.9700000286102295,2.9700000286102295,2620400
2023-04-03,2.950000047683716,2.9600000381469727,2.809999942779541,2.859999895095825,2.859999895095825,1395500
2023-04-04,2.8499999046325684,2.869999885559082,2.7899999618530273,2.819999933242798,2.819999933242798,670200
2023-04-05,2.8299999237060547,2.859999895095825,2.7699999809265137,2.799999952316284,2.799999952316284,765800
2023-04-06,2.759999990463257,2.890000104904175,2.740000009536743,2.869999885559082,2.869999885559082,778700
2023-04-10,2.8399999141693115,2.8499999046325684,2.7799999713897705,2.8299999237060547,2.8299999237060547,711300
2023-04-11,2.859999895095825,2.9100000858306885,2.819999933242798,2.8499999046325684,2.8499999046325684,693900
2023-04-12,2.9200000762939453,2.9200000762939453,2.7899999618530273,2.7899999618530273,2.7899999618530273,850500
2023-04-13,2.799999952316284,2.9200000762939453,2.7799999713897705,2.9000000953674316,2.9000000953674316,1540400
2023-04-14,2.869999885559082,2.9200000762939453,2.759999990463257,2.809999942779541,2.809999942779541,942100
2023-04-17,2.8399999141693115,2.859999895095825,2.7799999713897705,2.809999942779541,2.809999942779541,537600
2023-04-18,2.819999933242798,2.8399999141693115,2.7200000286102295,2.7200000286102295,2.7200000286102295,916300
2023-04-19,2.7200000286102295,2.7300000190734863,2.559999942779541,2.569999933242798,2.569999933242798,1076600
2023-04-20,2.549999952316284,2.559999942779541,2.4100000858306885,2.4200000762939453,2.4200000762939453,1274500
2023-04-21,2.4100000858306885,2.5299999713897705,2.380000114440918,2.5,2.5,688900
2023-04-24,2.490000009536743,2.5199999809265137,2.4200000762939453,2.4600000381469727,2.4600000381469727,1008600
2023-04-25,2.4200000762939453,2.490000009536743,2.4200000762939453,2.430000066757202,2.430000066757202,734300
2023-04-26,2.4200000762939453,2.450000047683716,2.319999933242798,2.3499999046325684,2.3499999046325684,933500
2023-04-27,2.3499999046325684,2.369999885559082,2.2899999618530273,2.2899999618530273,2.2899999618530273,638900
2023-04-28,2.2899999618530273,2.359999895095825,2.25,2.309999942779541,2.309999942779541,951700
2023-05-01,2.309999942779541,2.390000104904175,2.2899999618530273,2.3499999046325684,2.3499999046325684,805600
2023-05-02,2.369999885559082,2.369999885559082,2.1500000953674316,2.1600000858306885,2.1600000858306885,1272100
2023-05-03,2.190000057220459,2.369999885559082,2.190000057220459,2.299999952316284,2.299999952316284,1187800
2023-05-04,2.25,2.3299999237060547,2.25,2.309999942779541,2.309999942779541,1091400
2023-05-05,2.2200000286102295,2.2899999618530273,2.140000104904175,2.2799999713897705,2.2799999713897705,1337100
2023-05-08,2.299999952316284,2.380000114440918,2.190000057220459,2.2100000381469727,2.2100000381469727,1270600
2023-05-09,2.1700000762939453,2.2100000381469727,2.130000114440918,2.1600000858306885,2.1600000858306885,990100
2023-05-10,2.2300000190734863,2.259999990463257,2.0999999046325684,2.1700000762939453,2.1700000762939453,1153100
2023-05-11,2.2699999809265137,2.2699999809265137,1.9299999475479126,1.9500000476837158,1.9500000476837158,1516400
2023-05-12,1.9299999475479126,1.9900000095367432,1.809999942779541,1.8799999952316284,1.8799999952316284,1839100
2023-05-15,1.899999976158142,1.9199999570846558,1.840000033378601,1.8600000143051147,1.8600000143051147,1945400
2023-05-16,1.8899999856948853,1.9299999475479126,1.850000023841858,1.8799999952316284,1.8799999952316284,1188500
2023-05-17,1.899999976158142,1.9900000095367432,1.8700000047683716,1.9900000095367432,1.9900000095367432,1560700
2023-05-18,2.0,2.0,1.7599999904632568,1.7899999618530273,1.7899999618530273,1675900
2023-05-19,1.809999942779541,1.8899999856948853,1.7899999618530273,1.8799999952316284,1.8799999952316284,1159100
2023-05-22,1.8600000143051147,2.0,1.8200000524520874,1.9800000190734863,1.9800000190734863,2685600
2023-05-23,1.9600000381469727,2.140000104904175,1.909999966621399,1.940000057220459,1.940000057220459,1635300
2023-05-24,1.940000057220459,2.0399999618530273,1.909999966621399,2.0299999713897705,2.0299999713897705,1242700
2023-05-25,2.059999942779541,2.0899999141693115,1.940000057220459,1.9600000381469727,1.9600000381469727,1307800
2023-05-26,1.9299999475479126,1.9900000095367432,1.8600000143051147,1.9299999475479126,1.9299999475479126,1148500
2023-05-30,1.9600000381469727,2.059999942779541,1.9500000476837158,2.0399999618530273,2.0399999618530273,2262900
2023-05-31,2.049999952316284,2.1700000762939453,2.0199999809265137,2.140000104904175,2.140000104904175,1954100
2023-06-01,2.1600000858306885,2.180000066757202,2.069999933242798,2.140000104904175,2.140000104904175,1240900
2023-06-02,2.190000057220459,2.2699999809265137,2.1500000953674316,2.259999990463257,2.259999990463257,1351100
2023-06-05,2.259999990463257,2.2799999713897705,2.190000057220459,2.259999990463257,2.259999990463257,1073600
2023-06-06,2.2699999809265137,2.440000057220459,2.2200000286102295,2.430000066757202,2.430000066757202,1224000
2023-06-07,2.490000009536743,2.5799999237060547,2.440000057220459,2.5399999618530273,2.5399999618530273,1658100
2023-06-08,2.559999942779541,2.569999933242798,2.4800000190734863,2.5299999713897705,2.5299999713897705,1169400
2023-06-09,2.5399999618530273,2.619999885559082,2.5,2.5199999809265137,2.5199999809265137,1238000
2023-06-12,2.549999952316284,2.6500000953674316,2.4700000286102295,2.5399999618530273,2.5399999618530273,1517100
2023-06-13,2.5399999618530273,2.6700000762939453,2.5199999809265137,2.609999895095825,2.609999895095825,1697200
2023-06-14,2.640000104904175,2.6700000762939453,2.549999952316284,2.609999895095825,2.609999895095825,1377900
2023-06-15,2.5999999046325684,2.680000066757202,2.569999933242798,2.6700000762939453,2.6700000762939453,1121900
2023-06-16,2.700000047683716,2.700000047683716,2.5399999618530273,2.569999933242798,2.569999933242798,1705500
2023-06-20,2.559999942779541,2.559999942779541,2.4100000858306885,2.4600000381469727,2.4600000381469727,2173300
2023-06-21,2.440000057220459,2.5799999237060547,2.430000066757202,2.559999942779541,2.559999942779541,1154600
2023-06-22,2.5,2.5799999237060547,2.4700000286102295,2.5299999713897705,2.5299999713897705,679900
2023-06-23,2.4700000286102295,2.4800000190734863,2.369999885559082,2.4000000953674316,2.4000000953674316,2766500
2023-06-26,2.359999895095825,2.380000114440918,2.309999942779541,2.359999895095825,2.359999895095825,797700
2023-06-27,2.3499999046325684,2.4200000762939453,2.3299999237060547,2.4000000953674316,2.4000000953674316,961500
2023-06-28,2.380000114440918,2.450000047683716,2.380000114440918,2.450000047683716,2.450000047683716,610200
2023-06-29,2.450000047683716,2.450000047683716,2.4000000953674316,2.440000057220459,2.440000057220459,611700
2023-06-30,2.4600000381469727,2.5,2.440000057220459,2.4600000381469727,2.4600000381469727,712100
2023-07-03,2.4600000381469727,2.4600000381469727,2.4100000858306885,2.450000047683716,2.450000047683716,454500
2023-07-05,2.440000057220459,2.4700000286102295,2.259999990463257,2.259999990463257,2.259999990463257,1831500
2023-07-06,2.2300000190734863,2.25,2.0399999618530273,2.059999942779541,2.059999942779541,2338600
2023-07-07,2.0799999237060547,2.109999895095825,2.0299999713897705,2.069999933242798,2.069999933242798,1633300
2023-07-10,2.049999952316284,2.200000047683716,2.049999952316284,2.180000066757202,2.180000066757202,1083200
2023-07-11,2.2200000286102295,2.440000057220459,2.180000066757202,2.430000066757202,2.430000066757202,1884200
2023-07-12,2.4700000286102295,2.5899999141693115,2.4700000286102295,2.490000009536743,2.490000009536743,1522700
2023-07-13,2.549999952316284,2.5799999237060547,2.4800000190734863,2.5299999713897705,2.5299999713897705,1132400
2023-07-14,2.5999999046325684,2.5999999046325684,2.4000000953674316,2.4200000762939453,2.4200000762939453,811300
2023-07-17,2.4800000190734863,2.5399999618530273,2.390000104904175,2.5399999618530273,2.5399999618530273,820200
2023-07-18,2.5399999618530273,2.819999933242798,2.5399999618530273,2.7699999809265137,2.7699999809265137,1514900
2023-07-19,2.7899999618530273,2.950000047683716,2.7799999713897705,2.9200000762939453,2.9200000762939453,1277400
2023-07-20,2.880000114440918,2.9000000953674316,2.7300000190734863,2.799999952316284,2.799999952316284,1235200
2023-07-21,2.8399999141693115,2.950000047683716,2.7699999809265137,2.880000114440918,2.880000114440918,773000
2023-07-24,2.880000114440918,2.930000066757202,2.7699999809265137,2.859999895095825,2.859999895095825,675000
2023-07-25,2.8299999237060547,2.869999885559082,2.809999942779541,2.859999895095825,2.859999895095825,473600
2023-07-26,2.8399999141693115,2.950000047683716,2.8399999141693115,2.9100000858306885,2.9100000858306885,815800
2023-07-27,2.9800000190734863,2.990000009536743,2.7899999618530273,2.809999942779541,2.809999942779541,993300
2023-07-28,2.8299999237060547,2.9600000381469727,2.8299999237060547,2.950000047683716,2.950000047683716,915800
2023-07-31,2.9800000190734863,3.0799999237060547,2.950000047683716,3.069999933242798,3.069999933242798,1090500
2023-08-01,3.059999942779541,3.059999942779541,2.9000000953674316,2.9700000286102295,2.9700000286102295,1234200
2023-08-02,2.9100000858306885,3.009999990463257,2.859999895095825,2.9800000190734863,2.9800000190734863,1171500
2023-08-03,2.7300000190734863,2.8499999046325684,2.4000000953674316,2.440000057220459,2.440000057220459,2822500
2023-08-04,2.4600000381469727,2.4800000190734863,2.240000009536743,2.430000066757202,2.430000066757202,1586300
2023-08-07,2.4000000953674316,2.440000057220459,2.180000066757202,2.190000057220459,2.190000057220459,1272800
2023-08-08,2.1700000762939453,2.190000057220459,2.0399999618530273,2.049999952316284,2.049999952316284,1222400
2023-08-09,2.0799999237060547,2.0799999237060547,1.940000057220459,1.9500000476837158,1.9500000476837158,1626000
2023-08-10,2.0,2.0299999713897705,1.899999976158142,1.909999966621399,1.909999966621399,1207100
2023-08-11,1.899999976158142,1.9600000381469727,1.8899999856948853,1.9500000476837158,1.9500000476837158,992700
2023-08-14,1.9299999475479126,1.9600000381469727,1.8700000047683716,1.9299999475479126,1.9299999475479126,1107400
2023-08-15,1.909999966621399,1.940000057220459,1.840000033378601,1.850000023841858,1.850000023841858,886200
2023-08-16,1.8600000143051147,1.909999966621399,1.7899999618530273,1.7999999523162842,1.7999999523162842,851500
2023-08-17,1.8200000524520874,1.8200000524520874,1.7300000190734863,1.7400000095367432,1.7400000095367432,1001000
2023-08-18,1.7200000286102295,1.8300000429153442,1.7000000476837158,1.7100000381469727,1.7100000381469727,1260700
2023-08-21,1.7699999809265137,1.7699999809265137,1.6699999570846558,1.7000000476837158,1.7000000476837158,956700
2023-08-22,1.7699999809265137,1.7899999618530273,1.6699999570846558,1.7100000381469727,1.7100000381469727,1100500
2023-08-23,1.7400000095367432,1.7899999618530273,1.7100000381469727,1.75,1.75,753100
2023-08-24,1.7699999809265137,1.7799999713897705,1.659999966621399,1.690000057220459,1.690000057220459,1430800
2023-08-25,1.690000057220459,1.7899999618530273,1.690000057220459,1.7899999618530273,1.7899999618530273,633200
2023-08-28,1.7699999809265137,1.850000023841858,1.7699999809265137,1.8300000429153442,1.8300000429153442,736900
2023-08-29,1.8200000524520874,1.9600000381469727,1.7899999618530273,1.9199999570846558,1.9199999570846558,1166600
2023-08-30,1.9299999475479126,1.9800000190734863,1.899999976158142,1.9199999570846558,1.9199999570846558,509300
2023-08-31,1.909999966621399,1.9700000286102295,1.850000023841858,1.8899999856948853,1.8899999856948853,778600
2023-09-01,1.9199999570846558,1.9600000381469727,1.8700000047683716,1.9199999570846558,1.9199999570846558,851500
2023-09-05,1.8700000047683716,1.899999976158142,1.7400000095367432,1.75,1.75,1234700
2023-09-06,1.7599999904632568,1.7999999523162842,1.690000057220459,1.7200000286102295,1.7200000286102295,1207800
2023-09-07,1.7100000381469727,1.7200000286102295,1.6200000047683716,1.6399999856948853,1.6399999856948853,1349200
2023-09-08,1.6299999952316284,1.649999976158142,1.559999942779541,1.6399999856948853,1.6399999856948853,1195400
2023-09-11,1.690000057220459,1.690000057220459,1.6399999856948853,1.6799999475479126,1.6799999475479126,944900
2023-09-12,1.690000057220459,1.7899999618530273,1.6699999570846558,1.7400000095367432,1.7400000095367432,915000
2023-09-13,1.7100000381469727,1.75,1.6699999570846558,1.6699999570846558,1.6699999570846558,961000
2023-09-14,1.6799999475479126,1.7400000095367432,1.6699999570846558,1.7000000476837158,1.7000000476837158,1047800
2023-09-15,1.7000000476837158,1.7100000381469727,1.6299999952316284,1.6299999952316284,1.6299999952316284,2476900
2023-09-18,1.659999966621399,1.659999966621399,1.5700000524520874,1.600000023841858,1.600000023841858,1004500
2023-09-19,1.6299999952316284,1.6299999952316284,1.5299999713897705,1.559999942779541,1.559999942779541,1848900
2023-09-20,1.559999942779541,1.6399999856948853,1.5399999618530273,1.5499999523162842,1.5499999523162842,1150000
2023-09-21,1.5,1.5399999618530273,1.4700000286102295,1.5099999904632568,1.5099999904632568,941900
2023-09-22,1.5199999809265137,1.5800000429153442,1.4700000286102295,1.5,1.5,666600
2023-09-25,1.5,1.5299999713897705,1.4500000476837158,1.5199999809265137,1.5199999809265137,947500
2023-09-26,1.5,1.5800000429153442,1.4800000190734863,1.5399999618530273,1.5399999618530273,914000
2023-09-27,1.5199999809265137,1.6100000143051147,1.5,1.5299999713897705,1.5299999713897705,1422300
2023-09-28,1.5099999904632568,1.5800000429153442,1.4600000381469727,1.5700000524520874,1.5700000524520874,1617500
2023-09-29,1.590000033378601,1.649999976158142,1.5499999523162842,1.6200000047683716,1.6200000047683716,1111000
2023-10-02,1.590000033378601,1.6200000047683716,1.5399999618530273,1.5700000524520874,1.5700000524520874,1086900
2023-10-03,1.5399999618530273,1.5700000524520874,1.4700000286102295,1.4900000095367432,1.4900000095367432,794300
2023-10-04,1.4900000095367432,1.5299999713897705,1.4600000381469727,1.5299999713897705,1.5299999713897705,919300
2023-10-05,1.5399999618530273,1.5399999618530273,1.399999976158142,1.409999966621399,1.409999966621399,1109100
2023-10-06,1.3899999856948853,1.409999966621399,1.3300000429153442,1.340000033378601,1.340000033378601,1024600
2023-10-09,1.309999942779541,1.3300000429153442,1.2100000381469727,1.309999942779541,1.309999942779541,1201600
2023-10-10,1.3200000524520874,1.4299999475479126,1.3200000524520874,1.4199999570846558,1.4199999570846558,861300
2023-10-11,1.4199999570846558,1.4500000476837158,1.2799999713897705,1.2999999523162842,1.2999999523162842,946300
2023-10-12,1.3300000429153442,1.3300000429153442,1.2200000286102295,1.2599999904632568,1.2599999904632568,1549000
2023-10-13,1.2599999904632568,1.2999999523162842,1.2400000095367432,1.2899999618530273,1.2899999618530273,962400
2023-10-16,1.2799999713897705,1.3899999856948853,1.2699999809265137,1.3600000143051147,1.3600000143051147,719000
2023-10-17,1.350000023841858,1.399999976158142,1.2999999523162842,1.3200000524520874,1.3200000524520874,888700
2023-10-18,1.2999999523162842,1.350000023841858,1.2699999809265137,1.2899999618530273,1.2899999618530273,420100
2023-10-19,1.309999942779541,1.309999942779541,1.2100000381469727,1.25,1.25,1100400
2023-10-20,1.2599999904632568,1.309999942779541,1.2200000286102295,1.2699999809265137,1.2699999809265137,711000
2023-10-23,1.2400000095367432,1.3200000524520874,1.2300000190734863,1.2799999713897705,1.2799999713897705,1009800
2023-10-24,1.2999999523162842,1.3899999856948853,1.2899999618530273,1.350000023841858,1.350000023841858,1530500
2023-10-25,1.340000033378601,1.340000033378601,1.2599999904632568,1.2699999809265137,1.2699999809265137,1292800
2023-10-26,1.2799999713897705,1.3300000429153442,1.2599999904632568,1.2999999523162842,1.2999999523162842,563900
2023-10-27,1.2899999618530273,1.3200000524520874,1.2599999904632568,1.2699999809265137,1.2699999809265137,751000
2023-10-30,1.309999942779541,1.340000033378601,1.25,1.309999942779541,1.309999942779541,788700
2023-10-31,1.3300000429153442,1.409999966621399,1.3200000524520874,1.399999976158142,1.399999976158142,888600
2023-11-01,1.4199999570846558,1.4199999570846558,1.3300000429153442,1.3799999952316284,1.3799999952316284,1160200
2023-11-02,1.3899999856948853,1.600000023841858,1.3899999856948853,1.590000033378601,1.590000033378601,1655100
2023-11-03,1.6299999952316284,1.850000023841858,1.6100000143051147,1.7300000190734863,1.7300000190734863,2547400
2023-11-06,1.7400000095367432,1.7599999904632568,1.6100000143051147,1.7000000476837158,1.7000000476837158,908800
2023-11-07,1.690000057220459,1.7999999523162842,1.6799999475479126,1.7300000190734863,1.7300000190734863,997800
2023-11-08,1.7200000286102295,1.7400000095367432,1.6200000047683716,1.6699999570846558,1.6699999570846558,819700
2023-11-09,1.6799999475479126,1.7000000476837158,1.5399999618530273,1.5399999618530273,1.5399999618530273,806600
2023-11-10,1.5299999713897705,1.6100000143051147,1.5,1.600000023841858,1.600000023841858,912100
2023-11-13,1.590000033378601,1.6200000047683716,1.5199999809265137,1.5800000429153442,1.5800000429153442,840700
2023-11-14,1.6799999475479126,1.7799999713897705,1.6799999475479126,1.7599999904632568,1.7599999904632568,2698500
2023-11-15,1.7400000095367432,1.840000033378601,1.7100000381469727,1.7300000190734863,1.7300000190734863,1483700
2023-11-16,1.7200000286102295,1.7599999904632568,1.6699999570846558,1.7300000190734863,1.7300000190734863,780000
2023-11-17,1.7400000095367432,1.7599999904632568,1.7000000476837158,1.75,1.75,1084400
2023-11-20,1.7300000190734863,1.8300000429153442,1.7300000190734863,1.7899999618530273,1.7899999618530273,1016100
2023-11-21,1.7699999809265137,1.7799999713897705,1.6799999475479126,1.690000057220459,1.690000057220459,795500
2023-11-22,1.7000000476837158,1.75,1.6299999952316284,1.649999976158142,1.649999976158142,1179500
2023-11-24,1.6200000047683716,1.690000057220459,1.6100000143051147,1.649999976158142,1.649999976158142,469500
2023-11-27,1.659999966621399,1.659999966621399,1.5700000524520874,1.6100000143051147,1.6100000143051147,1271900
2023-11-28,1.5800000429153442,1.690000057220459,1.5499999523162842,1.6799999475479126,1.6799999475479126,1095400
2023-11-29,1.7000000476837158,1.8600000143051147,1.690000057220459,1.7799999713897705,1.7799999713897705,1799200
2023-11-30,1.8899999856948853,1.8899999856948853,1.600000023841858,1.6100000143051147,1.6100000143051147,5987700
2023-12-01,1.649999976158142,1.6699999570846558,1.5800000429153442,1.6699999570846558,1.6699999570846558,2629000
2023-12-04,1.6699999570846558,1.7300000190734863,1.600000023841858,1.6699999570846558,1.6699999570846558,1497100
2023-12-05,1.6699999570846558,1.6799999475479126,1.6100000143051147,1.6200000047683716,1.6200000047683716,1185300
2023-12-06,1.659999966621399,1.7000000476837158,1.6100000143051147,1.6200000047683716,1.6200000047683716,1145500
2023-12-07,1.6100000143051147,1.6799999475479126,1.5800000429153442,1.649999976158142,1.649999976158142,997900
2023-12-08,1.6399999856948853,1.7100000381469727,1.590000033378601,1.7100000381469727,1.7100000381469727,1194000
2023-12-11,1.7200000286102295,1.7300000190734863,1.649999976158142,1.6799999475479126,1.6799999475479126,978200
2023-12-12,1.690000057220459,1.7000000476837158,1.6399999856948853,1.659999966621399,1.659999966621399,870100
2023-12-13,1.659999966621399,1.809999942779541,1.600000023841858,1.809999942779541,1.809999942779541,1878500
2023-12-14,1.840000033378601,2.130000114440918,1.840000033378601,2.059999942779541,2.059999942779541,4591900
2023-12-15,2.0899999141693115,2.200000047683716,2.0299999713897705,2.140000104904175,2.140000104904175,4689200
2023-12-18,2.130000114440918,2.180000066757202,2.059999942779541,2.0899999141693115,2.0899999141693115,1274800
2023-12-19,2.109999895095825,2.369999885559082,2.0799999237060547,2.3499999046325684,2.3499999046325684,1846300
2023-12-20,2.3499999046325684,2.4000000953674316,2.0899999141693115,2.109999895095825,2.109999895095825,2038400
2023-12-21,2.1600000858306885,2.2699999809265137,2.1500000953674316,2.2300000190734863,2.2300000190734863,804800
2023-12-22,2.240000009536743,2.309999942779541,2.180000066757202,2.25,2.25,870500
2023-12-26,2.2799999713897705,2.319999933242798,2.2200000286102295,2.25,2.25,1194600
2023-12-27,2.299999952316284,2.359999895095825,2.259999990463257,2.299999952316284,2.299999952316284,1238000
2023-12-28,2.2699999809265137,2.2699999809265137,2.1500000953674316,2.259999990463257,2.259999990463257,1275600
2023-12-29,2.25,2.309999942779541,2.1500000953674316,2.1600000858306885,2.1600000858306885,1431900
2024-01-02,2.130000114440918,2.240000009536743,2.069999933242798,2.1600000858306885,2.1600000858306885,1415000
2024-01-03,2.0899999141693115,2.119999885559082,2.0199999809265137,2.0299999713897705,2.0299999713897705,1346500
2024-01-04,2.049999952316284,2.0899999141693115,2.0199999809265137,2.0299999713897705,2.0299999713897705,858700
2024-01-05,2.0,2.049999952316284,1.9500000476837158,1.9600000381469727,1.9600000381469727,797600
2024-01-08,1.9900000095367432,2.0899999141693115,1.9500000476837158,2.069999933242798,2.069999933242798,865600
2024-01-09,2.0199999809265137,2.109999895095825,2.0199999809265137,2.0399999618530273,2.0399999618530273,949400
2024-01-10,2.0299999713897705,2.0799999237060547,1.9900000095367432,2.0199999809265137,2.0199999809265137,899400
2024-01-11,2.0,2.0299999713897705,1.7599999904632568,1.8200000524520874,1.8200000524520874,1876700
2024-01-12,1.840000033378601,1.899999976158142,1.690000057220459,1.7000000476837158,1.7000000476837158,830900
2024-01-16,1.649999976158142,1.690000057220459,1.590000033378601,1.6699999570846558,1.6699999570846558,1139300
2024-01-17,1.6799999475479126,1.690000057220459,1.6399999856948853,1.659999966621399,1.659999966621399,1460100
2024-01-18,1.7000000476837158,1.7100000381469727,1.6399999856948853,1.690000057220459,1.690000057220459,1030700
2024-01-19,1.7100000381469727,1.7699999809265137,1.649999976158142,1.7599999904632568,1.7599999904632568,992900
2024-01-22,1.809999942779541,1.8899999856948853,1.7699999809265137,1.7999999523162842,1.7999999523162842,1066300
2024-01-23,1.8300000429153442,1.8799999952316284,1.7999999523162842,1.840000033378601,1.840000033378601,1119400
2024-01-24,1.850000023841858,1.909999966621399,1.7899999618530273,1.7999999523162842,1.7999999523162842,1617200
2024-01-25,1.8300000429153442,1.8799999952316284,1.7799999713897705,1.840000033378601,1.840000033378601,1261800
2024-01-26,1.8700000047683716,1.9900000095367432,1.850000023841858,1.8700000047683716,1.8700000047683716,1162500
2024-01-29,1.9199999570846558,2.0799999237060547,1.899999976158142,2.069999933242798,2.069999933242798,1609900
2024-01-30,2.0899999141693115,2.109999895095825,1.8899999856948853,1.909999966621399,1.909999966621399,1568600
2024-01-31,1.899999976158142,1.9500000476837158,1.809999942779541,1.809999942779541,1.809999942779541,1592900
2024-02-01,1.8700000047683716,1.9800000190734863,1.840000033378601,1.9700000286102295,1.9700000286102295,987500
2024-02-02,1.9800000190734863,1.9800000190734863,1.899999976158142,1.9500000476837158,1.9500000476837158,940500
2024-02-05,1.8899999856948853,1.9800000190734863,1.8799999952316284,1.8799999952316284,1.8799999952316284,1010100
2024-02-06,1.8799999952316284,2.240000009536743,1.8799999952316284,2.2300000190734863,2.2300000190734863,2532700
2024-02-07,2.2200000286102295,2.319999933242798,2.190000057220459,2.200000047683716,2.200000047683716,1711900
2024-02-08,2.200000047683716,2.3399999141693115,2.180000066757202,2.299999952316284,2.299999952316284,880600
2024-02-09,2.3499999046325684,2.4000000953674316,2.2899999618530273,2.359999895095825,2.359999895095825,1132000
2024-02-12,2.4000000953674316,2.4200000762939453,2.319999933242798,2.369999885559082,2.369999885559082,1378700
2024-02-13,2.259999990463257,2.309999942779541,2.0999999046325684,2.1700000762939453,2.1700000762939453,1873200
2024-02-14,2.240000009536743,2.359999895095825,2.2300000190734863,2.3299999237060547,2.3299999237060547,1019700
2024-02-15,2.369999885559082,2.430000066757202,2.319999933242798,2.390000104904175,2.390000104904175,1108300
2024-02-16,2.359999895095825,2.430000066757202,2.2899999618530273,2.359999895095825,2.359999895095825,1464200
2024-02-20,2.2899999618530273,2.369999885559082,2.2200000286102295,2.309999942779541,2.309999942779541,1086500
2024-02-21,2.2699999809265137,2.299999952316284,2.2100000381469727,2.240000009536743,2.240000009536743,746400
2024-02-22,2.240000009536743,2.319999933242798,2.1700000762939453,2.2200000286102295,2.2200000286102295,826700
2024-02-23,2.200000047683716,2.299999952316284,2.1500000953674316,2.2100000381469727,2.2100000381469727,809700
2024-02-26,2.180000066757202,2.2699999809265137,2.109999895095825,2.2100000381469727,2.2100000381469727,589300
2024-02-27,2.259999990463257,2.2899999618530273,2.190000057220459,2.2799999713897705,2.2799999713897705,553400
2024-02-28,2.259999990463257,2.2699999809265137,2.190000057220459,2.200000047683716,2.200000047683716,647800
2024-02-29,2.2699999809265137,2.299999952316284,2.1700000762939453,2.180000066757202,2.180000066757202,1085300
2024-03-01,2.180000066757202,2.240000009536743,2.130000114440918,2.180000066757202,2.180000066757202,1143900
2024-03-04,2.1500000953674316,2.1700000762939453,2.009999990463257,2.119999885559082,2.119999885559082,1606700
2024-03-05,2.0999999046325684,2.119999885559082,1.9800000190734863,1.9900000095367432,1.9900000095367432,1672600
2024-03-06,2.140000104904175,2.5799999237060547,2.130000114440918,2.4200000762939453,2.4200000762939453,3583900
2024-03-07,2.5,2.5899999141693115,2.359999895095825,2.380000114440918,2.380000114440918,1726800
2024-03-08,2.4100000858306885,2.4700000286102295,2.2100000381469727,2.259999990463257,2.259999990463257,1802500
2024-03-11,2.2200000286102295,2.299999952316284,2.1500000953674316,2.190000057220459,2.190000057220459,1501500
2024-03-12,2.1600000858306885,2.190000057220459,2.109999895095825,2.140000104904175,2.140000104904175,1304400
2024-03-13,2.109999895095825,2.119999885559082,2.0199999809265137,2.0299999713897705,2.0299999713897705,1502700
2024-03-14,2.0299999713897705,2.0399999618530273,1.9299999475479126,1.9800000190734863,1.9800000190734863,2545300
2024-03-15,1.9900000095367432,2.0399999618530273,1.8799999952316284,1.909999966621399,1.909999966621399,2099900
2024-03-18,1.899999976158142,1.9299999475479126,1.8600000143051147,1.8600000143051147,1.8600000143051147,1512100
2024-03-19,2.0999999046325684,2.2200000286102295,1.7599999904632568,2.0399999618530273,2.0399999618530273,19777500
2024-03-20,2.0,2.0199999809265137,1.909999966621399,1.9700000286102295,1.9700000286102295,3858000
2024-03-21,1.9299999475479126,2.0299999713897705,1.9199999570846558,1.9500000476837158,1.9500000476837158,1648100
2024-03-22,1.9500000476837158,1.9600000381469727,1.850000023841858,1.8600000143051147,1.8600000143051147,1234700
2024-03-25,1.8700000047683716,1.899999976158142,1.7300000190734863,1.75,1.75,1644100
2024-03-26,1.8899999856948853,1.9299999475479126,1.7200000286102295,1.7400000095367432,1.7400000095367432,1666300
2024-03-27,1.7400000095367432,1.8200000524520874,1.7300000190734863,1.7899999618530273,1.7899999618530273,1235600
2024-03-28,1.809999942779541,1.909999966621399,1.7899999618530273,1.8899999856948853,1.8899999856948853,1230300
2024-04-01,1.8899999856948853,1.8899999856948853,1.7699999809265137,1.7999999523162842,1.7999999523162842,1142400
2024-04-02,1.7100000381469727,1.7699999809265137,1.6699999570846558,1.7599999904632568,1.7599999904632568,1554000
2024-04-03,1.7400000095367432,1.8899999856948853,1.7200000286102295,1.8799999952316284,1.8799999952316284,903200
2024-04-04,1.909999966621399,1.9900000095367432,1.8799999952316284,1.8899999856948853,1.8899999856948853,1264300
2024-04-05,1.8600000143051147,1.9500000476837158,1.7999999523162842,1.8700000047683716,1.8700000047683716,1055300
2024-04-08,1.8600000143051147,1.9299999475479126,1.8600000143051147,1.899999976158142,1.899999976158142,373200
2024-04-09,1.909999966621399,1.9700000286102295,1.850000023841858,1.8700000047683716,1.8700000047683716,341300
2024-04-10,1.75,1.75,1.6799999475479126,1.7100000381469727,1.7100000381469727,997700
2024-04-11,1.7200000286102295,1.7599999904632568,1.6799999475479126,1.7000000476837158,1.7000000476837158,626900
2024-04-12,1.75,1.9600000381469727,1.7300000190734863,1.75,1.75,2030500
2024-04-15,1.7400000095367432,1.809999942779541,1.690000057220459,1.7300000190734863,1.7300000190734863,1270700
2024-04-16,1.7200000286102295,1.75,1.649999976158142,1.6799999475479126,1.6799999475479126,805900
2024-04-17,1.7200000286102295,1.7200000286102295,1.6299999952316284,1.6399999856948853,1.6399999856948853,752300
2024-04-18,1.6399999856948853,1.7100000381469727,1.6100000143051147,1.6399999856948853,1.6399999856948853,764300
2024-04-19,1.6399999856948853,1.690000057220459,1.6100000143051147,1.6799999475479126,1.6799999475479126,979300
2024-04-22,1.690000057220459,1.7300000190734863,1.659999966621399,1.690000057220459,1.690000057220459,824400
2024-04-23,1.659999966621399,1.7899999618530273,1.659999966621399,1.6799999475479126,1.6799999475479126,781400
2024-04-24,1.6799999475479126,1.7100000381469727,1.649999976158142,1.659999966621399,1.659999966621399,590000
2024-04-25,1.6399999856948853,1.7200000286102295,1.6100000143051147,1.7000000476837158,1.7000000476837158,951800
2024-04-26,1.7200000286102295,1.7200000286102295,1.6699999570846558,1.7100000381469727,1.7100000381469727,387000
2024-04-29,1.75,1.7999999523162842,1.7200000286102295,1.75,1.75,1018400
2024-04-30,1.7200000286102295,1.75,1.659999966621399,1.6699999570846558,1.6699999570846558,843400
2024-05-01,1.649999976158142,1.7899999618530273,1.649999976158142,1.7200000286102295,1.7200000286102295,1130300
2024-05-02,1.7200000286102295,1.7699999809265137,1.6799999475479126,1.7599999904632568,1.7599999904632568,884100
2024-05-03,1.8200000524520874,2.0,1.6200000047683716,1.6200000047683716,1.6200000047683716,2509100
2024-05-06,1.659999966621399,1.8300000429153442,1.6399999856948853,1.7899999618530273,1.7899999618530273,1523100
2024-05-07,1.7599999904632568,1.8799999952316284,1.7599999904632568,1.850000023841858,1.850000023841858,1083600
2024-05-08,1.75,1.8799999952316284,1.75,1.8799999952316284,1.8799999952316284,1259100
2024-05-09,1.8600000143051147,1.9299999475479126,1.8600000143051147,1.909999966621399,1.909999966621399,787600
2024-05-10,1.909999966621399,1.9299999475479126,1.7300000190734863,1.7300000190734863,1.7300000190734863,1276400
2024-05-13,1.7799999713897705,2.0199999809265137,1.7599999904632568,2.0,2.0,2419000
2024-05-14,1.9800000190734863,2.259999990463257,1.9700000286102295,2.0399999618530273,2.0399999618530273,1967300
2024-05-15,2.109999895095825,2.200000047683716,2.0299999713897705,2.0299999713897705,2.0299999713897705,1140300
2024-05-16,2.0199999809265137,2.069999933242798,1.9500000476837158,1.9600000381469727,1.9600000381469727,926000
2024-05-17,1.9800000190734863,1.9900000095367432,1.9299999475479126,1.9700000286102295,1.9700000286102295,654900
2024-05-20,1.9700000286102295,1.9700000286102295,1.909999966621399,1.9500000476837158,1.9500000476837158,546100
2024-05-21,1.940000057220459,1.9600000381469727,1.840000033378601,1.850000023841858,1.850000023841858,875100
2024-05-22,1.8700000047683716,1.9900000095367432,1.840000033378601,1.9299999475479126,1.9299999475479126,808600
2024-05-23,1.9299999475479126,1.9299999475479126,1.840000033378601,1.850000023841858,1.850000023841858,1143500
2024-05-24,1.8600000143051147,1.8799999952316284,1.8300000429153442,1.840000033378601,1.840000033378601,407900
2024-05-28,1.809999942779541,1.8600000143051147,1.75,1.809999942779541,1.809999942779541,1522600
2024-05-29,1.7400000095367432,1.8300000429153442,1.7100000381469727,1.7599999904632568,1.7599999904632568,702500
2024-05-30,1.7699999809265137,1.850000023841858,1.7699999809265137,1.8300000429153442,1.8300000429153442,514100
2024-05-31,1.8300000429153442,1.8600000143051147,1.7699999809265137,1.7899999618530273,1.7899999618530273,542400
2024-06-03,1.7899999618530273,1.8300000429153442,1.75,1.7699999809265137,1.7699999809265137,554900
2024-06-04,1.7699999809265137,1.7999999523162842,1.7100000381469727,1.7999999523162842,1.7999999523162842,641000
2024-06-05,1.7999999523162842,1.8899999856948853,1.7699999809265137,1.8899999856948853,1.8899999856948853,647400
2024-06-06,1.8799999952316284,1.8899999856948853,1.8300000429153442,1.8899999856948853,1.8899999856948853,412600
2024-06-07,1.840000033378601,1.909999966621399,1.7699999809265137,1.7799999713897705,1.7799999713897705,551800
2024-06-10,1.7699999809265137,1.7799999713897705,1.690000057220459,1.75,1.75,922100
2024-06-11,1.75,1.7699999809265137,1.7100000381469727,1.7599999904632568,1.7599999904632568,604600
2024-06-12,1.7799999713897705,1.899999976158142,1.7699999809265137,1.840000033378601,1.840000033378601,1159600
2024-06-13,1.8300000429153442,1.8799999952316284,1.7799999713897705,1.7999999523162842,1.7999999523162842,392900
2024-06-14,1.7999999523162842,1.7999999523162842,1.7200000286102295,1.7400000095367432,1.7400000095367432,641000
2024-06-17,1.75,1.809999942779541,1.7200000286102295,1.809999942779541,1.809999942779541,766700
2024-06-18,1.7899999618530273,1.8200000524520874,1.690000057220459,1.690000057220459,1.690000057220459,735500
2024-06-20,1.6799999475479126,1.7100000381469727,1.6200000047683716,1.690000057220459,1.690000057220459,1392800
2024-06-21,1.690000057220459,1.7300000190734863,1.649999976158142,1.690000057220459,1.690000057220459,891900
2024-06-24,1.7000000476837158,1.7400000095367432,1.6699999570846558,1.690000057220459,1.690000057220459,555200
2024-06-25,1.7000000476837158,1.7100000381469727,1.6699999570846558,1.6799999475479126,1.6799999475479126,377900
2024-06-26,1.6799999475479126,1.690000057220459,1.659999966621399,1.6699999570846558,1.6699999570846558,631900
2024-06-27,1.690000057220459,1.75,1.6699999570846558,1.75,1.75,562700
2024-06-28,1.75,1.7799999713897705,1.7200000286102295,1.7599999904632568,1.7599999904632568,1811800
2024-07-01,1.7200000286102295,1.7999999523162842,1.7100000381469727,1.7200000286102295,1.7200000286102295,656900
2024-07-02,1.7000000476837158,1.7200000286102295,1.6799999475479126,1.7000000476837158,1.7000000476837158,410100
2024-07-03,1.7000000476837158,1.75,1.690000057220459,1.7200000286102295,1.7200000286102295,404000
2024-07-05,1.690000057220459,1.7200000286102295,1.649999976158142,1.7000000476837158,1.7000000476837158,683200
2024-07-08,1.7300000190734863,1.9600000381469727,1.690000057220459,1.9600000381469727,1.9600000381469727,1953100
2024-07-09,1.940000057220459,2.0,1.9199999570846558,1.9800000190734863,1.9800000190734863,1132400
2024-07-10,1.9700000286102295,1.9700000286102295,1.8300000429153442,1.8700000047683716,1.8700000047683716,584400
2024-07-11,1.899999976158142,2.1500000953674316,1.8600000143051147,2.109999895095825,2.109999895095825,1888900
2024-07-12,2.140000104904175,2.180000066757202,2.069999933242798,2.1500000953674316,2.1500000953674316,1385300
2024-07-15,2.200000047683716,2.299999952316284,2.140000104904175,2.25,2.25,1588200
2024-07-16,2.2799999713897705,2.4000000953674316,2.2699999809265137,2.390000104904175,2.390000104904175,1157500
2024-07-17,2.2899999618530273,2.430000066757202,2.2200000286102295,2.359999895095825,2.359999895095825,1354700
2024-07-18,2.309999942779541,2.4100000858306885,2.180000066757202,2.2100000381469727,2.2100000381469727,848500
2024-07-19,2.240000009536743,2.25,2.1700000762939453,2.200000047683716,2.200000047683716,846200
2024-07-22,2.2300000190734863,2.319999933242798,2.180000066757202,2.319999933242798,2.319999933242798,981000
2024-07-23,2.309999942779541,2.4700000286102295,2.2899999618530273,2.390000104904175,2.390000104904175,1137200
2024-07-24,2.369999885559082,2.4000000953674316,2.299999952316284,2.309999942779541,2.309999942779541,708900
2024-07-25,2.309999942779541,2.4800000190734863,2.2899999618530273,2.380000114440918,2.380000114440918,1203400
2024-07-26,2.4600000381469727,2.4600000381469727,2.3299999237060547,2.380000114440918,2.380000114440918,735800
2024-07-29,2.369999885559082,2.4200000762939453,2.2899999618530273,2.299999952316284,2.299999952316284,826300
2024-07-30,2.359999895095825,2.359999895095825,2.25,2.2799999713897705,2.2799999713897705,747500
2024-07-31,2.299999952316284,2.380000114440918,2.2300000190734863,2.259999990463257,2.259999990463257,1204400
2024-08-01,2.2699999809265137,2.2699999809265137,1.9900000095367432,2.0399999618530273,2.0399999618530273,1665700
2024-08-02,2.1500000953674316,2.5399999618530273,2.0899999141693115,2.3450000286102295,2.3450000286102295,3040431
