Date,Open,High,Low,Close,Adj Close,Volume
2009-11-27,25.010000228881836,25.010000228881836,25.0,25.010000228881836,7.801799297332764,34400
2009-11-30,25.010000228881836,25.010000228881836,25.0,25.0,7.7986836433410645,41100
2009-12-01,25.0,25.139999389648438,25.0,25.010000228881836,7.801799297332764,39300
2009-12-02,25.020000457763672,25.139999389648438,25.0,25.09000015258789,7.826756477355957,27600
2009-12-03,25.049999237060547,25.350000381469727,25.010000228881836,25.09000015258789,7.826756477355957,25400
2009-12-04,25.09000015258789,25.260000228881836,25.010000228881836,25.040000915527344,7.8111653327941895,29100
2009-12-07,25.18000030517578,26.049999237060547,25.010000228881836,25.06999969482422,7.820516586303711,32200
2009-12-08,25.15999984741211,25.459999084472656,25.040000915527344,25.25,7.876667499542236,24200
2009-12-09,25.399999618530273,25.459999084472656,25.100000381469727,25.420000076293945,7.929703712463379,15300
2009-12-10,25.479999542236328,25.5,25.3700008392334,25.489999771118164,7.951536655426025,12800
2009-12-11,25.489999771118164,25.5,25.34000015258789,25.5,7.954659461975098,8700
2009-12-14,25.5,25.649999618530273,25.239999771118164,25.600000381469727,7.9858503341674805,22000
2009-12-15,25.600000381469727,25.649999618530273,25.360000610351562,25.549999237060547,7.9702534675598145,22200
2009-12-16,25.600000381469727,25.649999618530273,25.559999465942383,25.600000381469727,7.9858503341674805,30200
2009-12-17,25.600000381469727,25.600000381469727,25.299999237060547,25.399999618530273,7.923458099365234,12100
2009-12-18,26.700000762939453,26.700000762939453,25.510000228881836,25.84000015258789,8.060715675354004,65400
2009-12-21,25.700000762939453,25.899999618530273,25.68000030517578,25.899999618530273,8.079435348510742,39700
2009-12-22,25.950000762939453,25.950000762939453,25.600000381469727,25.799999237060547,8.048233985900879,34100
2009-12-23,25.790000915527344,25.860000610351562,25.700000762939453,25.75,8.032642364501953,16200
2009-12-24,25.75,25.75,25.700000762939453,25.700000762939453,8.017047882080078,2700
2009-12-28,25.1200008392334,25.5,25.0,25.5,7.954659461975098,37100
2009-12-29,25.559999465942383,25.670000076293945,25.200000762939453,25.25,7.876667499542236,22200
2009-12-30,25.200000762939453,25.5,25.0,25.020000457763672,7.804920673370361,117600
2009-12-31,25.100000381469727,25.100000381469727,25.0,25.0,7.7986836433410645,27700
2010-01-04,25.010000228881836,25.09000015258789,25.0,25.010000228881836,7.801799297332764,47200
2010-01-05,25.079999923706055,25.100000381469727,25.0,25.020000457763672,7.804920673370361,14800
2010-01-06,25.010000228881836,25.06999969482422,25.0,25.049999237060547,7.814275741577148,16500
2010-01-07,25.049999237060547,25.1200008392334,25.010000228881836,25.010000228881836,7.801799297332764,25100
2010-01-08,24.989999771118164,25.0,24.020000457763672,24.979999542236328,7.792448043823242,52400
2010-01-11,25.040000915527344,25.350000381469727,25.040000915527344,25.299999237060547,7.892269611358643,41400
2010-01-12,25.260000228881836,25.3799991607666,25.079999923706055,25.139999389648438,7.8423542976379395,44500
2010-01-13,25.149999618530273,25.25,25.149999618530273,25.15999984741211,7.848588943481445,16900
2010-01-14,25.1299991607666,25.81999969482422,25.110000610351562,25.290000915527344,7.889145851135254,39400
2010-01-15,25.290000915527344,25.399999618530273,25.0,25.0,7.7986836433410645,30600
2010-01-19,25.25,25.25,25.059999465942383,25.059999465942383,7.817401885986328,7700
2010-01-20,25.049999237060547,25.049999237060547,24.709999084472656,24.850000381469727,7.751884937286377,32800
2010-01-21,24.920000076293945,25.079999923706055,24.770000457763672,25.0,7.7986836433410645,21200
2010-01-22,25.0,25.239999771118164,24.65999984741211,24.65999984741211,7.69261360168457,35500
2010-01-25,24.860000610351562,24.899999618530273,24.440000534057617,24.440000534057617,7.623992443084717,57200
2010-01-26,24.649999618530273,24.649999618530273,24.209999084472656,24.360000610351562,7.5990376472473145,89200
2010-01-27,24.440000534057617,24.8700008392334,24.209999084472656,24.799999237060547,7.736291408538818,35400
2010-01-28,24.670000076293945,24.850000381469727,24.549999237060547,24.770000457763672,7.726931571960449,32100
2010-01-29,25.100000381469727,25.100000381469727,24.420000076293945,24.540000915527344,7.65518856048584,25500
2010-02-01,24.450000762939453,24.610000610351562,24.010000228881836,24.440000534057617,7.623992443084717,41700
2010-02-02,24.350000381469727,24.510000228881836,24.200000762939453,24.260000228881836,7.567843437194824,42000
2010-02-03,24.34000015258789,24.65999984741211,24.34000015258789,24.549999237060547,7.658304691314697,30800
2010-02-04,24.360000610351562,24.760000228881836,24.200000762939453,24.299999237060547,7.580318927764893,81800
2010-02-05,24.209999084472656,24.6299991607666,24.209999084472656,24.6299991607666,7.683259963989258,58000
2010-02-08,24.670000076293945,25.059999465942383,24.3799991607666,25.020000457763672,7.804920673370361,62500
2010-02-09,25.049999237060547,25.049999237060547,24.65999984741211,24.770000457763672,7.726931571960449,30800
2010-02-10,24.600000381469727,25.0,24.5,24.799999237060547,7.790701866149902,32800
2010-02-11,24.950000762939453,25.0,24.850000381469727,24.899999618530273,7.822118759155273,30000
2010-02-12,24.75,24.979999542236328,24.739999771118164,24.75,7.774997711181641,19400
2010-02-16,24.979999542236328,24.979999542236328,24.700000762939453,24.899999618530273,7.822118759155273,64000
2010-02-17,24.829999923706055,25.0,24.729999542236328,24.850000381469727,7.806407928466797,21800
2010-02-18,24.950000762939453,24.950000762939453,24.75,24.899999618530273,7.822118759155273,52000
2010-02-19,24.899999618530273,24.899999618530273,24.559999465942383,24.700000762939453,7.759286403656006,66300
2010-02-22,24.65999984741211,24.989999771118164,24.65999984741211,24.899999618530273,7.822118759155273,33600
2010-02-23,24.989999771118164,25.049999237060547,24.860000610351562,24.950000762939453,7.837828159332275,66600
2010-02-24,24.950000762939453,25.010000228881836,24.90999984741211,24.920000076293945,7.828396797180176,33500
2010-02-25,24.989999771118164,25.030000686645508,24.90999984741211,25.0,7.853535175323486,33200
2010-02-26,25.0,25.040000915527344,24.600000381469727,24.950000762939453,7.837828159332275,116700
2010-03-01,24.959999084472656,25.0,24.950000762939453,24.979999542236328,7.847249984741211,22700
2010-03-02,25.0,25.59000015258789,24.950000762939453,25.059999465942383,7.872377395629883,52500
2010-03-03,25.0,25.010000228881836,24.969999313354492,24.969999313354492,7.844110488891602,23100
2010-03-04,24.989999771118164,25.299999237060547,24.959999084472656,25.149999618530273,7.900654315948486,43900
2010-03-05,25.399999618530273,25.399999618530273,24.899999618530273,24.90999984741211,7.825258731842041,73800
2010-03-08,25.0,25.389999389648438,24.899999618530273,25.0,7.853535175323486,27400
2010-03-09,25.0,25.049999237060547,24.790000915527344,24.989999771118164,7.8503923416137695,45000
2010-03-10,24.950000762939453,25.229999542236328,24.950000762939453,25.040000915527344,7.866096496582031,24500
2010-03-11,24.799999237060547,25.09000015258789,24.799999237060547,25.0,7.908172607421875,22000
2010-03-12,24.959999084472656,25.100000381469727,24.860000610351562,25.0,7.908172607421875,18900
2010-03-15,25.149999618530273,25.3799991607666,24.989999771118164,25.049999237060547,7.923983573913574,46300
2010-03-16,25.010000228881836,25.25,24.989999771118164,25.1299991607666,7.949290752410889,22200
2010-03-17,25.0,25.18000030517578,25.0,25.100000381469727,7.939805030822754,29400
2010-03-18,25.079999923706055,25.079999923706055,24.969999313354492,25.020000457763672,7.914497375488281,43000
2010-03-19,25.200000762939453,25.200000762939453,24.850000381469727,25.200000762939453,7.971433639526367,55200
2010-03-22,25.049999237060547,25.399999618530273,24.90999984741211,25.15999984741211,7.958779811859131,48100
2010-03-23,25.110000610351562,25.360000610351562,25.0,25.100000381469727,7.939805030822754,42300
2010-03-24,25.040000915527344,25.350000381469727,25.010000228881836,25.010000228881836,7.911333084106445,34300
2010-03-25,25.09000015258789,25.5,25.030000686645508,25.25,7.987254619598389,39000
2010-03-26,25.15999984741211,25.15999984741211,24.979999542236328,25.079999923706055,7.933475971221924,38800
2010-03-29,25.110000610351562,25.290000915527344,25.0,25.200000762939453,7.971433639526367,27800
2010-03-30,25.229999542236328,25.350000381469727,24.93000030517578,24.989999771118164,7.905013561248779,43900
2010-03-31,24.979999542236328,25.170000076293945,24.959999084472656,25.1299991607666,7.949290752410889,25100
2010-04-01,25.0,25.1200008392334,24.950000762939453,25.049999237060547,7.923983573913574,15000
2010-04-05,25.299999237060547,25.3799991607666,25.0,25.270000457763672,7.9935784339904785,48500
2010-04-06,25.31999969482422,25.31999969482422,25.0,25.040000915527344,7.920825481414795,32700
2010-04-07,25.149999618530273,25.280000686645508,25.06999969482422,25.100000381469727,7.939805030822754,14200
2010-04-08,25.200000762939453,25.200000762939453,25.09000015258789,25.110000610351562,7.942965984344482,40200
2010-04-09,25.100000381469727,25.190000534057617,24.84000015258789,25.1200008392334,7.946129322052002,68900
2010-04-12,25.010000228881836,25.200000762939453,25.010000228881836,25.200000762939453,7.971433639526367,19600
2010-04-13,24.93000030517578,25.18000030517578,24.829999923706055,25.049999237060547,7.978758335113525,35700
2010-04-14,25.020000457763672,25.09000015258789,24.799999237060547,24.889999389648438,7.927796363830566,39600
2010-04-15,24.920000076293945,24.920000076293945,24.600000381469727,24.790000915527344,7.8959455490112305,59000
2010-04-16,24.780000686645508,24.93000030517578,24.780000686645508,24.799999237060547,7.899129867553711,24300
2010-04-19,24.799999237060547,24.989999771118164,24.799999237060547,24.940000534057617,7.943726539611816,34900
2010-04-20,24.920000076293945,25.049999237060547,24.899999618530273,24.969999313354492,7.953281879425049,23500
2010-04-21,24.950000762939453,25.059999465942383,24.950000762939453,25.059999465942383,7.981942176818848,18100
2010-04-22,25.040000915527344,25.079999923706055,24.940000534057617,24.989999771118164,7.959651470184326,24600
2010-04-23,25.010000228881836,25.09000015258789,24.899999618530273,25.079999923706055,7.988315105438232,27300
2010-04-26,24.979999542236328,25.0,24.850000381469727,24.860000610351562,7.9182448387146,36600
2010-04-27,25.0,25.0,24.799999237060547,24.829999923706055,7.90869140625,40100
2010-04-28,25.0,25.06999969482422,24.799999237060547,24.899999618530273,7.930988788604736,43200
2010-04-29,25.030000686645508,25.030000686645508,24.8799991607666,24.979999542236328,7.956466197967529,21500
2010-04-30,25.0,25.149999618530273,24.850000381469727,25.0,7.9628376960754395,75600
2010-05-03,25.219999313354492,25.219999313354492,24.950000762939453,25.040000915527344,7.975578308105469,58000
2010-05-04,25.31999969482422,25.31999969482422,24.90999984741211,25.0,7.9628376960754395,54800
2010-05-05,25.0,25.040000915527344,24.90999984741211,24.989999771118164,7.959651470184326,21500
2010-05-06,25.0,25.06999969482422,24.75,24.90999984741211,7.934170722961426,69100
2010-05-07,24.93000030517578,24.93000030517578,24.079999923706055,24.850000381469727,7.915061950683594,47300
2010-05-10,24.989999771118164,25.040000915527344,24.860000610351562,24.979999542236328,7.956466197967529,11800
2010-05-11,24.760000228881836,25.350000381469727,24.649999618530273,24.899999618530273,7.930988788604736,63300
2010-05-12,24.899999618530273,24.989999771118164,24.829999923706055,24.959999084472656,8.005718231201172,41500
2010-05-13,24.899999618530273,25.100000381469727,24.850000381469727,24.989999771118164,8.015338897705078,41700
2010-05-14,25.0,25.0,24.84000015258789,24.969999313354492,8.008926391601562,24300
2010-05-17,25.0,25.0,24.829999923706055,25.0,8.018548965454102,20100
2010-05-18,24.8700008392334,24.940000534057617,24.850000381469727,24.899999618530273,7.986475944519043,35600
2010-05-19,24.850000381469727,24.860000610351562,24.270000457763672,24.5,7.8581767082214355,55800
2010-05-20,24.15999984741211,24.34000015258789,23.1299991607666,23.969999313354492,7.688180446624756,139900
2010-05-21,24.0,24.5,24.0,24.079999923706055,7.723464488983154,41400
2010-05-24,23.93000030517578,24.219999313354492,23.5,24.0,7.697803497314453,39800
2010-05-25,23.5,24.139999389648438,23.5,23.6200008392334,7.575922012329102,35200
2010-05-26,23.510000228881836,24.270000457763672,23.510000228881836,23.510000228881836,7.5406413078308105,63200
2010-05-27,24.309999465942383,24.3799991607666,24.010000228881836,24.360000610351562,7.8132758140563965,31800
2010-05-28,24.389999389648438,24.520000457763672,24.020000457763672,24.219999313354492,7.768367290496826,19500
2010-06-01,24.149999618530273,24.799999237060547,24.049999237060547,24.149999618530273,7.745917320251465,16000
2010-06-02,24.850000381469727,24.850000381469727,24.200000762939453,24.3700008392334,7.816482067108154,26200
2010-06-03,24.329999923706055,24.420000076293945,24.170000076293945,24.329999923706055,7.803645610809326,21600
2010-06-04,24.079999923706055,24.34000015258789,24.0,24.079999923706055,7.723464488983154,12800
2010-06-07,24.579999923706055,24.600000381469727,24.219999313354492,24.299999237060547,7.794027805328369,25100
2010-06-08,24.579999923706055,24.579999923706055,24.0,24.149999618530273,7.745917320251465,14500
2010-06-09,24.200000762939453,24.59000015258789,24.15999984741211,24.229999542236328,7.771574974060059,24200
2010-06-10,24.299999237060547,24.520000457763672,24.040000915527344,24.280000686645508,7.787610054016113,26400
2010-06-11,24.190000534057617,24.600000381469727,24.09000015258789,24.600000381469727,7.946866989135742,22100
2010-06-14,24.56999969482422,24.56999969482422,24.100000381469727,24.350000381469727,7.866118431091309,37300
2010-06-15,24.260000228881836,24.399999618530273,24.079999923706055,24.389999389648438,7.879033088684082,18400
2010-06-16,24.329999923706055,24.540000915527344,24.329999923706055,24.540000915527344,7.927487373352051,13000
2010-06-17,24.440000534057617,24.5,24.31999969482422,24.350000381469727,7.866118431091309,14500
2010-06-18,24.31999969482422,24.5,24.139999389648438,24.309999465942383,7.8531928062438965,20900
2010-06-21,24.350000381469727,24.399999618530273,24.049999237060547,24.18000030517578,7.81119441986084,16800
2010-06-22,24.190000534057617,24.360000610351562,23.920000076293945,24.0,7.753046035766602,35300
2010-06-23,23.969999313354492,24.06999969482422,23.950000762939453,23.950000762939453,7.736888408660889,23100
2010-06-24,24.049999237060547,24.1200008392334,23.950000762939453,23.969999313354492,7.743354320526123,24300
2010-06-25,23.959999084472656,24.100000381469727,23.600000381469727,23.799999237060547,7.688433647155762,41700
2010-06-28,23.809999465942383,24.079999923706055,23.690000534057617,23.969999313354492,7.743354320526123,21400
2010-06-29,23.979999542236328,23.989999771118164,23.510000228881836,23.559999465942383,7.610909461975098,60200
2010-06-30,23.8700008392334,24.3700008392334,23.489999771118164,23.790000915527344,7.68520975112915,29900
2010-07-01,23.8799991607666,23.8799991607666,23.549999237060547,23.75,7.672287940979004,14300
2010-07-02,23.829999923706055,23.829999923706055,23.540000915527344,23.68000030517578,7.649673938751221,12600
2010-07-06,24.549999237060547,24.549999237060547,23.559999465942383,23.739999771118164,7.669052600860596,36100
2010-07-07,23.739999771118164,23.940000534057617,23.56999969482422,23.649999618530273,7.639983654022217,29700
2010-07-08,23.610000610351562,23.8799991607666,23.600000381469727,23.8700008392334,7.71104621887207,15700
2010-07-09,23.940000534057617,24.1299991607666,23.899999618530273,24.079999923706055,7.778891086578369,9100
2010-07-12,23.940000534057617,24.459999084472656,23.93000030517578,24.350000381469727,7.866118431091309,23800
2010-07-13,24.299999237060547,24.40999984741211,23.920000076293945,24.06999969482422,7.831302165985107,7000
2010-07-14,23.93000030517578,24.079999923706055,23.93000030517578,24.0,7.8085246086120605,3800
2010-07-15,24.139999389648438,24.209999084472656,24.100000381469727,24.15999984741211,7.860583782196045,1200
2010-07-16,24.309999465942383,24.309999465942383,23.920000076293945,24.09000015258789,7.8378071784973145,15000
2010-07-19,24.079999923706055,24.360000610351562,23.959999084472656,24.239999771118164,7.88661003112793,18500
2010-07-20,24.1299991607666,24.350000381469727,24.100000381469727,24.350000381469727,7.922402858734131,19500
2010-07-21,24.389999389648438,24.389999389648438,24.09000015258789,24.219999313354492,7.880103588104248,23900
2010-07-22,24.260000228881836,24.479999542236328,24.229999542236328,24.479999542236328,7.964690208435059,52700
2010-07-23,24.360000610351562,24.43000030517578,24.1200008392334,24.299999237060547,7.906129360198975,24100
2010-07-26,24.25,24.299999237060547,24.09000015258789,24.190000534057617,7.870339393615723,31400
2010-07-27,24.100000381469727,24.299999237060547,24.09000015258789,24.280000686645508,7.899622440338135,28500
2010-07-28,24.290000915527344,24.360000610351562,24.059999465942383,24.139999389648438,7.854072570800781,19700
2010-07-29,24.31999969482422,24.31999969482422,24.020000457763672,24.1200008392334,7.8475661277771,33900
2010-07-30,24.049999237060547,24.18000030517578,24.049999237060547,24.15999984741211,7.860583782196045,23000
2010-08-02,24.1299991607666,24.280000686645508,24.1299991607666,24.239999771118164,7.88661003112793,40100
2010-08-03,24.299999237060547,24.350000381469727,24.209999084472656,24.350000381469727,7.922402858734131,29600
2010-08-04,24.360000610351562,24.420000076293945,24.239999771118164,24.389999389648438,7.935408115386963,17700
2010-08-05,24.389999389648438,24.459999084472656,24.290000915527344,24.440000534057617,7.951681613922119,19200
2010-08-06,24.450000762939453,24.579999923706055,24.43000030517578,24.540000915527344,7.984214782714844,25200
2010-08-09,24.68000030517578,24.68000030517578,24.450000762939453,24.5,7.971201419830322,12900
2010-08-10,24.549999237060547,24.649999618530273,24.299999237060547,24.459999084472656,7.95818567276001,18900
2010-08-11,24.280000686645508,24.59000015258789,24.1299991607666,24.280000686645508,7.955893516540527,39800
2010-08-12,24.200000762939453,24.5,24.200000762939453,24.5,8.027982711791992,10000
2010-08-13,24.350000381469727,24.579999923706055,24.219999313354492,24.520000457763672,8.034533500671387,11700
2010-08-16,24.600000381469727,24.690000534057617,24.280000686645508,24.520000457763672,8.034533500671387,20300
2010-08-17,24.700000762939453,24.780000686645508,24.40999984741211,24.40999984741211,7.998488426208496,42500
2010-08-18,24.600000381469727,24.790000915527344,24.459999084472656,24.479999542236328,8.021427154541016,19700
2010-08-19,24.600000381469727,24.639999389648438,24.329999923706055,24.479999542236328,8.021427154541016,25600
2010-08-20,24.459999084472656,24.540000915527344,24.31999969482422,24.469999313354492,8.018150329589844,27000
2010-08-23,24.479999542236328,24.540000915527344,24.360000610351562,24.540000915527344,8.04108715057373,29900
2010-08-24,24.56999969482422,24.56999969482422,24.25,24.290000915527344,7.959174156188965,31500
2010-08-25,24.420000076293945,24.420000076293945,24.219999313354492,24.3700008392334,7.985383033752441,44100
2010-08-26,24.309999465942383,24.3700008392334,24.110000610351562,24.229999542236328,7.939509391784668,45400
2010-08-27,24.110000610351562,24.329999923706055,24.049999237060547,24.110000610351562,7.900191783905029,39700
2010-08-30,24.110000610351562,24.31999969482422,24.110000610351562,24.1299991607666,7.906739234924316,19500
2010-08-31,24.149999618530273,24.34000015258789,24.1200008392334,24.31999969482422,7.96899938583374,46000
2010-09-01,24.229999542236328,24.799999237060547,24.229999542236328,24.520000457763672,8.034533500671387,27700
2010-09-02,24.90999984741211,24.90999984741211,24.31999969482422,24.600000381469727,8.060746192932129,83100
2010-09-03,24.649999618530273,24.760000228881836,24.549999237060547,24.600000381469727,8.060746192932129,24500
2010-09-07,24.559999465942383,24.65999984741211,24.520000457763672,24.65999984741211,8.080409049987793,16800
2010-09-08,24.75,24.84000015258789,24.520000457763672,24.670000076293945,8.083683013916016,30400
2010-09-09,24.649999618530273,24.84000015258789,24.649999618530273,24.809999465942383,8.129560470581055,20700
2010-09-10,24.799999237060547,24.899999618530273,24.6299991607666,24.649999618530273,8.077129364013672,21300
2010-09-13,24.260000228881836,24.700000762939453,24.260000228881836,24.68000030517578,8.165802001953125,28600
2010-09-14,24.549999237060547,24.729999542236328,24.549999237060547,24.639999389648438,8.152567863464355,26600
2010-09-15,24.739999771118164,24.760000228881836,24.559999465942383,24.739999771118164,8.185656547546387,25900
2010-09-16,24.780000686645508,24.860000610351562,24.700000762939453,24.799999237060547,8.205510139465332,25700
2010-09-17,24.950000762939453,24.950000762939453,24.579999923706055,24.6299991607666,8.149264335632324,48600
2010-09-20,24.6200008392334,24.690000534057617,24.489999771118164,24.5,8.106249809265137,38500
2010-09-21,24.639999389648438,24.65999984741211,24.3799991607666,24.43000030517578,8.083088874816895,43400
2010-09-22,24.399999618530273,24.75,24.399999618530273,24.65999984741211,8.159186363220215,23800
2010-09-23,24.75,24.75,24.420000076293945,24.5,8.106249809265137,27600
2010-09-24,24.540000915527344,24.6200008392334,24.309999465942383,24.309999465942383,8.043386459350586,65000
2010-09-27,24.350000381469727,24.450000762939453,24.229999542236328,24.34000015258789,8.05331039428711,42100
2010-09-28,24.40999984741211,24.530000686645508,24.3700008392334,24.510000228881836,8.109553337097168,33100
2010-09-29,24.510000228881836,24.719999313354492,24.489999771118164,24.6299991607666,8.149264335632324,30600
2010-09-30,24.729999542236328,24.739999771118164,24.649999618530273,24.739999771118164,8.185656547546387,26700
2010-10-01,24.75,24.969999313354492,24.65999984741211,24.950000762939453,8.25514030456543,40000
2010-10-04,24.809999465942383,25.0,24.75,24.940000534057617,8.251832008361816,42600
2010-10-05,24.899999618530273,25.290000915527344,24.889999389648438,25.0,8.271682739257812,63500
2010-10-06,24.989999771118164,25.079999923706055,24.989999771118164,25.040000915527344,8.284920692443848,34300
2010-10-07,25.100000381469727,25.100000381469727,25.0,25.06999969482422,8.294841766357422,10300
2010-10-08,25.049999237060547,25.170000076293945,25.030000686645508,25.059999465942383,8.29153060913086,32700
2010-10-11,25.030000686645508,25.18000030517578,25.0,25.059999465942383,8.29153060913086,23800
2010-10-12,25.09000015258789,25.25,25.030000686645508,25.18000030517578,8.331236839294434,30100
2010-10-13,25.030000686645508,25.209999084472656,25.010000228881836,25.209999084472656,8.3988676071167,40300
2010-10-14,25.100000381469727,25.200000762939453,25.0,25.010000228881836,8.332233428955078,23900
2010-10-15,25.049999237060547,25.06999969482422,24.81999969482422,24.81999969482422,8.268941879272461,43900
2010-10-18,24.81999969482422,25.209999084472656,24.450000762939453,24.510000228881836,8.165658950805664,69800
2010-10-19,24.600000381469727,24.700000762939453,24.530000686645508,24.59000015258789,8.19231128692627,18600
2010-10-20,24.729999542236328,24.84000015258789,24.719999313354492,24.829999923706055,8.27226734161377,25000
2010-10-21,24.850000381469727,25.25,24.75,25.100000381469727,8.362225532531738,83800
2010-10-22,25.100000381469727,25.100000381469727,24.799999237060547,24.979999542236328,8.32223892211914,45000
2010-10-25,24.979999542236328,25.040000915527344,24.829999923706055,24.889999389648438,8.292261123657227,37400
2010-10-26,24.81999969482422,24.940000534057617,24.65999984741211,24.809999465942383,8.265605926513672,40300
2010-10-27,24.81999969482422,24.8700008392334,24.700000762939453,24.770000457763672,8.252279281616211,28500
2010-10-28,24.760000228881836,24.829999923706055,24.670000076293945,24.770000457763672,8.252279281616211,30700
2010-10-29,24.790000915527344,24.84000015258789,24.68000030517578,24.829999923706055,8.27226734161377,23300
2010-11-01,24.760000228881836,24.84000015258789,24.600000381469727,24.729999542236328,8.2389554977417,40300
2010-11-02,24.899999618530273,24.920000076293945,24.610000610351562,24.799999237060547,8.262277603149414,44500
2010-11-03,24.760000228881836,25.09000015258789,24.760000228881836,25.09000015258789,8.358892440795898,56700
2010-11-04,24.950000762939453,25.100000381469727,24.75,25.100000381469727,8.362225532531738,94700
2010-11-05,25.020000457763672,25.139999389648438,24.979999542236328,25.139999389648438,8.37554931640625,20000
2010-11-08,25.1299991607666,25.200000762939453,24.940000534057617,25.149999618530273,8.378876686096191,37700
2010-11-09,25.100000381469727,25.350000381469727,25.0,25.059999465942383,8.348896026611328,23500
2010-11-10,24.8799991607666,25.239999771118164,24.8799991607666,25.059999465942383,8.406929969787598,40200
2010-11-11,24.940000534057617,25.18000030517578,24.8799991607666,25.040000915527344,8.400221824645996,15500
2010-11-12,24.989999771118164,25.200000762939453,24.950000762939453,25.149999618530273,8.437124252319336,14300
2010-11-15,25.100000381469727,25.200000762939453,25.030000686645508,25.030000686645508,8.39686393737793,31400
2010-11-16,25.200000762939453,25.200000762939453,24.420000076293945,24.649999618530273,8.26938533782959,64200
2010-11-17,24.65999984741211,24.959999084472656,24.309999465942383,24.739999771118164,8.29958438873291,49200
2010-11-18,24.610000610351562,25.0,24.610000610351562,24.899999618530273,8.353257179260254,29100
2010-11-19,24.899999618530273,24.950000762939453,24.719999313354492,24.940000534057617,8.366676330566406,45900
2010-11-22,24.979999542236328,25.0,24.709999084472656,25.0,8.386807441711426,56500
2010-11-23,24.690000534057617,25.020000457763672,24.540000915527344,24.809999465942383,8.323065757751465,68000
2010-11-24,24.719999313354492,25.100000381469727,24.719999313354492,24.93000030517578,8.363326072692871,24900
2010-11-26,25.0,25.100000381469727,24.799999237060547,25.049999237060547,8.403572082519531,16000
2010-11-29,25.040000915527344,25.040000915527344,24.8700008392334,25.0,8.386807441711426,43100
2010-11-30,25.040000915527344,25.040000915527344,24.920000076293945,25.020000457763672,8.393513679504395,15700
2010-12-01,24.920000076293945,25.079999923706055,24.920000076293945,25.059999465942383,8.406929969787598,91200
2010-12-02,25.100000381469727,25.360000610351562,24.899999618530273,24.90999984741211,8.356611251831055,40400
2010-12-03,24.760000228881836,25.09000015258789,24.760000228881836,25.059999465942383,8.406929969787598,36300
2010-12-06,25.09000015258789,25.100000381469727,25.0,25.079999923706055,8.413640022277832,25000
2010-12-07,25.100000381469727,25.239999771118164,24.739999771118164,24.770000457763672,8.309645652770996,49700
2010-12-08,24.829999923706055,24.860000610351562,24.5,24.600000381469727,8.252607345581055,36500
2010-12-09,24.5,24.690000534057617,24.100000381469727,24.440000534057617,8.198942184448242,59000
2010-12-10,24.360000610351562,24.469999313354492,24.18000030517578,24.469999313354492,8.209002494812012,42100
2010-12-13,24.34000015258789,24.420000076293945,23.75,23.969999313354492,8.098523139953613,75900
2010-12-14,23.8799991607666,24.440000534057617,23.8799991607666,24.209999084472656,8.179609298706055,47400
2010-12-15,24.049999237060547,24.600000381469727,23.950000762939453,24.0,8.108661651611328,40600
2010-12-16,24.149999618530273,24.149999618530273,23.8799991607666,24.030000686645508,8.11880111694336,44700
2010-12-17,23.90999984741211,24.479999542236328,23.90999984741211,24.479999542236328,8.270825386047363,70000
2010-12-20,24.399999618530273,24.790000915527344,24.260000228881836,24.790000915527344,8.375574111938477,38700
2010-12-21,24.920000076293945,24.950000762939453,24.670000076293945,24.850000381469727,8.395835876464844,66400
2010-12-22,24.690000534057617,24.90999984741211,24.68000030517578,24.90999984741211,8.416112899780273,35400
2010-12-23,25.06999969482422,25.06999969482422,24.950000762939453,25.030000686645508,8.456652641296387,36200
2010-12-27,25.06999969482422,25.200000762939453,25.020000457763672,25.149999618530273,8.497197151184082,50900
2010-12-28,25.200000762939453,25.290000915527344,25.200000762939453,25.239999771118164,8.527605056762695,56800
2010-12-29,25.239999771118164,25.25,24.959999084472656,25.100000381469727,8.48030948638916,26900
2010-12-30,25.260000228881836,26.729999542236328,25.06999969482422,25.329999923706055,8.55801010131836,68900
2010-12-31,25.790000915527344,25.790000915527344,25.139999389648438,25.5,8.615452766418457,17300
2011-01-03,25.34000015258789,25.459999084472656,25.0,25.18000030517578,8.507332801818848,26600
2011-01-04,25.75,25.75,25.25,25.260000228881836,8.5343656539917,34300
2011-01-05,25.25,25.399999618530273,25.040000915527344,25.25,8.530984878540039,33700
2011-01-06,25.3700008392334,25.3700008392334,25.059999465942383,25.25,8.530984878540039,41000
2011-01-07,25.25,25.350000381469727,25.010000228881836,25.200000762939453,8.514095306396484,56100
2011-01-10,25.139999389648438,25.729999542236328,25.139999389648438,25.639999389648438,8.662755012512207,50600
2011-01-11,25.729999542236328,25.729999542236328,25.309999465942383,25.719999313354492,8.689781188964844,61800
2011-01-12,25.729999542236328,25.729999542236328,25.309999465942383,25.540000915527344,8.687399864196777,45300
2011-01-13,25.5,25.670000076293945,25.09000015258789,25.25,8.588752746582031,45800
2011-01-14,25.34000015258789,25.549999237060547,25.1200008392334,25.489999771118164,8.670391082763672,21900
2011-01-18,25.5,25.5,25.100000381469727,25.209999084472656,8.575148582458496,53200
2011-01-19,25.200000762939453,25.270000457763672,25.09000015258789,25.1200008392334,8.544534683227539,13000
2011-01-20,25.1299991607666,25.190000534057617,24.90999984741211,25.18000030517578,8.564942359924316,51900
2011-01-21,25.200000762939453,25.200000762939453,24.90999984741211,25.0,8.503718376159668,30800
2011-01-24,25.06999969482422,25.219999313354492,24.940000534057617,25.030000686645508,8.513922691345215,41100
2011-01-25,25.1299991607666,25.1299991607666,24.84000015258789,24.940000534057617,8.48331069946289,34500
2011-01-26,24.940000534057617,25.1299991607666,24.84000015258789,25.06999969482422,8.5275297164917,45800
2011-01-27,25.1200008392334,25.309999465942383,25.0,25.299999237060547,8.605764389038086,19400
2011-01-28,25.139999389648438,25.25,24.920000076293945,25.06999969482422,8.5275297164917,35400
2011-01-31,25.209999084472656,25.209999084472656,24.93000030517578,25.09000015258789,8.534332275390625,26000
2011-02-01,25.0,25.1200008392334,24.790000915527344,24.899999618530273,8.469705581665039,62300
2011-02-02,25.010000228881836,25.09000015258789,24.969999313354492,25.059999465942383,8.524123191833496,35900
2011-02-03,25.139999389648438,25.139999389648438,24.920000076293945,25.040000915527344,8.517325401306152,39000
2011-02-04,24.959999084472656,24.979999542236328,24.899999618530273,24.90999984741211,8.473105430603027,19800
2011-02-07,25.040000915527344,25.040000915527344,24.90999984741211,24.950000762939453,8.486710548400879,37600
2011-02-08,25.0,25.0,24.8799991607666,24.940000534057617,8.48331069946289,41600
2011-02-09,25.0,25.239999771118164,24.90999984741211,25.149999618530273,8.554738998413086,35000
2011-02-10,25.149999618530273,25.239999771118164,24.950000762939453,25.030000686645508,8.513922691345215,30700
2011-02-11,24.940000534057617,25.059999465942383,24.889999389648438,24.989999771118164,8.559478759765625,35400
2011-02-14,24.889999389648438,25.09000015258789,24.889999389648438,24.950000762939453,8.545777320861816,38300
2011-02-15,24.899999618530273,25.06999969482422,24.899999618530273,24.969999313354492,8.55262279510498,30900
2011-02-16,25.0,25.010000228881836,24.770000457763672,24.84000015258789,8.508099555969238,54500
2011-02-17,24.84000015258789,24.899999618530273,24.700000762939453,24.8799991607666,8.521798133850098,40600
2011-02-18,24.8799991607666,25.0,24.850000381469727,24.90999984741211,8.532073974609375,47700
2011-02-22,25.010000228881836,25.020000457763672,24.5,24.889999389648438,8.525225639343262,44600
2011-02-23,24.760000228881836,24.899999618530273,24.56999969482422,24.670000076293945,8.449869155883789,49600
2011-02-24,24.610000610351562,25.0,24.610000610351562,24.959999084472656,8.549203872680664,49800
2011-02-25,24.799999237060547,24.969999313354492,24.719999313354492,24.899999618530273,8.528656005859375,46400
2011-02-28,25.0,25.0,24.709999084472656,24.829999923706055,8.50467300415039,54100
2011-03-01,24.829999923706055,24.989999771118164,24.829999923706055,24.959999084472656,8.549203872680664,44300
2011-03-02,25.0,25.1200008392334,24.81999969482422,24.81999969482422,8.501250267028809,112700
2011-03-03,24.84000015258789,25.389999389648438,24.84000015258789,25.3799991607666,8.6930570602417,65600
2011-03-04,25.389999389648438,25.639999389648438,25.15999984741211,25.639999389648438,8.782116889953613,46300
2011-03-07,25.600000381469727,25.600000381469727,25.139999389648438,25.239999771118164,8.64510440826416,44000
2011-03-08,25.190000534057617,25.309999465942383,25.100000381469727,25.110000610351562,8.600577354431152,29500
2011-03-09,25.059999465942383,25.149999618530273,24.8700008392334,24.950000762939453,8.545777320861816,37200
2011-03-10,24.790000915527344,24.899999618530273,24.75,24.860000610351562,8.514954566955566,35900
2011-03-11,24.639999389648438,25.0,24.639999389648438,24.979999542236328,8.616006851196289,34700
2011-03-14,24.950000762939453,24.969999313354492,24.899999618530273,24.920000076293945,8.595316886901855,14000
2011-03-15,24.75,24.850000381469727,24.690000534057617,24.790000915527344,8.550475120544434,38800
2011-03-16,24.780000686645508,24.780000686645508,24.610000610351562,24.610000610351562,8.488385200500488,31100
2011-03-17,24.600000381469727,24.690000534057617,24.510000228881836,24.510000228881836,8.453900337219238,60300
2011-03-18,24.75,24.790000915527344,24.639999389648438,24.739999771118164,8.53322982788086,14200
2011-03-21,24.889999389648438,24.889999389648438,24.610000610351562,24.68000030517578,8.51253604888916,45500
2011-03-22,24.530000686645508,24.690000534057617,24.5,24.530000686645508,8.460800170898438,60100
2011-03-23,24.59000015258789,24.739999771118164,24.520000457763672,24.739999771118164,8.53322982788086,23600
2011-03-24,24.700000762939453,24.739999771118164,24.579999923706055,24.65999984741211,8.505631446838379,36100
2011-03-25,24.729999542236328,24.729999542236328,24.600000381469727,24.600000381469727,8.484944343566895,9700
2011-03-28,24.639999389648438,24.709999084472656,24.6200008392334,24.649999618530273,8.50218391418457,35700
2011-03-29,24.600000381469727,24.770000457763672,24.600000381469727,24.75,8.536678314208984,27300
2011-03-30,24.649999618530273,24.969999313354492,24.649999618530273,24.950000762939453,8.60566520690918,13800
2011-03-31,24.989999771118164,25.0,24.8700008392334,24.8700008392334,8.578072547912598,64300
2011-04-01,24.93000030517578,25.0,24.799999237060547,24.959999084472656,8.609106063842773,18700
2011-04-04,25.0,25.0,24.809999465942383,24.860000610351562,8.574626922607422,37500
2011-04-05,24.81999969482422,25.100000381469727,24.81999969482422,25.020000457763672,8.629805564880371,45700
2011-04-06,25.020000457763672,25.149999618530273,25.020000457763672,25.079999923706055,8.650498390197754,31600
2011-04-07,25.149999618530273,25.15999984741211,24.90999984741211,25.049999237060547,8.640152931213379,60300
2011-04-08,25.030000686645508,25.219999313354492,24.850000381469727,24.8799991607666,8.581521034240723,36800
2011-04-11,25.0,25.09000015258789,24.75,24.8799991607666,8.581521034240723,45900
2011-04-12,24.860000610351562,24.940000534057617,24.719999313354492,24.809999465942383,8.557374000549316,57000
2011-04-13,24.760000228881836,24.950000762939453,24.6299991607666,24.6299991607666,8.55494213104248,73400
2011-04-14,24.6200008392334,24.8700008392334,24.530000686645508,24.6299991607666,8.55494213104248,96900
2011-04-15,24.649999618530273,24.959999084472656,24.649999618530273,24.780000686645508,8.60704517364502,26400
2011-04-18,24.860000610351562,24.860000610351562,24.6200008392334,24.760000228881836,8.600093841552734,28700
2011-04-19,24.8700008392334,25.040000915527344,24.799999237060547,24.979999542236328,8.676506996154785,24700
2011-04-20,25.09000015258789,25.09000015258789,24.649999618530273,24.700000762939453,8.579254150390625,44900
2011-04-21,24.639999389648438,24.75,24.540000915527344,24.75,8.596622467041016,30100
2011-04-25,24.799999237060547,24.799999237060547,24.709999084472656,24.75,8.596622467041016,12400
2011-04-26,24.780000686645508,24.8799991607666,24.709999084472656,24.829999923706055,8.624408721923828,27300
2011-04-27,24.860000610351562,24.979999542236328,24.860000610351562,24.93000030517578,8.659141540527344,20500
2011-04-28,24.950000762939453,24.950000762939453,24.549999237060547,24.75,8.596622467041016,77700
2011-04-29,24.81999969482422,24.90999984741211,24.729999542236328,24.84000015258789,8.627883911132812,29000
2011-05-02,24.950000762939453,24.950000762939453,24.809999465942383,24.950000762939453,8.666092872619629,18000
2011-05-03,25.0,25.0,24.790000915527344,24.799999237060547,8.613990783691406,28000
2011-05-04,24.780000686645508,24.950000762939453,24.780000686645508,24.940000534057617,8.662620544433594,21000
2011-05-05,24.950000762939453,24.950000762939453,24.860000610351562,24.920000076293945,8.655669212341309,30100
2011-05-06,24.950000762939453,24.950000762939453,24.799999237060547,24.829999923706055,8.624408721923828,22900
2011-05-09,24.90999984741211,24.989999771118164,24.799999237060547,24.969999313354492,8.673036575317383,24000
2011-05-10,24.90999984741211,25.049999237060547,24.90999984741211,24.989999771118164,8.6799898147583,23700
2011-05-11,24.899999618530273,24.93000030517578,24.6299991607666,24.809999465942383,8.677535057067871,44600
2011-05-12,24.790000915527344,24.950000762939453,24.790000915527344,24.950000762939453,8.7265043258667,16000
2011-05-13,24.940000534057617,24.940000534057617,24.709999084472656,24.899999618530273,8.70901107788086,36300
2011-05-16,24.920000076293945,24.950000762939453,24.799999237060547,24.850000381469727,8.69152545928955,23500
2011-05-17,24.850000381469727,24.940000534057617,24.729999542236328,24.809999465942383,8.677535057067871,31300
2011-05-18,24.850000381469727,24.899999618530273,24.709999084472656,24.709999084472656,8.642561912536621,23200
2011-05-19,24.719999313354492,24.75,24.600000381469727,24.600000381469727,8.604087829589844,43100
2011-05-20,24.56999969482422,24.81999969482422,24.56999969482422,24.75,8.656553268432617,27400
2011-05-23,24.81999969482422,24.81999969482422,24.579999923706055,24.610000610351562,8.607579231262207,45000
2011-05-24,24.579999923706055,24.68000030517578,24.56999969482422,24.59000015258789,8.600584983825684,21900
2011-05-25,24.639999389648438,24.729999542236328,24.6200008392334,24.6200008392334,8.611084938049316,30000
2011-05-26,24.559999465942383,24.729999542236328,24.530000686645508,24.729999542236328,8.64955997467041,27600
2011-05-27,24.739999771118164,24.790000915527344,24.6299991607666,24.709999084472656,8.642561912536621,67400
2011-05-31,24.829999923706055,24.84000015258789,24.709999084472656,24.770000457763672,8.663542747497559,28800
2011-06-01,24.75,24.84000015258789,24.639999389648438,24.690000534057617,8.635567665100098,30600
2011-06-02,24.6299991607666,24.84000015258789,24.6299991607666,24.670000076293945,8.628569602966309,47100
2011-06-03,24.709999084472656,24.90999984741211,24.709999084472656,24.90999984741211,8.712510108947754,20100
2011-06-06,24.93000030517578,24.940000534057617,24.639999389648438,24.649999618530273,8.621573448181152,27300
2011-06-07,24.670000076293945,24.760000228881836,24.450000762939453,24.5,8.569110870361328,62000
2011-06-08,24.600000381469727,24.600000381469727,24.229999542236328,24.260000228881836,8.485164642333984,42100
2011-06-09,24.399999618530273,24.399999618530273,23.920000076293945,24.09000015258789,8.425708770751953,92200
2011-06-10,24.170000076293945,24.170000076293945,24.0,24.040000915527344,8.408215522766113,40200
2011-06-13,23.979999542236328,24.1200008392334,23.8799991607666,24.1200008392334,8.49735164642334,9400
2011-06-14,24.06999969482422,24.229999542236328,23.790000915527344,23.8799991607666,8.412802696228027,45800
2011-06-15,23.8799991607666,23.899999618530273,23.399999618530273,23.5,8.278924942016602,45200
2011-06-16,23.549999237060547,23.719999313354492,23.399999618530273,23.639999389648438,8.328254699707031,41800
2011-06-17,23.760000228881836,23.760000228881836,23.510000228881836,23.56999969482422,8.303592681884766,30500
2011-06-20,23.700000762939453,23.700000762939453,23.389999389648438,23.399999618530273,8.243701934814453,31400
2011-06-21,23.469999313354492,23.530000686645508,23.3700008392334,23.489999771118164,8.275406837463379,29300
2011-06-22,23.3799991607666,23.6200008392334,23.3799991607666,23.610000610351562,8.317687034606934,37200
2011-06-23,23.649999618530273,23.829999923706055,23.3700008392334,23.639999389648438,8.328254699707031,41200
2011-06-24,23.709999084472656,23.75,23.639999389648438,23.639999389648438,8.328254699707031,19000
2011-06-27,23.639999389648438,23.780000686645508,23.6299991607666,23.649999618530273,8.331774711608887,21200
2011-06-28,23.790000915527344,23.899999618530273,23.700000762939453,23.899999618530273,8.419853210449219,31000
2011-06-29,23.829999923706055,24.469999313354492,23.829999923706055,24.3700008392334,8.585431098937988,80400
2011-06-30,24.219999313354492,24.420000076293945,24.18000030517578,24.420000076293945,8.603041648864746,26600
2011-07-01,24.440000534057617,24.729999542236328,24.420000076293945,24.530000686645508,8.64179515838623,46100
2011-07-05,24.43000030517578,24.719999313354492,24.43000030517578,24.639999389648438,8.680549621582031,25100
2011-07-06,24.670000076293945,24.670000076293945,24.1299991607666,24.170000076293945,8.514967918395996,36100
2011-07-07,24.239999771118164,24.540000915527344,24.239999771118164,24.510000228881836,8.634749412536621,11500
2011-07-08,24.25,24.6299991607666,24.25,24.559999465942383,8.652362823486328,13900
2011-07-11,24.6200008392334,24.6200008392334,24.440000534057617,24.489999771118164,8.627700805664062,18800
2011-07-12,24.489999771118164,24.489999771118164,24.149999618530273,24.260000228881836,8.546672821044922,28700
2011-07-13,24.15999984741211,24.290000915527344,24.06999969482422,24.149999618530273,8.5690279006958,2600
2011-07-14,24.079999923706055,24.170000076293945,23.530000686645508,23.579999923706055,8.36677360534668,62400
2011-07-15,23.549999237060547,23.670000076293945,23.360000610351562,23.559999465942383,8.359678268432617,60000
2011-07-18,23.649999618530273,23.670000076293945,23.260000228881836,23.329999923706055,8.278071403503418,76100
2011-07-19,23.479999542236328,23.579999923706055,23.389999389648438,23.450000762939453,8.320652961730957,49500
2011-07-20,23.270000457763672,23.600000381469727,23.190000534057617,23.40999984741211,8.306455612182617,87000
2011-07-21,23.540000915527344,23.860000610351562,23.299999237060547,23.649999618530273,8.391616821289062,133400
2011-07-22,23.700000762939453,23.760000228881836,23.420000076293945,23.469999313354492,8.327747344970703,29700
2011-07-25,23.469999313354492,23.6299991607666,23.3700008392334,23.6299991607666,8.38452434539795,25200
2011-07-26,23.579999923706055,23.579999923706055,23.25,23.280000686645508,8.26032543182373,48000
2011-07-27,23.260000228881836,23.399999618530273,22.709999084472656,22.90999984741211,8.129046440124512,77100
2011-07-28,23.020000457763672,23.239999771118164,22.920000076293945,22.989999771118164,8.15743350982666,73800
2011-07-29,22.760000228881836,23.149999618530273,22.75,23.1200008392334,8.203557968139648,33800
2011-08-01,23.149999618530273,23.329999923706055,22.979999542236328,23.100000381469727,8.196464538574219,27100
2011-08-02,23.200000762939453,23.350000381469727,22.979999542236328,23.059999465942383,8.182269096374512,41400
2011-08-03,23.219999313354492,23.270000457763672,23.010000228881836,23.15999984741211,8.217747688293457,26900
2011-08-04,23.059999465942383,23.209999084472656,22.860000610351562,22.899999618530273,8.125494003295898,32900
2011-08-05,23.010000228881836,23.149999618530273,22.5,22.760000228881836,8.075822830200195,83600
2011-08-08,20.989999771118164,22.65999984741211,20.40999984741211,21.1200008392334,7.493906021118164,108200
2011-08-09,21.149999618530273,22.860000610351562,21.149999618530273,22.31999969482422,7.919693946838379,69800
2011-08-10,22.299999237060547,22.299999237060547,21.56999969482422,21.8700008392334,7.760033130645752,52800
2011-08-11,22.040000915527344,22.389999389648438,21.649999618530273,22.139999389648438,7.918468952178955,51200
2011-08-12,22.020000457763672,22.270000457763672,22.0,22.079999923706055,7.897008419036865,40900
2011-08-15,22.309999465942383,22.309999465942383,21.950000762939453,22.290000915527344,7.972114086151123,27400
2011-08-16,22.350000381469727,22.350000381469727,22.040000915527344,22.059999465942383,7.8898539543151855,15900
2011-08-17,22.06999969482422,23.290000915527344,22.06999969482422,23.0,8.226052284240723,39400
2011-08-18,22.520000457763672,22.700000762939453,22.329999923706055,22.549999237060547,8.065103530883789,43700
2011-08-19,22.399999618530273,22.6200008392334,22.209999084472656,22.25,7.957808017730713,28900
2011-08-22,22.399999618530273,22.469999313354492,21.850000381469727,22.100000381469727,7.904162883758545,57800
2011-08-23,22.299999237060547,22.530000686645508,22.15999984741211,22.329999923706055,7.986419677734375,12200
2011-08-24,22.209999084472656,22.65999984741211,22.15999984741211,22.34000015258789,7.989992141723633,28600
2011-08-25,22.270000457763672,22.3799991607666,22.0,22.020000457763672,7.875552654266357,18800
2011-08-26,22.040000915527344,22.299999237060547,22.0,22.09000015258789,7.9005818367004395,10300
2011-08-29,22.280000686645508,22.479999542236328,22.139999389648438,22.450000762939453,8.029338836669922,33600
2011-08-30,22.309999465942383,22.479999542236328,22.049999237060547,22.260000228881836,7.961387634277344,57600
2011-08-31,22.239999771118164,22.68000030517578,22.239999771118164,22.399999618530273,8.011459350585938,22900
2011-09-01,22.559999465942383,22.59000015258789,22.229999542236328,22.25,7.957808017730713,26900
2011-09-02,22.25,22.600000381469727,21.850000381469727,22.209999084472656,7.943502426147461,72200
2011-09-06,21.860000610351562,22.06999969482422,21.559999465942383,21.709999084472656,7.764678001403809,38500
2011-09-07,21.899999618530273,21.950000762939453,21.399999618530273,21.520000457763672,7.696723461151123,49400
2011-09-08,21.34000015258789,21.610000610351562,21.34000015258789,21.440000534057617,7.668108940124512,28300
2011-09-09,21.479999542236328,21.479999542236328,21.200000762939453,21.25,7.600155830383301,84600
2011-09-12,21.1299991607666,21.290000915527344,20.920000076293945,21.219999313354492,7.5894293785095215,36300
2011-09-13,21.209999084472656,21.31999969482422,21.1200008392334,21.1200008392334,7.615748882293701,36100
2011-09-14,21.149999618530273,21.530000686645508,21.030000686645508,21.469999313354492,7.741957187652588,68700
2011-09-15,21.5,21.5,21.260000228881836,21.40999984741211,7.720322608947754,30800
2011-09-16,21.530000686645508,21.59000015258789,21.309999465942383,21.579999923706055,7.781622409820557,10200
2011-09-19,21.579999923706055,21.68000030517578,21.399999618530273,21.510000228881836,7.756383419036865,26900
2011-09-20,21.469999313354492,21.56999969482422,21.360000610351562,21.3700008392334,7.705896377563477,14700
2011-09-21,21.270000457763672,21.56999969482422,21.010000228881836,21.020000457763672,7.57968807220459,51900
2011-09-22,20.690000534057617,21.079999923706055,20.65999984741211,20.899999618530273,7.5364179611206055,45600
2011-09-23,21.049999237060547,21.079999923706055,20.75,21.020000457763672,7.57968807220459,13000
2011-09-26,20.959999084472656,21.15999984741211,20.959999084472656,21.139999389648438,7.622959613800049,35800
2011-09-27,21.219999313354492,21.299999237060547,21.059999465942383,21.1200008392334,7.615748882293701,40900
2011-09-28,21.190000534057617,21.190000534057617,20.899999618530273,20.920000076293945,7.5436272621154785,17800
2011-09-29,21.0,21.18000030517578,20.860000610351562,21.010000228881836,7.5760817527771,27800
2011-09-30,20.969999313354492,20.979999542236328,20.610000610351562,20.639999389648438,7.442667007446289,25500
2011-10-03,20.760000228881836,20.760000228881836,20.479999542236328,20.479999542236328,7.384969234466553,11400
2011-10-04,20.43000030517578,20.549999237060547,19.889999389648438,20.149999618530273,7.265974521636963,49300
2011-10-05,20.270000457763672,20.440000534057617,20.09000015258789,20.440000534057617,7.370541095733643,36700
2011-10-06,20.170000076293945,20.350000381469727,19.90999984741211,20.149999618530273,7.265974521636963,90000
2011-10-07,20.25,20.25,19.979999542236328,20.110000610351562,7.251550197601318,49000
2011-10-10,20.239999771118164,20.600000381469727,20.15999984741211,20.59000015258789,7.424631595611572,17000
2011-10-11,20.459999084472656,20.809999465942383,20.450000762939453,20.799999237060547,7.5003581047058105,39700
2011-10-12,20.6200008392334,20.799999237060547,20.530000686645508,20.790000915527344,7.559633255004883,30000
2011-10-13,20.59000015258789,20.6200008392334,20.3799991607666,20.479999542236328,7.446910381317139,38000
2011-10-14,20.549999237060547,20.760000228881836,20.18000030517578,20.59000015258789,7.486903667449951,81500
2011-10-17,20.459999084472656,20.510000228881836,20.290000915527344,20.3700008392334,7.406909465789795,41500
2011-10-18,20.350000381469727,20.399999618530273,20.049999237060547,20.229999542236328,7.355999946594238,70700
2011-10-19,20.229999542236328,20.350000381469727,20.100000381469727,20.18000030517578,7.337820529937744,41600
2011-10-20,20.1200008392334,20.299999237060547,20.1200008392334,20.290000915527344,7.377816677093506,45700
2011-10-21,20.170000076293945,20.40999984741211,20.170000076293945,20.299999237060547,7.381450176239014,29000
2011-10-24,20.200000762939453,20.3700008392334,20.149999618530273,20.270000457763672,7.370543956756592,48800
2011-10-25,20.15999984741211,20.25,20.110000610351562,20.239999771118164,7.359634876251221,58400
2011-10-26,20.209999084472656,20.34000015258789,20.209999084472656,20.31999969482422,7.388727188110352,54300
2011-10-27,20.479999542236328,20.68000030517578,20.399999618530273,20.6299991607666,7.5014495849609375,49400
2011-10-28,20.459999084472656,20.670000076293945,20.459999084472656,20.6299991607666,7.5014495849609375,26800
2011-10-31,20.559999465942383,20.700000762939453,20.360000610351562,20.600000381469727,7.490540504455566,54300
2011-11-01,20.549999237060547,20.700000762939453,20.399999618530273,20.639999389648438,7.5050859451293945,42400
2011-11-02,20.65999984741211,20.799999237060547,20.600000381469727,20.799999237060547,7.563266277313232,39000
2011-11-03,20.799999237060547,20.940000534057617,20.649999618530273,20.940000534057617,7.614166259765625,38600
2011-11-04,20.93000030517578,21.079999923706055,20.809999465942383,21.079999923706055,7.665077209472656,61900
2011-11-07,21.09000015258789,21.149999618530273,20.850000381469727,20.899999618530273,7.599625110626221,30300
2011-11-08,21.040000915527344,21.040000915527344,20.829999923706055,20.93000030517578,7.610537052154541,28700
2011-11-09,20.84000015258789,21.06999969482422,20.690000534057617,20.860000610351562,7.585079193115234,32100
2011-11-10,20.770000457763672,20.8799991607666,20.559999465942383,20.729999542236328,7.6008477210998535,23900
2011-11-11,20.719999313354492,20.75,20.59000015258789,20.639999389648438,7.567852020263672,21600
2011-11-14,20.489999771118164,20.600000381469727,20.3700008392334,20.450000762939453,7.498181343078613,56600
2011-11-15,20.329999923706055,20.469999313354492,20.309999465942383,20.43000030517578,7.490848541259766,59200
2011-11-16,20.290000915527344,20.3799991607666,20.149999618530273,20.149999618530273,7.388188362121582,56100
2011-11-17,20.270000457763672,20.290000915527344,20.139999389648438,20.200000762939453,7.406519412994385,40800
2011-11-18,20.200000762939453,20.389999389648438,20.200000762939453,20.3700008392334,7.4688520431518555,25000
2011-11-21,20.31999969482422,20.3700008392334,20.200000762939453,20.309999465942383,7.4468512535095215,40700
2011-11-22,20.389999389648438,20.440000534057617,20.25,20.270000457763672,7.432184219360352,37800
2011-11-23,20.200000762939453,20.299999237060547,20.040000915527344,20.1299991607666,7.380849361419678,112300
2011-11-25,20.209999084472656,20.299999237060547,20.079999923706055,20.299999237060547,7.44318151473999,7900
2011-11-28,20.360000610351562,20.579999923706055,20.100000381469727,20.100000381469727,7.369848728179932,37000
2011-11-29,20.200000762939453,20.350000381469727,20.200000762939453,20.34000015258789,7.457852363586426,33900
2011-11-30,20.31999969482422,20.43000030517578,20.200000762939453,20.360000610351562,7.465180397033691,78300
2011-12-01,20.450000762939453,20.450000762939453,20.270000457763672,20.299999237060547,7.44318151473999,45900
2011-12-02,20.43000030517578,20.729999542236328,20.43000030517578,20.5,7.516521453857422,62400
2011-12-05,20.639999389648438,20.639999389648438,20.5,20.510000228881836,7.520181655883789,48900
2011-12-06,20.450000762939453,20.540000915527344,20.31999969482422,20.360000610351562,7.465180397033691,70600
2011-12-07,20.459999084472656,20.459999084472656,20.229999542236328,20.290000915527344,7.439518451690674,82600
2011-12-08,20.280000686645508,20.290000915527344,20.0,20.260000228881836,7.428520202636719,75200
2011-12-09,20.389999389648438,20.75,20.290000915527344,20.729999542236328,7.6008477210998535,50800
2011-12-12,20.799999237060547,20.799999237060547,20.440000534057617,20.5,7.516521453857422,59700
2011-12-13,20.43000030517578,20.469999313354492,20.06999969482422,20.219999313354492,7.4769511222839355,94300
2011-12-14,20.06999969482422,20.3799991607666,20.010000228881836,20.350000381469727,7.525026798248291,51500
2011-12-15,20.56999969482422,20.56999969482422,20.15999984741211,20.260000228881836,7.4917426109313965,93800
2011-12-16,20.25,20.25,20.100000381469727,20.110000610351562,7.436276912689209,70600
2011-12-19,20.100000381469727,20.25,20.100000381469727,20.18000030517578,7.462159633636475,65700
2011-12-20,20.18000030517578,20.399999618530273,20.1200008392334,20.200000762939453,7.46955680847168,98900
2011-12-21,20.299999237060547,20.360000610351562,20.030000686645508,20.100000381469727,7.432579517364502,77900
2011-12-22,20.260000228881836,20.520000457763672,20.239999771118164,20.34000015258789,7.521321773529053,84500
2011-12-23,20.479999542236328,20.84000015258789,20.09000015258789,20.25,7.488043785095215,148400
2011-12-27,20.229999542236328,20.40999984741211,20.18000030517578,20.239999771118164,7.484345436096191,132000
2011-12-28,20.170000076293945,20.530000686645508,20.170000076293945,20.450000762939453,7.5620012283325195,78300
2011-12-29,20.469999313354492,20.469999313354492,20.260000228881836,20.450000762939453,7.5620012283325195,99600
2011-12-30,20.600000381469727,20.729999542236328,20.06999969482422,20.350000381469727,7.525026798248291,135000
2012-01-03,20.649999618530273,20.690000534057617,20.3799991607666,20.690000534057617,7.65075159072876,49900
2012-01-04,20.600000381469727,21.100000381469727,20.600000381469727,21.06999969482422,7.791263580322266,65800
2012-01-05,21.149999618530273,21.260000228881836,21.0,21.149999618530273,7.820845127105713,48400
2012-01-06,21.309999465942383,21.43000030517578,21.149999618530273,21.299999237060547,7.876315593719482,44900
2012-01-09,21.299999237060547,21.40999984741211,21.18000030517578,21.190000534057617,7.835634231567383,49800
2012-01-10,21.299999237060547,21.530000686645508,21.15999984741211,21.489999771118164,7.946572303771973,75800
2012-01-11,21.790000915527344,22.020000457763672,21.610000610351562,22.010000228881836,8.20490837097168,12800
2012-01-12,22.229999542236328,22.229999542236328,21.84000015258789,21.93000030517578,8.175085067749023,50900
2012-01-13,22.229999542236328,22.229999542236328,21.84000015258789,22.110000610351562,8.242176055908203,48300
2012-01-17,22.25,22.25,22.059999465942383,22.059999465942383,8.22354793548584,41200
2012-01-18,22.219999313354492,22.450000762939453,21.850000381469727,21.899999618530273,8.163900375366211,59100
2012-01-19,22.09000015258789,22.260000228881836,21.8799991607666,22.170000076293945,8.264551162719727,54600
2012-01-20,22.270000457763672,22.399999618530273,22.18000030517578,22.25,8.294378280639648,66900
2012-01-23,22.329999923706055,22.329999923706055,22.049999237060547,22.18000030517578,8.268280029296875,37300
2012-01-24,22.290000915527344,22.360000610351562,22.100000381469727,22.270000457763672,8.301836013793945,51300
2012-01-25,22.40999984741211,22.540000915527344,22.34000015258789,22.450000762939453,8.368928909301758,96400
2012-01-26,22.670000076293945,22.670000076293945,22.450000762939453,22.600000381469727,8.424848556518555,45900
2012-01-27,22.770000457763672,22.770000457763672,22.600000381469727,22.700000762939453,8.462124824523926,53300
2012-01-30,22.700000762939453,22.700000762939453,22.3700008392334,22.56999969482422,8.413665771484375,35500
2012-01-31,22.739999771118164,22.739999771118164,22.489999771118164,22.639999389648438,8.439756393432617,35700
2012-02-01,22.829999923706055,22.989999771118164,22.739999771118164,22.899999618530273,8.53668212890625,60600
2012-02-02,22.760000228881836,22.989999771118164,22.760000228881836,22.8799991607666,8.529229164123535,60100
2012-02-03,22.969999313354492,23.450000762939453,22.969999313354492,23.40999984741211,8.726798057556152,41100
2012-02-06,23.239999771118164,23.450000762939453,23.100000381469727,23.219999313354492,8.65597152709961,35700
2012-02-07,23.350000381469727,23.350000381469727,23.040000915527344,23.149999618530273,8.629873275756836,33600
2012-02-08,23.34000015258789,23.399999618530273,23.209999084472656,23.309999465942383,8.689522743225098,36200
2012-02-09,23.399999618530273,23.559999465942383,23.219999313354492,23.559999465942383,8.782712936401367,40900
2012-02-10,23.6200008392334,23.75,23.309999465942383,23.56999969482422,8.786442756652832,78800
2012-02-13,23.579999923706055,23.68000030517578,23.1299991607666,23.229999542236328,8.72372817993164,12200
2012-02-14,23.350000381469727,23.399999618530273,22.90999984741211,23.079999923706055,8.667399406433105,49700
2012-02-15,23.280000686645508,23.3700008392334,23.100000381469727,23.18000030517578,8.7049560546875,33500
2012-02-16,23.309999465942383,23.5,23.0,23.299999237060547,8.750016212463379,32200
2012-02-17,23.489999771118164,23.540000915527344,23.270000457763672,23.489999771118164,8.821369171142578,29000
2012-02-21,23.6200008392334,23.739999771118164,23.290000915527344,23.540000915527344,8.840147972106934,36100
2012-02-22,23.65999984741211,23.780000686645508,23.56999969482422,23.739999771118164,8.915258407592773,32100
2012-02-23,23.889999389648438,23.889999389648438,23.709999084472656,23.760000228881836,8.922762870788574,36800
2012-02-24,23.889999389648438,24.030000686645508,23.739999771118164,23.889999389648438,8.971578598022461,38800
2012-02-27,23.940000534057617,23.940000534057617,23.360000610351562,23.440000534057617,8.802596092224121,83300
2012-02-28,23.540000915527344,23.600000381469727,23.40999984741211,23.530000686645508,8.836393356323242,70500
2012-02-29,23.600000381469727,23.600000381469727,23.229999542236328,23.229999542236328,8.72372817993164,41200
2012-03-01,23.479999542236328,23.690000534057617,23.15999984741211,23.260000228881836,8.734992980957031,50000
2012-03-02,23.260000228881836,23.440000534057617,23.09000015258789,23.1200008392334,8.68242359161377,40500
2012-03-05,23.25,23.25,23.010000228881836,23.09000015258789,8.671160697937012,45400
2012-03-06,23.149999618530273,23.229999542236328,22.850000381469727,23.040000915527344,8.652379989624023,55600
2012-03-07,23.239999771118164,23.399999618530273,23.030000686645508,23.1299991607666,8.686177253723145,26700
2012-03-08,23.3700008392334,23.389999389648438,23.219999313354492,23.329999923706055,8.761284828186035,21300
2012-03-09,23.3700008392334,23.59000015258789,23.299999237060547,23.450000762939453,8.806349754333496,57100
2012-03-12,23.56999969482422,23.719999313354492,23.469999313354492,23.670000076293945,8.88896369934082,52500
2012-03-13,23.639999389648438,23.649999618530273,23.5,23.610000610351562,8.93171501159668,9200
2012-03-14,23.649999618530273,23.780000686645508,23.229999542236328,23.31999969482422,8.822001457214355,33700
2012-03-15,23.43000030517578,23.579999923706055,23.34000015258789,23.56999969482422,8.916584968566895,48900
2012-03-16,23.6200008392334,23.860000610351562,23.299999237060547,23.309999465942383,8.81822681427002,57500
2012-03-19,23.5,23.5,23.229999542236328,23.31999969482422,8.822001457214355,35800
2012-03-20,23.440000534057617,23.469999313354492,23.059999465942383,23.149999618530273,8.757696151733398,37200
2012-03-21,23.299999237060547,23.3799991607666,23.200000762939453,23.309999465942383,8.81822681427002,22000
2012-03-22,23.3700008392334,23.40999984741211,23.030000686645508,23.06999969482422,8.727429389953613,35100
2012-03-23,23.190000534057617,23.450000762939453,23.18000030517578,23.280000686645508,8.806872367858887,37100
2012-03-26,23.420000076293945,23.540000915527344,23.329999923706055,23.510000228881836,8.893884658813477,26900
2012-03-27,23.6200008392334,23.670000076293945,23.1200008392334,23.149999618530273,8.757696151733398,167000
2012-03-28,23.280000686645508,23.309999465942383,23.1299991607666,23.239999771118164,8.791743278503418,33100
2012-03-29,23.290000915527344,23.34000015258789,23.18000030517578,23.239999771118164,8.791743278503418,34000
2012-03-30,23.399999618530273,23.479999542236328,23.280000686645508,23.3799991607666,8.844701766967773,50600
2012-04-02,23.5,23.549999237060547,23.399999618530273,23.510000228881836,8.893884658813477,41200
2012-04-03,23.360000610351562,23.670000076293945,23.350000381469727,23.549999237060547,8.909013748168945,48700
2012-04-04,23.59000015258789,23.6200008392334,23.40999984741211,23.530000686645508,8.90145206451416,38100
2012-04-05,23.56999969482422,23.639999389648438,23.489999771118164,23.6299991607666,8.939281463623047,30800
2012-04-09,23.6299991607666,23.889999389648438,23.6299991607666,23.889999389648438,9.03763484954834,19300
2012-04-10,23.920000076293945,23.920000076293945,23.760000228881836,23.799999237060547,9.003593444824219,80900
2012-04-11,23.860000610351562,24.040000915527344,23.780000686645508,23.780000686645508,9.061895370483398,20400
2012-04-12,23.889999389648438,24.0,23.809999465942383,23.950000762939453,9.126677513122559,43000
2012-04-13,23.979999542236328,23.979999542236328,23.81999969482422,23.920000076293945,9.115249633789062,42900
2012-04-16,23.899999618530273,23.899999618530273,23.829999923706055,23.860000610351562,9.092384338378906,45700
2012-04-17,23.850000381469727,23.899999618530273,23.6299991607666,23.6299991607666,9.004735946655273,55800
2012-04-18,23.760000228881836,23.860000610351562,23.600000381469727,23.860000610351562,9.092384338378906,15500
2012-04-19,23.889999389648438,23.899999618530273,23.760000228881836,23.889999389648438,9.103815078735352,37300
2012-04-20,23.979999542236328,23.979999542236328,23.850000381469727,23.969999313354492,9.134297370910645,41800
2012-04-23,23.81999969482422,24.049999237060547,23.81999969482422,24.049999237060547,9.164790153503418,29700
2012-04-24,24.1200008392334,24.31999969482422,23.950000762939453,24.09000015258789,9.18002986907959,41800
2012-04-25,24.200000762939453,24.200000762939453,23.799999237060547,23.969999313354492,9.134297370910645,28600
2012-04-26,24.100000381469727,24.1200008392334,23.899999618530273,24.030000686645508,9.157164573669434,31100
2012-04-27,24.139999389648438,24.149999618530273,23.75,23.75,9.050468444824219,34500
2012-04-30,23.889999389648438,23.979999542236328,23.829999923706055,23.950000762939453,9.126677513122559,25000
2012-05-01,24.1299991607666,24.15999984741211,23.90999984741211,24.059999465942383,9.168593406677246,33900
2012-05-02,24.059999465942383,24.25,24.010000228881836,24.190000534057617,9.218130111694336,48000
2012-05-03,24.299999237060547,24.329999923706055,23.81999969482422,23.889999389648438,9.103815078735352,37000
2012-05-04,23.969999313354492,23.969999313354492,23.799999237060547,23.8799991607666,9.100000381469727,24800
2012-05-07,23.969999313354492,24.040000915527344,23.799999237060547,23.8700008392334,9.09619140625,22000
2012-05-08,23.899999618530273,23.959999084472656,23.850000381469727,23.959999084472656,9.130488395690918,26100
2012-05-09,23.950000762939453,24.040000915527344,23.760000228881836,23.899999618530273,9.107625961303711,56000
2012-05-10,24.049999237060547,24.100000381469727,23.959999084472656,24.100000381469727,9.183842658996582,21300
2012-05-11,24.09000015258789,24.219999313354492,24.0,24.079999923706055,9.242566108703613,20000
2012-05-14,24.190000534057617,24.190000534057617,23.790000915527344,23.899999618530273,9.173477172851562,28500
2012-05-15,23.899999618530273,23.899999618530273,23.709999084472656,23.790000915527344,9.131256103515625,22000
2012-05-16,23.899999618530273,23.93000030517578,23.739999771118164,23.8799991607666,9.165794372558594,59400
2012-05-17,23.969999313354492,23.969999313354492,23.5,23.56999969482422,9.0468111038208,40200
2012-05-18,23.670000076293945,23.700000762939453,23.31999969482422,23.360000610351562,8.966207504272461,42300
2012-05-21,23.520000457763672,23.700000762939453,23.450000762939453,23.68000030517578,9.089033126831055,20000
2012-05-22,23.65999984741211,23.920000076293945,23.459999084472656,23.559999465942383,9.042972564697266,37300
2012-05-23,23.600000381469727,23.719999313354492,23.5,23.719999313354492,9.104386329650879,34000
2012-05-24,23.84000015258789,23.84000015258789,23.6299991607666,23.770000457763672,9.123581886291504,42800
2012-05-25,23.799999237060547,23.889999389648438,23.729999542236328,23.8700008392334,9.161957740783691,19600
2012-05-29,23.989999771118164,24.06999969482422,23.770000457763672,23.940000534057617,9.188822746276855,29500
2012-05-30,23.760000228881836,23.920000076293945,23.760000228881836,23.920000076293945,9.18115520477295,14000
2012-05-31,23.989999771118164,23.989999771118164,23.860000610351562,23.969999313354492,9.200339317321777,13400
2012-06-01,23.950000762939453,23.950000762939453,23.799999237060547,23.920000076293945,9.18115520477295,64300
2012-06-04,23.899999618530273,24.06999969482422,23.59000015258789,23.729999542236328,9.108224868774414,72100
2012-06-05,23.790000915527344,23.790000915527344,23.530000686645508,23.739999771118164,9.112067222595215,19900
2012-06-06,23.950000762939453,23.989999771118164,23.739999771118164,23.989999771118164,9.208023071289062,49400
2012-06-07,24.0,24.200000762939453,23.760000228881836,23.989999771118164,9.208023071289062,66700
2012-06-08,24.0,24.06999969482422,23.920000076293945,24.06999969482422,9.238728523254395,52700
2012-06-11,24.079999923706055,24.200000762939453,24.06999969482422,24.18000030517578,9.280951499938965,43900
2012-06-12,24.18000030517578,24.229999542236328,24.1200008392334,24.229999542236328,9.300137519836426,32100
2012-06-13,24.229999542236328,24.239999771118164,24.15999984741211,24.18000030517578,9.347694396972656,80400
2012-06-14,24.280000686645508,24.31999969482422,24.100000381469727,24.290000915527344,9.39021110534668,60200
2012-06-15,24.31999969482422,24.549999237060547,24.31999969482422,24.5,9.47139835357666,64800
2012-06-18,24.59000015258789,24.59000015258789,24.1299991607666,24.299999237060547,9.394083023071289,59900
2012-06-19,24.469999313354492,24.469999313354492,24.139999389648438,24.360000610351562,9.417277336120605,43500
2012-06-20,24.420000076293945,24.440000534057617,24.290000915527344,24.399999618530273,9.432734489440918,43000
2012-06-21,24.440000534057617,24.5,24.350000381469727,24.450000762939453,9.452069282531738,33300
2012-06-22,24.5,24.670000076293945,24.389999389648438,24.450000762939453,9.452069282531738,30000
2012-06-25,24.450000762939453,24.450000762939453,24.139999389648438,24.209999084472656,9.359286308288574,21200
2012-06-26,24.299999237060547,24.31999969482422,24.110000610351562,24.15999984741211,9.33995532989502,17700
2012-06-27,24.299999237060547,24.31999969482422,24.170000076293945,24.260000228881836,9.378612518310547,33400
2012-06-28,24.309999465942383,24.420000076293945,24.209999084472656,24.420000076293945,9.440471649169922,24600
2012-06-29,24.450000762939453,24.489999771118164,24.280000686645508,24.329999923706055,9.405674934387207,34200
2012-07-02,24.420000076293945,24.829999923706055,24.399999618530273,24.450000762939453,9.452069282531738,152200
2012-07-03,24.59000015258789,24.670000076293945,24.450000762939453,24.5,9.47139835357666,37400
2012-07-05,24.43000030517578,24.579999923706055,24.43000030517578,24.489999771118164,9.467527389526367,17800
2012-07-06,24.540000915527344,24.540000915527344,24.420000076293945,24.420000076293945,9.440471649169922,95300
2012-07-09,24.5,24.579999923706055,24.3799991607666,24.5,9.47139835357666,187600
2012-07-10,24.59000015258789,24.59000015258789,24.420000076293945,24.540000915527344,9.486862182617188,52500
2012-07-11,24.5,24.549999237060547,24.290000915527344,24.329999923706055,9.472455978393555,45600
2012-07-12,24.360000610351562,24.420000076293945,24.290000915527344,24.290000915527344,9.456881523132324,64900
2012-07-13,24.450000762939453,24.5,24.40999984741211,24.5,9.538644790649414,33100
2012-07-16,24.530000686645508,24.559999465942383,24.43000030517578,24.5,9.538644790649414,24300
2012-07-17,24.559999465942383,24.59000015258789,24.399999618530273,24.5,9.538644790649414,45800
2012-07-18,24.549999237060547,24.700000762939453,24.479999542236328,24.5,9.538644790649414,62700
2012-07-19,24.610000610351562,24.6299991607666,24.360000610351562,24.5,9.538644790649414,38800
2012-07-20,24.579999923706055,24.639999389648438,24.469999313354492,24.5,9.538644790649414,48200
2012-07-23,24.479999542236328,24.579999923706055,24.469999313354492,24.559999465942383,9.562003135681152,48800
2012-07-24,24.610000610351562,24.770000457763672,24.559999465942383,24.600000381469727,9.577579498291016,69500
2012-07-25,24.700000762939453,24.770000457763672,24.549999237060547,24.600000381469727,9.577579498291016,53100
2012-07-26,24.729999542236328,24.75,24.510000228881836,24.579999923706055,9.56978702545166,52000
2012-07-27,24.690000534057617,24.690000534057617,24.540000915527344,24.600000381469727,9.577579498291016,53800
2012-07-30,24.75,24.75,24.530000686645508,24.549999237060547,9.55810832977295,64500
2012-07-31,24.600000381469727,24.770000457763672,24.600000381469727,24.709999084472656,9.620403289794922,73900
2012-08-01,24.770000457763672,24.84000015258789,24.639999389648438,24.799999237060547,9.655441284179688,87900
2012-08-02,24.780000686645508,24.969999313354492,24.709999084472656,24.889999389648438,9.690484046936035,84900
2012-08-03,24.959999084472656,24.979999542236328,24.65999984741211,24.959999084472656,9.717740058898926,76000
2012-08-06,24.860000610351562,25.049999237060547,24.860000610351562,25.040000915527344,9.748880386352539,56100
2012-08-07,25.079999923706055,25.079999923706055,24.729999542236328,24.940000534057617,9.709948539733887,40900
2012-08-08,24.950000762939453,25.059999465942383,24.920000076293945,25.059999465942383,9.756669044494629,26200
2012-08-09,25.09000015258789,25.190000534057617,25.010000228881836,25.190000534057617,9.807280540466309,49900
2012-08-10,25.25,25.600000381469727,25.25,25.600000381469727,9.966911315917969,51800
2012-08-13,25.520000457763672,25.59000015258789,25.31999969482422,25.450000762939453,9.975924491882324,89000
2012-08-14,25.610000610351562,25.649999618530273,25.520000457763672,25.610000610351562,10.038640975952148,49600
2012-08-15,25.6200008392334,25.690000534057617,25.56999969482422,25.65999984741211,10.058235168457031,48800
2012-08-16,25.700000762939453,25.920000076293945,25.690000534057617,25.920000076293945,10.160150527954102,34800
2012-08-17,25.899999618530273,26.09000015258789,25.860000610351562,26.09000015258789,10.226794242858887,48000
2012-08-20,26.139999389648438,26.219999313354492,26.010000228881836,26.219999313354492,10.277748107910156,69600
2012-08-21,26.299999237060547,26.299999237060547,26.149999618530273,26.239999771118164,10.285589218139648,61800
2012-08-22,26.389999389648438,26.389999389648438,26.149999618530273,26.34000015258789,10.324790954589844,45200
2012-08-23,26.440000534057617,26.440000534057617,26.25,26.3799991607666,10.340466499328613,80900
2012-08-24,26.399999618530273,26.440000534057617,26.309999465942383,26.440000534057617,10.36398696899414,43100
2012-08-27,26.479999542236328,26.479999542236328,26.31999969482422,26.440000534057617,10.36398696899414,46200
2012-08-28,26.510000228881836,26.540000915527344,26.149999618530273,26.389999389648438,10.344390869140625,47700
2012-08-29,26.469999313354492,26.65999984741211,26.229999542236328,26.600000381469727,10.426697731018066,79800
2012-08-30,26.690000534057617,26.84000015258789,26.469999313354492,26.84000015258789,10.520782470703125,59600
2012-08-31,26.84000015258789,26.8799991607666,26.579999923706055,26.700000762939453,10.465901374816895,56000
2012-09-04,26.790000915527344,26.84000015258789,26.540000915527344,26.600000381469727,10.426697731018066,65900
2012-09-05,26.649999618530273,26.81999969482422,26.479999542236328,26.690000534057617,10.461981773376465,62300
2012-09-06,26.790000915527344,26.799999237060547,26.600000381469727,26.700000762939453,10.465901374816895,39500
2012-09-07,26.700000762939453,26.81999969482422,26.579999923706055,26.81999969482422,10.51293659210205,27200
2012-09-10,26.780000686645508,26.780000686645508,26.510000228881836,26.670000076293945,10.454140663146973,54300
2012-09-11,26.670000076293945,26.729999542236328,26.489999771118164,26.600000381469727,10.426697731018066,41100
2012-09-12,26.420000076293945,26.610000610351562,26.15999984741211,26.25,10.356865882873535,41800
2012-09-13,26.34000015258789,26.81999969482422,26.34000015258789,26.729999542236328,10.546249389648438,72200
2012-09-14,26.8700008392334,27.399999618530273,26.739999771118164,27.200000762939453,10.731691360473633,67200
2012-09-17,27.239999771118164,27.610000610351562,27.049999237060547,27.549999237060547,10.869779586791992,92000
2012-09-18,27.649999618530273,27.690000534057617,27.43000030517578,27.530000686645508,10.86188793182373,76600
2012-09-19,27.600000381469727,27.65999984741211,27.31999969482422,27.649999618530273,10.909232139587402,43700
2012-09-20,27.56999969482422,27.649999618530273,27.170000076293945,27.25,10.751418113708496,41800
2012-09-21,27.3700008392334,27.559999465942383,26.850000381469727,26.920000076293945,10.621213912963867,94200
2012-09-24,26.979999542236328,27.25,26.65999984741211,27.200000762939453,10.731691360473633,87200
2012-09-25,27.25,27.59000015258789,27.030000686645508,27.219999313354492,10.739584922790527,64200
2012-09-26,27.329999923706055,27.440000534057617,27.170000076293945,27.440000534057617,10.826383590698242,37300
2012-09-27,27.530000686645508,27.649999618530273,27.219999313354492,27.639999389648438,10.90528392791748,107400
2012-09-28,27.459999084472656,28.0,27.459999084472656,28.0,11.047318458557129,59600
2012-10-01,28.170000076293945,28.40999984741211,28.010000228881836,28.260000228881836,11.149907112121582,93000
2012-10-02,28.299999237060547,28.450000762939453,28.09000015258789,28.25,11.145964622497559,52800
2012-10-03,28.200000762939453,28.43000030517578,28.1200008392334,28.43000030517578,11.216973304748535,33400
2012-10-04,28.420000076293945,28.829999923706055,28.260000228881836,28.329999923706055,11.177525520324707,57200
2012-10-05,28.479999542236328,28.559999465942383,28.15999984741211,28.270000457763672,11.153855323791504,32100
2012-10-08,28.1200008392334,28.200000762939453,27.8700008392334,27.969999313354492,11.03548812866211,29400
2012-10-09,27.829999923706055,28.0,27.280000686645508,27.579999923706055,10.881611824035645,70000
2012-10-10,27.639999389648438,27.649999618530273,26.700000762939453,27.469999313354492,10.838218688964844,90800
2012-10-11,27.299999237060547,27.389999389648438,27.110000610351562,27.239999771118164,10.815581321716309,32400
2012-10-12,27.299999237060547,27.309999465942383,26.989999771118164,27.200000762939453,10.799708366394043,24200
2012-10-15,27.1299991607666,27.1299991607666,26.6299991607666,26.829999923706055,10.652799606323242,52000
2012-10-16,26.899999618530273,27.079999923706055,26.510000228881836,26.770000457763672,10.62897777557373,47800
2012-10-17,26.75,27.020000457763672,26.75,26.899999618530273,10.680587768554688,58500
2012-10-18,26.950000762939453,27.0,26.799999237060547,26.950000762939453,10.700443267822266,43300
2012-10-19,26.969999313354492,26.969999313354492,26.540000915527344,26.790000915527344,10.63691520690918,71500
2012-10-22,26.84000015258789,27.020000457763672,26.65999984741211,26.93000030517578,10.692496299743652,74000
2012-10-23,26.860000610351562,26.969999313354492,26.559999465942383,26.920000076293945,10.688533782958984,59500
2012-10-24,26.950000762939453,27.09000015258789,26.799999237060547,27.010000228881836,10.724265098571777,153700
2012-10-25,26.940000534057617,27.34000015258789,26.940000534057617,27.25,10.819546699523926,43900
2012-10-26,27.219999313354492,27.59000015258789,27.059999465942383,27.389999389648438,10.875138282775879,122700
2012-10-31,27.489999771118164,27.530000686645508,27.1200008392334,27.329999923706055,10.851313591003418,45100
2012-11-01,27.540000915527344,27.790000915527344,27.5,27.739999771118164,11.01411247253418,47400
2012-11-02,28.170000076293945,28.170000076293945,27.59000015258789,27.940000534057617,11.093518257141113,38500
2012-11-05,28.059999465942383,28.059999465942383,27.6200008392334,28.020000457763672,11.125286102294922,65500
2012-11-06,28.020000457763672,28.079999923706055,27.81999969482422,27.969999313354492,11.105432510375977,55100
2012-11-07,27.940000534057617,28.18000030517578,27.639999389648438,27.729999542236328,11.010135650634766,121700
2012-11-08,27.790000915527344,27.90999984741211,27.65999984741211,27.68000030517578,10.99028205871582,56600
2012-11-09,27.729999542236328,27.780000686645508,27.43000030517578,27.670000076293945,10.986312866210938,46500
2012-11-12,27.690000534057617,27.690000534057617,27.1200008392334,27.579999923706055,10.950576782226562,65900
2012-11-13,27.389999389648438,27.5,26.920000076293945,27.420000076293945,10.95577621459961,71700
2012-11-14,27.229999542236328,27.229999542236328,26.18000030517578,26.739999771118164,10.68407917022705,131700
2012-11-15,26.299999237060547,26.299999237060547,25.829999923706055,26.030000686645508,10.400396347045898,174000
2012-11-16,26.100000381469727,26.5,26.030000686645508,26.5,10.588184356689453,67300
2012-11-19,26.670000076293945,27.0,26.670000076293945,27.0,10.787957191467285,57900
2012-11-20,26.850000381469727,27.18000030517578,26.739999771118164,26.93000030517578,10.759990692138672,38600
2012-11-21,26.8700008392334,27.209999084472656,26.8700008392334,27.149999618530273,10.847890853881836,21600
2012-11-23,27.280000686645508,27.43000030517578,27.219999313354492,27.43000030517578,10.959774017333984,12500
2012-11-26,27.43000030517578,27.5,27.3700008392334,27.5,10.987735748291016,54400
2012-11-27,27.6299991607666,27.829999923706055,27.40999984741211,27.600000381469727,11.027691841125488,77400
2012-11-28,27.690000534057617,27.690000534057617,27.489999771118164,27.649999618530273,11.04766845703125,40400
2012-11-29,27.649999618530273,27.969999313354492,27.610000610351562,27.8700008392334,11.135571479797363,42700
2012-11-30,27.93000030517578,27.950000762939453,27.670000076293945,27.899999618530273,11.147560119628906,126200
2012-12-03,27.84000015258789,28.09000015258789,27.84000015258789,27.969999313354492,11.175532341003418,53200
2012-12-04,28.09000015258789,28.290000915527344,27.90999984741211,28.06999969482422,11.21548080444336,91800
2012-12-05,28.1299991607666,28.200000762939453,27.84000015258789,28.020000457763672,11.19550895690918,45200
2012-12-06,28.15999984741211,28.200000762939453,27.93000030517578,28.200000762939453,11.26742935180664,79000
2012-12-07,28.34000015258789,28.479999542236328,28.149999618530273,28.399999618530273,11.347341537475586,36000
2012-12-10,28.579999923706055,28.59000015258789,28.110000610351562,28.200000762939453,11.26742935180664,70700
2012-12-11,28.34000015258789,28.399999618530273,27.969999313354492,28.15999984741211,11.251443862915039,64300
2012-12-12,28.010000228881836,28.030000686645508,27.719999313354492,27.719999313354492,11.144109725952148,5800
2012-12-13,27.850000381469727,27.850000381469727,27.43000030517578,27.610000610351562,11.099876403808594,9600
2012-12-14,27.690000534057617,27.690000534057617,27.40999984741211,27.6299991607666,11.107925415039062,76900
2012-12-17,27.530000686645508,27.56999969482422,27.020000457763672,27.1299991607666,10.906919479370117,45500
2012-12-18,27.200000762939453,27.989999771118164,27.09000015258789,27.739999771118164,11.152141571044922,129400
2012-12-19,27.8700008392334,28.270000457763672,27.520000457763672,27.850000381469727,11.196362495422363,87700
2012-12-20,27.760000228881836,28.25,27.690000534057617,27.989999771118164,11.252653121948242,34400
2012-12-21,27.739999771118164,27.950000762939453,27.559999465942383,27.799999237060547,11.176270484924316,41900
2012-12-24,27.6299991607666,27.84000015258789,27.6299991607666,27.75,11.15616512298584,16400
2012-12-26,27.860000610351562,27.860000610351562,27.579999923706055,27.690000534057617,11.132041931152344,41800
2012-12-27,27.600000381469727,27.690000534057617,27.420000076293945,27.670000076293945,11.123997688293457,34600
2012-12-28,27.6299991607666,27.670000076293945,27.200000762939453,27.229999542236328,10.947114944458008,35600
2012-12-31,27.329999923706055,27.399999618530273,27.049999237060547,27.219999313354492,10.94308853149414,67100
2013-01-02,27.399999618530273,27.899999618530273,27.31999969482422,27.850000381469727,11.196362495422363,39200
2013-01-03,28.059999465942383,28.260000228881836,27.90999984741211,28.059999465942383,11.28078842163086,55800
2013-01-04,27.950000762939453,28.309999465942383,27.950000762939453,28.260000228881836,11.361194610595703,22100
2013-01-07,28.329999923706055,28.420000076293945,27.989999771118164,28.030000686645508,11.268728256225586,52300
2013-01-08,28.030000686645508,28.280000686645508,27.8700008392334,28.0,11.25666618347168,46200
2013-01-09,28.100000381469727,28.280000686645508,28.079999923706055,28.280000686645508,11.369239807128906,46800
2013-01-10,28.420000076293945,28.8799991607666,28.200000762939453,28.600000381469727,11.497882843017578,46600
2013-01-11,28.520000457763672,29.190000534057617,28.329999923706055,28.6299991607666,11.579583168029785,20400
2013-01-14,28.84000015258789,28.860000610351562,28.549999237060547,28.700000762939453,11.607897758483887,26100
2013-01-15,28.75,29.0,28.40999984741211,28.649999618530273,11.587669372558594,54300
2013-01-16,28.649999618530273,28.700000762939453,28.459999084472656,28.649999618530273,11.587669372558594,35100
2013-01-17,28.889999389648438,29.0,28.649999618530273,28.850000381469727,11.66856575012207,55800
2013-01-18,28.719999313354492,29.219999313354492,28.56999969482422,29.219999313354492,11.818215370178223,56800
2013-01-22,29.0,29.0,28.8700008392334,28.989999771118164,11.725189208984375,54400
2013-01-23,28.979999542236328,29.1299991607666,28.93000030517578,29.1299991607666,11.781814575195312,61300
2013-01-24,29.09000015258789,29.18000030517578,28.899999618530273,29.1299991607666,11.781814575195312,60500
2013-01-25,29.149999618530273,29.489999771118164,29.059999465942383,29.489999771118164,11.92741870880127,55000
2013-01-28,29.729999542236328,29.780000686645508,29.1299991607666,29.600000381469727,11.97191333770752,94400
2013-01-29,29.600000381469727,29.739999771118164,29.479999542236328,29.739999771118164,12.028534889221191,39200
2013-01-30,29.56999969482422,29.829999923706055,29.290000915527344,29.829999923706055,12.064932823181152,68900
2013-01-31,30.0,30.0,29.510000228881836,29.549999237060547,11.951683044433594,47800
2013-02-01,29.790000915527344,29.790000915527344,29.440000534057617,29.68000030517578,12.004262924194336,49800
2013-02-04,29.860000610351562,29.860000610351562,29.459999084472656,29.579999923706055,11.963818550109863,56700
2013-02-05,29.549999237060547,29.579999923706055,29.25,29.260000228881836,11.834395408630371,47300
2013-02-06,29.079999923706055,29.3799991607666,28.559999465942383,29.200000762939453,11.810127258300781,68900
2013-02-07,29.020000457763672,29.09000015258789,28.799999237060547,28.829999923706055,11.66047477722168,50300
2013-02-08,28.829999923706055,28.989999771118164,28.75,28.799999237060547,11.648343086242676,47900
2013-02-11,28.700000762939453,28.84000015258789,28.469999313354492,28.829999923706055,11.66047477722168,73800
2013-02-12,28.68000030517578,29.100000381469727,28.68000030517578,29.09000015258789,11.765640258789062,35200
2013-02-13,28.93000030517578,29.31999969482422,28.540000915527344,29.31999969482422,11.929189682006836,53900
2013-02-14,29.1299991607666,29.200000762939453,28.84000015258789,29.059999465942383,11.823410034179688,53400
2013-02-15,29.0,29.06999969482422,28.860000610351562,28.989999771118164,11.794929504394531,34200
2013-02-19,28.989999771118164,29.100000381469727,28.860000610351562,29.049999237060547,11.81933879852295,36700
2013-02-20,29.260000228881836,29.260000228881836,28.889999389648438,29.09000015258789,11.835624694824219,47000
2013-02-21,28.8700008392334,29.0,28.719999313354492,29.0,11.798996925354004,63900
2013-02-22,29.0,29.0,28.65999984741211,29.0,11.798996925354004,55000
2013-02-25,29.0,29.010000228881836,28.719999313354492,28.90999984741211,11.762380599975586,36200
2013-02-26,29.049999237060547,29.280000686645508,28.8799991607666,29.280000686645508,11.912917137145996,35200
2013-02-27,29.139999389648438,29.170000076293945,28.889999389648438,29.170000076293945,11.868162155151367,46800
2013-02-28,29.219999313354492,29.309999465942383,29.040000915527344,29.309999465942383,11.925127029418945,41900
2013-03-01,29.1299991607666,29.40999984741211,28.850000381469727,29.260000228881836,11.90478515625,66500
2013-03-04,29.3700008392334,29.40999984741211,29.299999237060547,29.399999618530273,11.961734771728516,41500
2013-03-05,29.309999465942383,29.399999618530273,29.079999923706055,29.3700008392334,11.949536323547363,65600
2013-03-06,29.239999771118164,29.34000015258789,29.040000915527344,29.299999237060547,11.92105484008789,40800
2013-03-07,29.299999237060547,29.360000610351562,29.25,29.299999237060547,11.92105484008789,26900
2013-03-08,29.459999084472656,29.540000915527344,29.31999969482422,29.540000915527344,12.018698692321777,27100
2013-03-11,29.68000030517578,29.690000534057617,29.43000030517578,29.520000457763672,12.010560035705566,21400
2013-03-12,29.649999618530273,29.899999618530273,29.610000610351562,29.899999618530273,12.165176391601562,51900
2013-03-13,29.899999618530273,29.899999618530273,29.559999465942383,29.829999923706055,12.206911087036133,10800
2013-03-14,29.889999389648438,30.0,29.809999465942383,29.899999618530273,12.23556137084961,64400
2013-03-15,29.899999618530273,30.329999923706055,29.559999465942383,29.739999771118164,12.170086860656738,128400
2013-03-18,29.540000915527344,29.979999542236328,29.540000915527344,29.770000457763672,12.182361602783203,39500
2013-03-19,29.850000381469727,29.979999542236328,29.56999969482422,29.670000076293945,12.141432762145996,70600
2013-03-20,29.90999984741211,29.90999984741211,29.670000076293945,29.81999969482422,12.20281982421875,50700
2013-03-21,29.850000381469727,30.0,29.790000915527344,29.799999237060547,12.1946382522583,32600
2013-03-22,29.93000030517578,29.93000030517578,29.709999084472656,29.790000915527344,12.190542221069336,33200
2013-03-25,29.93000030517578,29.959999084472656,29.65999984741211,29.809999465942383,12.198728561401367,59800
2013-03-26,29.760000228881836,29.940000534057617,29.709999084472656,29.90999984741211,12.23964786529541,28400
2013-03-27,29.8700008392334,30.049999237060547,29.8700008392334,30.010000228881836,12.28056812286377,78000
2013-03-28,29.950000762939453,30.200000762939453,29.93000030517578,30.09000015258789,12.313316345214844,47700
2013-04-01,30.219999313354492,30.25,29.920000076293945,30.149999618530273,12.337862014770508,132900
2013-04-02,30.309999465942383,30.309999465942383,30.049999237060547,30.1200008392334,12.325583457946777,74200
2013-04-03,29.989999771118164,30.139999389648438,29.770000457763672,30.030000686645508,12.288751602172852,41500
2013-04-04,29.8799991607666,29.8799991607666,29.459999084472656,29.489999771118164,12.067782402038574,37700
2013-04-05,29.190000534057617,29.190000534057617,29.030000686645508,29.100000381469727,11.908186912536621,37000
2013-04-08,28.899999618530273,28.950000762939453,28.610000610351562,28.790000915527344,11.78132438659668,19600
2013-04-09,28.639999389648438,29.149999618530273,28.530000686645508,28.559999465942383,11.68720817565918,21000
2013-04-10,28.579999923706055,28.719999313354492,28.40999984741211,28.530000686645508,11.674932479858398,51800
2013-04-11,28.260000228881836,28.56999969482422,28.15999984741211,28.34000015258789,11.667522430419922,9600
2013-04-12,28.440000534057617,28.520000457763672,28.280000686645508,28.31999969482422,11.659283638000488,18300
2013-04-15,28.170000076293945,28.559999465942383,28.030000686645508,28.479999542236328,11.7251615524292,34000
2013-04-16,28.600000381469727,28.600000381469727,27.809999465942383,28.1200008392334,11.576940536499023,51900
2013-04-17,28.0,28.34000015258789,27.8700008392334,28.260000228881836,11.634592056274414,34100
2013-04-18,28.40999984741211,28.40999984741211,28.079999923706055,28.280000686645508,11.642821311950684,24400
2013-04-19,28.420000076293945,28.450000762939453,28.190000534057617,28.190000534057617,11.605765342712402,24100
2013-04-22,28.25,28.3700008392334,28.020000457763672,28.209999084472656,11.614004135131836,29000
2013-04-23,28.34000015258789,28.469999313354492,28.149999618530273,28.290000915527344,11.646932601928711,30600
2013-04-24,28.34000015258789,28.43000030517578,28.1299991607666,28.200000762939453,11.60988712310791,73700
2013-04-25,28.1200008392334,28.59000015258789,28.1200008392334,28.350000381469727,11.671642303466797,42300
2013-04-26,28.489999771118164,28.489999771118164,28.149999618530273,28.3700008392334,11.679876327514648,21400
2013-04-29,28.420000076293945,28.969999313354492,28.420000076293945,28.8700008392334,11.88571548461914,27100
2013-04-30,28.850000381469727,29.170000076293945,28.799999237060547,29.079999923706055,11.972174644470215,36000
2013-05-01,29.25,29.280000686645508,29.139999389648438,29.260000228881836,12.046287536621094,28300
2013-05-02,29.440000534057617,29.530000686645508,29.25,29.489999771118164,12.140975952148438,29700
2013-05-03,29.43000030517578,29.75,29.43000030517578,29.719999313354492,12.2356595993042,21500
2013-05-06,29.81999969482422,29.950000762939453,29.65999984741211,29.809999465942383,12.27271842956543,34300
2013-05-07,29.700000762939453,30.0,29.43000030517578,29.670000076293945,12.21507453918457,39700
2013-05-08,29.790000915527344,29.959999084472656,29.670000076293945,29.829999923706055,12.280951499938965,29400
2013-05-09,29.760000228881836,29.829999923706055,29.6200008392334,29.729999542236328,12.23978328704834,31700
2013-05-10,29.56999969482422,29.979999542236328,29.559999465942383,29.8799991607666,12.30153751373291,31800
2013-05-13,29.799999237060547,29.799999237060547,29.399999618530273,29.399999618530273,12.173998832702637,5800
2013-05-14,29.280000686645508,29.440000534057617,29.15999984741211,29.280000686645508,12.124313354492188,35200
2013-05-15,29.149999618530273,29.200000762939453,28.950000762939453,29.1200008392334,12.058055877685547,48200
2013-05-16,28.959999084472656,28.969999313354492,28.059999465942383,28.09000015258789,11.631552696228027,184300
2013-05-17,28.200000762939453,28.469999313354492,27.950000762939453,28.09000015258789,11.631552696228027,154700
2013-05-20,27.940000534057617,28.31999969482422,27.940000534057617,27.959999084472656,11.577723503112793,128500
2013-05-21,27.860000610351562,28.079999923706055,27.860000610351562,28.0,11.594286918640137,68700
2013-05-22,27.93000030517578,28.020000457763672,27.719999313354492,27.81999969482422,11.519746780395508,78500
2013-05-23,27.649999618530273,27.90999984741211,27.510000228881836,27.8799991607666,11.544602394104004,60900
2013-05-24,27.809999465942383,27.979999542236328,27.739999771118164,27.90999984741211,11.55702018737793,39200
2013-05-28,27.90999984741211,28.0,27.729999542236328,27.780000686645508,11.503188133239746,45700
2013-05-29,27.799999237060547,27.84000015258789,26.690000534057617,27.18000030517578,11.254743576049805,136000
2013-05-30,26.979999542236328,27.700000762939453,26.979999542236328,27.15999984741211,11.246455192565918,94900
2013-05-31,26.959999084472656,27.190000534057617,26.59000015258789,26.700000762939453,11.055977821350098,82300
2013-06-03,26.809999465942383,26.93000030517578,25.799999237060547,26.579999923706055,11.006294250488281,161500
2013-06-04,26.760000228881836,26.920000076293945,25.84000015258789,26.799999237060547,11.09738540649414,239900
2013-06-05,26.610000610351562,26.899999618530273,26.469999313354492,26.899999618530273,11.138795852661133,133400
2013-06-06,26.729999542236328,27.139999389648438,26.579999923706055,26.899999618530273,11.138795852661133,115700
2013-06-07,26.950000762939453,27.010000228881836,25.940000534057617,26.059999465942383,10.79096794128418,97900
2013-06-10,26.190000534057617,26.190000534057617,25.229999542236328,25.489999771118164,10.554940223693848,113400
2013-06-11,25.25,25.56999969482422,24.889999389648438,25.56999969482422,10.588062286376953,135100
2013-06-12,25.559999465942383,25.59000015258789,25.079999923706055,25.149999618530273,10.479315757751465,22400
2013-06-13,24.989999771118164,25.799999237060547,24.989999771118164,25.700000762939453,10.70848274230957,94900
2013-06-14,25.610000610351562,25.760000228881836,25.25,25.399999618530273,10.583483695983887,55400
2013-06-17,25.329999923706055,25.579999923706055,25.0,25.0,10.416813850402832,76400
2013-06-18,24.920000076293945,25.190000534057617,24.920000076293945,25.1200008392334,10.466813087463379,62800
2013-06-19,25.020000457763672,25.190000534057617,24.93000030517578,25.0,10.416813850402832,75500
2013-06-20,24.81999969482422,24.979999542236328,24.5,24.639999389648438,10.266815185546875,142400
2013-06-21,24.559999465942383,24.739999771118164,24.489999771118164,24.649999618530273,10.270977973937988,65100
2013-06-24,24.5,24.5,23.739999771118164,24.299999237060547,10.125146865844727,108400
2013-06-25,24.489999771118164,25.170000076293945,24.079999923706055,24.530000686645508,10.220977783203125,110700
2013-06-26,24.5,24.90999984741211,24.43000030517578,24.81999969482422,10.341811180114746,104200
2013-06-27,24.809999465942383,25.299999237060547,24.610000610351562,25.280000686645508,10.533482551574707,138700
2013-06-28,25.110000610351562,25.399999618530273,24.770000457763672,25.399999618530273,10.583483695983887,50100
2013-07-01,25.34000015258789,25.34000015258789,25.010000228881836,25.190000534057617,10.495981216430664,35300
2013-07-02,25.260000228881836,25.260000228881836,24.40999984741211,24.579999923706055,10.241809844970703,49800
2013-07-03,24.34000015258789,24.610000610351562,24.209999084472656,24.329999923706055,10.137646675109863,26600
2013-07-05,24.149999618530273,24.399999618530273,23.860000610351562,23.90999984741211,9.962647438049316,41400
2013-07-08,24.139999389648438,24.170000076293945,23.899999618530273,23.940000534057617,9.975140571594238,67800
2013-07-09,23.940000534057617,24.18000030517578,23.760000228881836,24.1299991607666,10.054309844970703,38300
2013-07-10,24.020000457763672,24.149999618530273,23.8700008392334,24.059999465942383,10.025137901306152,61100
2013-07-11,23.969999313354492,24.43000030517578,23.969999313354492,24.43000030517578,10.247028350830078,44600
2013-07-12,24.450000762939453,24.65999984741211,24.450000762939453,24.6299991607666,10.330920219421387,43800
2013-07-15,24.510000228881836,24.639999389648438,24.350000381469727,24.6200008392334,10.326725006103516,38300
2013-07-16,24.559999465942383,24.610000610351562,24.229999542236328,24.31999969482422,10.200884819030762,35500
2013-07-17,24.239999771118164,24.350000381469727,24.040000915527344,24.329999923706055,10.205085754394531,48000
2013-07-18,24.43000030517578,24.600000381469727,24.280000686645508,24.59000015258789,10.314133644104004,35700
2013-07-19,24.5,24.729999542236328,24.5,24.729999542236328,10.372864723205566,27900
2013-07-22,24.75,24.809999465942383,24.670000076293945,24.790000915527344,10.398029327392578,32600
2013-07-23,24.90999984741211,25.059999465942383,24.790000915527344,25.059999465942383,10.511281967163086,65500
2013-07-24,25.110000610351562,25.139999389648438,25.0,25.139999389648438,10.54483699798584,43500
2013-07-25,25.0,25.09000015258789,24.8700008392334,24.899999618530273,10.44416618347168,56900
2013-07-26,24.799999237060547,24.93000030517578,24.68000030517578,24.68000030517578,10.351890563964844,41800
2013-07-29,24.690000534057617,24.690000534057617,24.440000534057617,24.440000534057617,10.251228332519531,31100
2013-07-30,24.399999618530273,24.450000762939453,24.049999237060547,24.100000381469727,10.108614921569824,39100
2013-07-31,24.040000915527344,24.360000610351562,24.0,24.34000015258789,10.209277153015137,39700
2013-08-01,24.420000076293945,24.420000076293945,24.1200008392334,24.3700008392334,10.221867561340332,44900
2013-08-02,24.520000457763672,24.540000915527344,24.0,24.170000076293945,10.13797378540039,58200
2013-08-05,24.09000015258789,24.229999542236328,23.770000457763672,23.979999542236328,10.058279991149902,79000
2013-08-06,23.850000381469727,24.1299991607666,23.799999237060547,23.969999313354492,10.0540771484375,62500
2013-08-07,23.84000015258789,24.15999984741211,23.84000015258789,24.100000381469727,10.108614921569824,116300
2013-08-08,23.959999084472656,24.110000610351562,23.860000610351562,23.90999984741211,10.028924942016602,50300
2013-08-09,23.770000457763672,24.030000686645508,23.770000457763672,23.969999313354492,10.0540771484375,43200
2013-08-12,23.940000534057617,24.06999969482422,23.790000915527344,23.920000076293945,10.033110618591309,29700
2013-08-13,23.68000030517578,23.950000762939453,23.68000030517578,23.950000762939453,10.112918853759766,38700
2013-08-14,23.790000915527344,23.889999389648438,23.709999084472656,23.709999084472656,10.011581420898438,76200
2013-08-15,23.6200008392334,23.68000030517578,23.43000030517578,23.459999084472656,9.906014442443848,74400
2013-08-16,23.149999618530273,23.729999542236328,23.149999618530273,23.540000915527344,9.939796447753906,57300
2013-08-19,23.5,23.670000076293945,23.329999923706055,23.5,9.922903060913086,40400
2013-08-20,23.450000762939453,23.639999389648438,23.239999771118164,23.559999465942383,9.948243141174316,66700
2013-08-21,23.3700008392334,23.700000762939453,23.3700008392334,23.610000610351562,9.969356536865234,93500
2013-08-22,23.729999542236328,23.829999923706055,23.549999237060547,23.760000228881836,10.032687187194824,99900
2013-08-23,23.670000076293945,23.8700008392334,23.530000686645508,23.790000915527344,10.045354843139648,90100
2013-08-26,23.68000030517578,24.06999969482422,23.65999984741211,23.950000762939453,10.112918853759766,91200
2013-08-27,23.799999237060547,24.0,23.65999984741211,23.770000457763672,10.036913871765137,72600
2013-08-28,23.649999618530273,23.81999969482422,23.489999771118164,23.600000381469727,9.965131759643555,49900
2013-08-29,23.3799991607666,23.81999969482422,23.34000015258789,23.760000228881836,10.032687187194824,167400
2013-08-30,23.68000030517578,23.790000915527344,23.559999465942383,23.760000228881836,10.032687187194824,47800
2013-09-03,23.68000030517578,23.850000381469727,23.469999313354492,23.700000762939453,10.007356643676758,65400
2013-09-04,23.809999465942383,23.959999084472656,23.56999969482422,23.56999969482422,9.952463150024414,273700
2013-09-05,23.5,23.790000915527344,23.489999771118164,23.75,10.028464317321777,112100
2013-09-06,23.649999618530273,23.780000686645508,23.649999618530273,23.780000686645508,10.041135787963867,49300
2013-09-09,23.68000030517578,23.790000915527344,23.600000381469727,23.719999313354492,10.015796661376953,92200
2013-09-10,23.719999313354492,23.719999313354492,23.360000610351562,23.3799991607666,9.87222957611084,284400
2013-09-11,23.15999984741211,23.15999984741211,22.850000381469727,22.8799991607666,9.761733055114746,346700
2013-09-12,22.8799991607666,23.170000076293945,22.8799991607666,22.940000534057617,9.787328720092773,49500
2013-09-13,22.940000534057617,23.200000762939453,22.8799991607666,23.139999389648438,9.872662544250488,41400
2013-09-16,23.25,23.260000228881836,23.030000686645508,23.1200008392334,9.864129066467285,57800
2013-09-17,23.059999465942383,23.100000381469727,22.899999618530273,22.979999542236328,9.804396629333496,72500
2013-09-18,23.049999237060547,23.170000076293945,22.850000381469727,23.100000381469727,9.8555908203125,102600
2013-09-19,23.06999969482422,23.239999771118164,23.020000457763672,23.1200008392334,9.864129066467285,65300
2013-09-20,23.200000762939453,23.200000762939453,23.0,23.020000457763672,9.821462631225586,79700
2013-09-23,23.09000015258789,23.31999969482422,23.09000015258789,23.229999542236328,9.911060333251953,65400
2013-09-24,23.360000610351562,23.549999237060547,23.219999313354492,23.479999542236328,10.017719268798828,101100
2013-09-25,23.59000015258789,23.639999389648438,23.450000762939453,23.56999969482422,10.056123733520508,160800
2013-09-26,23.530000686645508,23.610000610351562,23.5,23.540000915527344,10.04332447052002,39200
2013-09-27,23.5,23.59000015258789,23.420000076293945,23.540000915527344,10.04332447052002,46400
2013-09-30,23.350000381469727,23.760000228881836,23.350000381469727,23.760000228881836,10.13718032836914,161900
2013-10-01,23.75,24.0,23.649999618530273,24.0,10.239572525024414,55900
2013-10-02,24.100000381469727,24.149999618530273,23.780000686645508,24.149999618530273,10.303582191467285,42400
2013-10-03,24.149999618530273,24.200000762939453,24.049999237060547,24.149999618530273,10.303582191467285,34900
2013-10-04,24.049999237060547,24.1299991607666,24.0,24.100000381469727,10.282244682312012,19900
2013-10-07,24.149999618530273,24.149999618530273,23.850000381469727,23.93000030517578,10.209716796875,37000
2013-10-08,24.040000915527344,24.040000915527344,23.610000610351562,23.65999984741211,10.094521522521973,27100
2013-10-09,23.75,23.780000686645508,23.65999984741211,23.75,10.132914543151855,14700
2013-10-10,23.729999542236328,23.760000228881836,23.5,23.540000915527344,10.103299140930176,39100
2013-10-11,23.489999771118164,23.540000915527344,23.350000381469727,23.459999084472656,10.068968772888184,34400
2013-10-14,23.299999237060547,23.399999618530273,23.25,23.3700008392334,10.030338287353516,29900
2013-10-15,23.350000381469727,23.420000076293945,23.18000030517578,23.329999923706055,10.01317310333252,52600
2013-10-16,23.3700008392334,23.489999771118164,23.309999465942383,23.459999084472656,10.068968772888184,34200
2013-10-17,23.360000610351562,23.950000762939453,23.360000610351562,23.899999618530273,10.25781536102295,29200
2013-10-18,23.780000686645508,23.989999771118164,23.709999084472656,23.989999771118164,10.2964448928833,101300
2013-10-21,23.8799991607666,24.06999969482422,23.739999771118164,24.040000915527344,10.317902565002441,37900
2013-10-22,23.989999771118164,24.149999618530273,23.989999771118164,24.149999618530273,10.365113258361816,33900
2013-10-23,24.520000457763672,24.520000457763672,24.040000915527344,24.270000457763672,10.416616439819336,47600
2013-10-24,24.299999237060547,24.450000762939453,24.09000015258789,24.450000762939453,10.493873596191406,29100
2013-10-25,24.420000076293945,24.450000762939453,24.309999465942383,24.399999618530273,10.472414016723633,50200
2013-10-28,24.3799991607666,24.399999618530273,24.209999084472656,24.399999618530273,10.472414016723633,39300
2013-10-29,24.350000381469727,24.350000381469727,24.18000030517578,24.270000457763672,10.416616439819336,41700
2013-10-30,24.170000076293945,24.25,24.059999465942383,24.15999984741211,10.369401931762695,32400
2013-10-31,24.1200008392334,24.239999771118164,24.040000915527344,24.200000762939453,10.386574745178223,50500
2013-11-01,24.209999084472656,24.209999084472656,23.899999618530273,24.09000015258789,10.339359283447266,75000
2013-11-04,24.18000030517578,24.239999771118164,24.06999969482422,24.18000030517578,10.377991676330566,30700
2013-11-05,24.049999237060547,24.170000076293945,23.950000762939453,24.15999984741211,10.369401931762695,21000
2013-11-06,24.149999618530273,24.219999313354492,24.059999465942383,24.1299991607666,10.356528282165527,36000
2013-11-07,24.059999465942383,24.059999465942383,23.959999084472656,24.0,10.300735473632812,22300
2013-11-08,23.920000076293945,24.040000915527344,23.889999389648438,23.920000076293945,10.266396522521973,60200
2013-11-11,23.790000915527344,23.969999313354492,23.790000915527344,23.899999618530273,10.25781536102295,37500
2013-11-12,23.940000534057617,23.940000534057617,23.829999923706055,23.860000610351562,10.240646362304688,50500
2013-11-13,23.809999465942383,23.809999465942383,23.690000534057617,23.75,10.2540283203125,49300
2013-11-14,23.700000762939453,23.780000686645508,23.59000015258789,23.770000457763672,10.262666702270508,65300
2013-11-15,23.799999237060547,23.809999465942383,23.6200008392334,23.700000762939453,10.232446670532227,45000
2013-11-18,23.829999923706055,23.829999923706055,23.559999465942383,23.729999542236328,10.245392799377441,71400
2013-11-19,23.610000610351562,23.639999389648438,23.489999771118164,23.6299991607666,10.202223777770996,70100
2013-11-20,23.520000457763672,23.65999984741211,23.520000457763672,23.559999465942383,10.171998023986816,47200
2013-11-21,23.670000076293945,23.68000030517578,23.450000762939453,23.510000228881836,10.150404930114746,187600
2013-11-22,23.510000228881836,23.739999771118164,23.43000030517578,23.59000015258789,10.184952735900879,86400
2013-11-25,23.520000457763672,23.709999084472656,23.459999084472656,23.510000228881836,10.150404930114746,48300
2013-11-26,23.6200008392334,23.639999389648438,23.40999984741211,23.530000686645508,10.159050941467285,33400
2013-11-27,23.43000030517578,23.75,23.43000030517578,23.670000076293945,10.219490051269531,91200
2013-11-29,23.559999465942383,23.729999542236328,23.5,23.729999542236328,10.245392799377441,27200
2013-12-02,23.719999313354492,23.760000228881836,23.59000015258789,23.709999084472656,10.236759185791016,66200
2013-12-03,23.780000686645508,23.780000686645508,23.6299991607666,23.719999313354492,10.241074562072754,54500
2013-12-04,23.600000381469727,23.670000076293945,23.5,23.559999465942383,10.171998023986816,63900
2013-12-05,23.530000686645508,23.600000381469727,23.5,23.5,10.146089553833008,62200
2013-12-06,23.540000915527344,23.6200008392334,23.510000228881836,23.579999923706055,10.180630683898926,116300
2013-12-09,23.5,23.709999084472656,23.3799991607666,23.709999084472656,10.236759185791016,121900
2013-12-10,23.530000686645508,23.6299991607666,23.5,23.540000915527344,10.16335678100586,51000
2013-12-11,23.350000381469727,23.489999771118164,23.299999237060547,23.360000610351562,10.146424293518066,111700
2013-12-12,23.299999237060547,23.360000610351562,23.219999313354492,23.280000686645508,10.111676216125488,108400
2013-12-13,23.299999237060547,23.34000015258789,23.139999389648438,23.31999969482422,10.129053115844727,75600
2013-12-16,23.31999969482422,23.43000030517578,23.270000457763672,23.420000076293945,10.172487258911133,73900
2013-12-17,23.530000686645508,23.549999237060547,23.360000610351562,23.540000915527344,10.224602699279785,134800
2013-12-18,23.459999084472656,23.649999618530273,23.43000030517578,23.6299991607666,10.263704299926758,74600
2013-12-19,23.739999771118164,23.739999771118164,23.459999084472656,23.59000015258789,10.246320724487305,94400
2013-12-20,23.440000534057617,23.719999313354492,23.399999618530273,23.670000076293945,10.281067848205566,127600
2013-12-23,23.770000457763672,24.0,23.670000076293945,24.0,10.424408912658691,92400
2013-12-24,23.239999771118164,23.280000686645508,23.18000030517578,23.219999313354492,10.444194793701172,37500
2013-12-26,23.3700008392334,23.719999313354492,23.280000686645508,23.649999618530273,10.637608528137207,59300
2013-12-27,23.579999923706055,23.649999618530273,23.469999313354492,23.56999969482422,10.601625442504883,96900
2013-12-30,23.65999984741211,23.65999984741211,23.09000015258789,23.31999969482422,10.489181518554688,131900
2013-12-31,23.639999389648438,23.649999618530273,23.059999465942383,23.139999389648438,10.40821361541748,154600
2014-01-02,23.049999237060547,23.34000015258789,23.049999237060547,23.209999084472656,10.439695358276367,63500
2014-01-03,23.329999923706055,23.610000610351562,23.209999084472656,23.600000381469727,10.61511516571045,98100
2014-01-06,23.670000076293945,23.75,23.520000457763672,23.6200008392334,10.624114036560059,49700
2014-01-07,23.81999969482422,23.90999984741211,23.579999923706055,23.729999542236328,10.673593521118164,30900
2014-01-08,23.81999969482422,23.81999969482422,23.56999969482422,23.59000015258789,10.61062240600586,50900
2014-01-09,23.690000534057617,23.75,23.600000381469727,23.65999984741211,10.642107963562012,51200
2014-01-10,23.790000915527344,23.829999923706055,23.670000076293945,23.790000915527344,10.700579643249512,46800
2014-01-13,23.65999984741211,23.84000015258789,23.65999984741211,23.760000228881836,10.750800132751465,63500
2014-01-14,23.739999771118164,23.860000610351562,23.719999313354492,23.75,10.746277809143066,36200
2014-01-15,23.75,23.75,23.649999618530273,23.690000534057617,10.719128608703613,44800
2014-01-16,23.65999984741211,23.809999465942383,23.65999984741211,23.709999084472656,10.728182792663574,55200
2014-01-17,23.719999313354492,23.809999465942383,23.709999084472656,23.739999771118164,10.741752624511719,20200
2014-01-21,23.8700008392334,23.8700008392334,23.729999542236328,23.860000610351562,10.796050071716309,22300
2014-01-22,23.8799991607666,24.0,23.829999923706055,24.0,10.859396934509277,39800
2014-01-23,24.0,24.100000381469727,23.920000076293945,23.959999084472656,10.84129524230957,44200
2014-01-24,23.979999542236328,24.030000686645508,23.790000915527344,23.829999923706055,10.782478332519531,102000
2014-01-27,23.93000030517578,23.93000030517578,23.709999084472656,23.770000457763672,10.755332946777344,53700
2014-01-28,23.75,23.850000381469727,23.719999313354492,23.850000381469727,10.791531562805176,79000
2014-01-29,23.84000015258789,23.84000015258789,23.610000610351562,23.610000610351562,10.68293571472168,59100
2014-01-30,23.649999618530273,23.850000381469727,23.6299991607666,23.690000534057617,10.719128608703613,44400
2014-01-31,23.639999389648438,23.75,23.6299991607666,23.700000762939453,10.723661422729492,49800
2014-02-03,23.799999237060547,23.799999237060547,23.549999237060547,23.670000076293945,10.71008014678955,33900
2014-02-04,23.75,23.969999313354492,23.719999313354492,23.8799991607666,10.805100440979004,39200
2014-02-05,23.760000228881836,24.0,23.75,23.850000381469727,10.791531562805176,38800
2014-02-06,23.8799991607666,24.030000686645508,23.8700008392334,23.979999542236328,10.850350379943848,14200
2014-02-07,24.040000915527344,24.040000915527344,23.690000534057617,23.920000076293945,10.823200225830078,59700
2014-02-10,23.860000610351562,23.899999618530273,23.760000228881836,23.8799991607666,10.805100440979004,48400
2014-02-11,23.829999923706055,24.06999969482422,23.799999237060547,24.030000686645508,10.872970581054688,47500
2014-02-12,23.940000534057617,23.959999084472656,23.809999465942383,23.860000610351562,10.859774589538574,17400
2014-02-13,23.860000610351562,23.899999618530273,23.690000534057617,23.770000457763672,10.818809509277344,37300
2014-02-14,23.799999237060547,23.829999923706055,23.700000762939453,23.729999542236328,10.800610542297363,26300
2014-02-18,23.709999084472656,23.799999237060547,23.649999618530273,23.700000762939453,10.78695297241211,38600
2014-02-19,23.729999542236328,23.850000381469727,23.559999465942383,23.829999923706055,10.846125602722168,41600
2014-02-20,23.84000015258789,24.030000686645508,23.770000457763672,24.010000228881836,10.928046226501465,38400
2014-02-21,24.020000457763672,24.100000381469727,23.889999389648438,23.969999313354492,10.909833908081055,34900
2014-02-24,24.020000457763672,24.020000457763672,23.850000381469727,23.889999389648438,10.873429298400879,67400
2014-02-25,23.959999084472656,24.049999237060547,23.93000030517578,23.989999771118164,10.918944358825684,46400
2014-02-26,24.100000381469727,24.100000381469727,23.969999313354492,23.969999313354492,10.909833908081055,25400
2014-02-27,23.989999771118164,24.049999237060547,23.899999618530273,24.049999237060547,10.946252822875977,39700
2014-02-28,24.049999237060547,24.1200008392334,24.0,24.1200008392334,10.978110313415527,73700
2014-03-03,24.200000762939453,24.200000762939453,24.06999969482422,24.149999618530273,10.991764068603516,37700
2014-03-04,24.149999618530273,24.209999084472656,24.040000915527344,24.209999084472656,11.01907730102539,69900
2014-03-05,24.149999618530273,24.299999237060547,24.139999389648438,24.260000228881836,11.041827201843262,51000
2014-03-06,24.290000915527344,24.290000915527344,24.15999984741211,24.209999084472656,11.01907730102539,56700
2014-03-07,24.25,24.309999465942383,24.200000762939453,24.309999465942383,11.064593315124512,83700
2014-03-10,24.309999465942383,24.309999465942383,24.18000030517578,24.280000686645508,11.05093002319336,78200
2014-03-11,24.350000381469727,24.350000381469727,24.18000030517578,24.280000686645508,11.05093002319336,36700
2014-03-12,24.15999984741211,24.200000762939453,23.989999771118164,24.100000381469727,11.026684761047363,26200
2014-03-13,24.110000610351562,24.110000610351562,23.84000015258789,24.09000015258789,11.022114753723145,48700
2014-03-14,24.110000610351562,24.200000762939453,23.979999542236328,24.079999923706055,11.017537117004395,87400
2014-03-17,24.049999237060547,24.190000534057617,23.950000762939453,24.100000381469727,11.026684761047363,35300
2014-03-18,24.110000610351562,24.110000610351562,23.940000534057617,24.030000686645508,10.994660377502441,41500
2014-03-19,24.079999923706055,24.110000610351562,23.829999923706055,23.899999618530273,10.935178756713867,32200
2014-03-20,23.829999923706055,23.829999923706055,23.6200008392334,23.6200008392334,10.807064056396484,98800
2014-03-21,23.639999389648438,23.93000030517578,23.639999389648438,23.700000762939453,10.843669891357422,42200
2014-03-24,23.700000762939453,23.790000915527344,23.639999389648438,23.670000076293945,10.829952239990234,34800
2014-03-25,23.68000030517578,23.739999771118164,23.510000228881836,23.530000686645508,10.765890121459961,135400
2014-03-26,23.65999984741211,23.65999984741211,23.530000686645508,23.649999618530273,10.82079792022705,51300
2014-03-27,23.559999465942383,23.6299991607666,23.420000076293945,23.489999771118164,10.747587203979492,83000
2014-03-28,23.489999771118164,23.59000015258789,23.450000762939453,23.5,10.752158164978027,53300
2014-03-31,23.5,23.600000381469727,23.459999084472656,23.469999313354492,10.738435745239258,205600
2014-04-01,23.5,23.649999618530273,23.450000762939453,23.639999389648438,10.816213607788086,34700
2014-04-02,23.760000228881836,23.760000228881836,23.5,23.520000457763672,10.761312484741211,97500
2014-04-03,23.6299991607666,23.649999618530273,23.450000762939453,23.5,10.752158164978027,48300
2014-04-04,23.709999084472656,23.829999923706055,23.600000381469727,23.760000228881836,10.871121406555176,69600
2014-04-07,23.850000381469727,23.8799991607666,23.6200008392334,23.6299991607666,10.811639785766602,33200
2014-04-08,23.610000610351562,23.84000015258789,23.610000610351562,23.790000915527344,10.884849548339844,86500
2014-04-09,23.850000381469727,23.860000610351562,23.709999084472656,23.809999465942383,10.89399528503418,76700
2014-04-10,23.889999389648438,23.889999389648438,23.719999313354492,23.790000915527344,10.884849548339844,129500
2014-04-11,23.75,23.829999923706055,23.739999771118164,23.790000915527344,10.943268775939941,38200
2014-04-14,23.940000534057617,23.940000534057617,23.65999984741211,23.739999771118164,10.920269012451172,35700
2014-04-15,23.780000686645508,23.780000686645508,23.56999969482422,23.709999084472656,10.906462669372559,28200
2014-04-16,23.81999969482422,23.81999969482422,23.649999618530273,23.690000534057617,10.897268295288086,69100
2014-04-17,23.739999771118164,23.739999771118164,23.469999313354492,23.469999313354492,10.796070098876953,231300
2014-04-21,23.469999313354492,23.6299991607666,23.43000030517578,23.440000534057617,10.782270431518555,60300
2014-04-22,23.459999084472656,23.6299991607666,23.440000534057617,23.610000610351562,10.860468864440918,61300
2014-04-23,23.65999984741211,23.780000686645508,23.610000610351562,23.719999313354492,10.911063194274902,167600
2014-04-24,23.799999237060547,23.8799991607666,23.68000030517578,23.850000381469727,10.970864295959473,82800
2014-04-25,23.8799991607666,23.969999313354492,23.81999969482422,23.940000534057617,11.012269973754883,41500
2014-04-28,24.0,24.139999389648438,23.940000534057617,24.09000015258789,11.08127212524414,30300
2014-04-29,24.170000076293945,24.170000076293945,24.040000915527344,24.09000015258789,11.08127212524414,52600
2014-04-30,24.170000076293945,24.170000076293945,24.0,24.059999465942383,11.067463874816895,36900
2014-05-01,24.030000686645508,24.030000686645508,23.90999984741211,23.950000762939453,11.016863822937012,40400
2014-05-02,24.020000457763672,24.030000686645508,23.799999237060547,23.940000534057617,11.012269973754883,82000
2014-05-05,23.899999618530273,23.899999618530273,23.809999465942383,23.860000610351562,10.975468635559082,30700
2014-05-06,23.84000015258789,23.940000534057617,23.799999237060547,23.8700008392334,10.98006820678711,77500
2014-05-07,23.809999465942383,23.899999618530273,23.809999465942383,23.8700008392334,10.98006820678711,48900
2014-05-08,23.899999618530273,24.059999465942383,23.8700008392334,24.049999237060547,11.062865257263184,67100
2014-05-09,24.010000228881836,24.200000762939453,24.010000228881836,24.15999984741211,11.113463401794434,24200
2014-05-12,24.15999984741211,24.280000686645508,24.110000610351562,24.260000228881836,11.159461975097656,16700
2014-05-13,24.190000534057617,24.239999771118164,24.010000228881836,24.239999771118164,11.208938598632812,28000
2014-05-14,24.079999923706055,24.200000762939453,24.040000915527344,24.15999984741211,11.171951293945312,35100
2014-05-15,24.079999923706055,24.219999313354492,24.06999969482422,24.200000762939453,11.190445899963379,32600
2014-05-16,24.209999084472656,24.309999465942383,24.15999984741211,24.299999237060547,11.236689567565918,46700
2014-05-19,24.229999542236328,24.299999237060547,24.18000030517578,24.18000030517578,11.181201934814453,34600
2014-05-20,24.200000762939453,24.329999923706055,24.190000534057617,24.309999465942383,11.241316795349121,22300
2014-05-21,24.299999237060547,24.34000015258789,24.25,24.329999923706055,11.250561714172363,18300
2014-05-22,24.299999237060547,24.389999389648438,24.270000457763672,24.309999465942383,11.241316795349121,30300
2014-05-23,24.31999969482422,24.40999984741211,24.299999237060547,24.399999618530273,11.28292465209961,36000
2014-05-27,24.34000015258789,24.5,24.290000915527344,24.360000610351562,11.264433860778809,110100
2014-05-28,24.399999618530273,24.540000915527344,24.280000686645508,24.34000015258789,11.255183219909668,28500
2014-05-29,24.329999923706055,24.3799991607666,24.190000534057617,24.3799991607666,11.273680686950684,30500
2014-05-30,24.309999465942383,24.31999969482422,24.209999084472656,24.25,11.213571548461914,30200
2014-06-02,24.239999771118164,24.34000015258789,24.100000381469727,24.299999237060547,11.236689567565918,58900
2014-06-03,24.329999923706055,24.329999923706055,24.1200008392334,24.1299991607666,11.158077239990234,240500
2014-06-04,24.1299991607666,24.290000915527344,24.079999923706055,24.25,11.213571548461914,54400
2014-06-05,24.149999618530273,24.260000228881836,24.079999923706055,24.200000762939453,11.190445899963379,26100
2014-06-06,24.209999084472656,24.299999237060547,24.139999389648438,24.280000686645508,11.22744083404541,29500
2014-06-09,24.170000076293945,24.280000686645508,24.15999984741211,24.200000762939453,11.190445899963379,23600
2014-06-10,24.229999542236328,24.329999923706055,24.200000762939453,24.31999969482422,11.245940208435059,29400
2014-06-11,24.110000610351562,24.309999465942383,24.110000610351562,24.270000457763672,11.281731605529785,29900
2014-06-12,24.239999771118164,24.360000610351562,24.15999984741211,24.270000457763672,11.281731605529785,43500
2014-06-13,24.200000762939453,24.389999389648438,24.200000762939453,24.3799991607666,11.332862854003906,31500
2014-06-16,24.25,24.440000534057617,24.25,24.3700008392334,11.328216552734375,31000
2014-06-17,24.420000076293945,24.479999542236328,24.309999465942383,24.40999984741211,11.346807479858398,32900
2014-06-18,24.399999618530273,24.479999542236328,24.360000610351562,24.479999542236328,11.379348754882812,17600
2014-06-19,24.489999771118164,24.559999465942383,24.440000534057617,24.510000228881836,11.393293380737305,25100
2014-06-20,24.479999542236328,24.540000915527344,24.450000762939453,24.489999771118164,11.383991241455078,22100
2014-06-23,24.540000915527344,24.600000381469727,24.43000030517578,24.579999923706055,11.425829887390137,19400
2014-06-24,24.549999237060547,24.600000381469727,24.350000381469727,24.360000610351562,11.323567390441895,34700
2014-06-25,24.399999618530273,24.610000610351562,24.350000381469727,24.600000381469727,11.435129165649414,42600
2014-06-26,24.59000015258789,24.639999389648438,24.549999237060547,24.600000381469727,11.435129165649414,55600
2014-06-27,24.600000381469727,24.649999618530273,24.549999237060547,24.610000610351562,11.439775466918945,32500
2014-06-30,24.56999969482422,24.670000076293945,24.530000686645508,24.600000381469727,11.435129165649414,22400
2014-07-01,24.649999618530273,24.690000534057617,24.530000686645508,24.690000534057617,11.47696304321289,50300
2014-07-02,24.770000457763672,24.770000457763672,24.600000381469727,24.65999984741211,11.4630126953125,79600
2014-07-03,24.559999465942383,24.700000762939453,24.489999771118164,24.639999389648438,11.453719139099121,24200
2014-07-07,24.510000228881836,24.860000610351562,24.469999313354492,24.65999984741211,11.4630126953125,33500
2014-07-08,24.649999618530273,24.649999618530273,24.549999237060547,24.639999389648438,11.453719139099121,26900
2014-07-09,24.520000457763672,24.68000030517578,24.520000457763672,24.639999389648438,11.453719139099121,19100
2014-07-10,24.6299991607666,24.65999984741211,24.510000228881836,24.649999618530273,11.458372116088867,24600
2014-07-11,24.520000457763672,24.719999313354492,24.510000228881836,24.670000076293945,11.527053833007812,30100
2014-07-14,24.65999984741211,24.65999984741211,24.510000228881836,24.540000915527344,11.466314315795898,19200
2014-07-15,24.530000686645508,24.6200008392334,24.459999084472656,24.59000015258789,11.489675521850586,28800
2014-07-16,24.56999969482422,24.600000381469727,24.469999313354492,24.579999923706055,11.485004425048828,32600
2014-07-17,24.59000015258789,24.59000015258789,24.479999542236328,24.549999237060547,11.470988273620605,60700
2014-07-18,24.56999969482422,24.56999969482422,24.450000762939453,24.559999465942383,11.475654602050781,90500
2014-07-21,24.579999923706055,24.59000015258789,24.420000076293945,24.530000686645508,11.461639404296875,18600
2014-07-22,24.549999237060547,24.610000610351562,24.459999084472656,24.579999923706055,11.485004425048828,23500
2014-07-23,24.559999465942383,24.700000762939453,24.559999465942383,24.600000381469727,11.494342803955078,26800
2014-07-24,24.600000381469727,24.600000381469727,24.450000762939453,24.56999969482422,11.48033618927002,24200
2014-07-25,24.559999465942383,24.6299991607666,24.399999618530273,24.56999969482422,11.48033618927002,19700
2014-07-28,24.559999465942383,24.579999923706055,24.219999313354492,24.290000915527344,11.349501609802246,40400
2014-07-29,24.299999237060547,24.299999237060547,24.18000030517578,24.219999313354492,11.316790580749512,40400
2014-07-30,24.18000030517578,24.329999923706055,24.18000030517578,24.219999313354492,11.316790580749512,31200
2014-07-31,24.110000610351562,24.190000534057617,24.020000457763672,24.1299991607666,11.274742126464844,51000
2014-08-01,24.15999984741211,24.450000762939453,24.06999969482422,24.239999771118164,11.326142311096191,25100
2014-08-04,24.34000015258789,24.34000015258789,24.059999465942383,24.079999923706055,11.251375198364258,39200
2014-08-05,24.059999465942383,24.1299991607666,23.81999969482422,23.969999313354492,11.199983596801758,43200
2014-08-06,23.860000610351562,24.100000381469727,23.860000610351562,24.049999237060547,11.237360954284668,32200
2014-08-07,24.0,24.239999771118164,23.969999313354492,24.100000381469727,11.260725021362305,21500
2014-08-08,24.030000686645508,24.270000457763672,23.959999084472656,24.100000381469727,11.260725021362305,68100
2014-08-11,24.049999237060547,24.260000228881836,24.0,24.059999465942383,11.242030143737793,41400
2014-08-12,24.06999969482422,24.139999389648438,24.010000228881836,24.020000457763672,11.223344802856445,38400
2014-08-13,23.93000030517578,24.079999923706055,23.8700008392334,23.8700008392334,11.212540626525879,25900
2014-08-14,23.969999313354492,24.059999465942383,23.899999618530273,24.020000457763672,11.283000946044922,39000
2014-08-15,23.950000762939453,24.059999465942383,23.940000534057617,23.989999771118164,11.268904685974121,61300
2014-08-18,23.959999084472656,24.06999969482422,23.959999084472656,23.989999771118164,11.268904685974121,22100
2014-08-19,24.06999969482422,24.149999618530273,23.989999771118164,24.079999923706055,11.311178207397461,27200
2014-08-20,24.100000381469727,24.209999084472656,24.059999465942383,24.110000610351562,11.325273513793945,21700
2014-08-21,24.15999984741211,24.200000762939453,24.09000015258789,24.139999389648438,11.339365005493164,33600
2014-08-22,24.040000915527344,24.100000381469727,24.040000915527344,24.059999465942383,11.301787376403809,40900
2014-08-25,24.059999465942383,24.079999923706055,24.0,24.0,11.273603439331055,36200
2014-08-26,23.93000030517578,24.020000457763672,23.90999984741211,23.93000030517578,11.240724563598633,42900
2014-08-27,23.93000030517578,24.06999969482422,23.920000076293945,24.030000686645508,11.287701606750488,54500
2014-08-28,23.90999984741211,24.040000915527344,23.829999923706055,23.90999984741211,11.231329917907715,36300
2014-08-29,23.920000076293945,23.989999771118164,23.889999389648438,23.940000534057617,11.245420455932617,68100
2014-09-02,23.8700008392334,24.010000228881836,23.8700008392334,24.010000228881836,11.278303146362305,23500
2014-09-03,24.049999237060547,24.100000381469727,23.979999542236328,24.040000915527344,11.292394638061523,58800
2014-09-04,23.950000762939453,24.06999969482422,23.950000762939453,24.020000457763672,11.283000946044922,19900
2014-09-05,23.940000534057617,24.040000915527344,23.940000534057617,24.040000915527344,11.292394638061523,32300
2014-09-08,24.010000228881836,24.030000686645508,23.959999084472656,23.989999771118164,11.268904685974121,23800
2014-09-09,23.93000030517578,24.0,23.93000030517578,23.989999771118164,11.268904685974121,21900
2014-09-10,24.06999969482422,24.06999969482422,23.979999542236328,23.979999542236328,11.264205932617188,17500
2014-09-11,23.799999237060547,24.0,23.799999237060547,23.969999313354492,11.319461822509766,36700
2014-09-12,24.0,24.149999618530273,23.90999984741211,24.149999618530273,11.404462814331055,21500
2014-09-15,24.100000381469727,24.100000381469727,23.8799991607666,23.8799991607666,11.276958465576172,25800
2014-09-16,23.799999237060547,23.8700008392334,23.799999237060547,23.850000381469727,11.262795448303223,18900
2014-09-17,23.8799991607666,23.8799991607666,23.829999923706055,23.829999923706055,11.253349304199219,21000
2014-09-18,23.81999969482422,23.8700008392334,23.799999237060547,23.8700008392334,11.272233963012695,46200
2014-09-19,23.809999465942383,23.889999389648438,23.799999237060547,23.850000381469727,11.262795448303223,41500
2014-09-22,23.899999618530273,23.899999618530273,23.799999237060547,23.850000381469727,11.262795448303223,29900
2014-09-23,23.889999389648438,24.079999923706055,23.809999465942383,23.860000610351562,11.267511367797852,66200
2014-09-24,23.93000030517578,23.959999084472656,23.799999237060547,23.93000030517578,11.300568580627441,38700
2014-09-25,23.809999465942383,23.920000076293945,23.809999465942383,23.899999618530273,11.286406517028809,52200
2014-09-26,23.81999969482422,23.989999771118164,23.799999237060547,23.889999389648438,11.281681060791016,37300
2014-09-29,23.809999465942383,23.8799991607666,23.610000610351562,23.670000076293945,11.177786827087402,29800
2014-09-30,23.59000015258789,23.809999465942383,23.59000015258789,23.75,11.215572357177734,21400
2014-10-01,23.81999969482422,23.81999969482422,23.639999389648438,23.670000076293945,11.177786827087402,37400
2014-10-02,23.75,23.770000457763672,23.56999969482422,23.709999084472656,11.19668197631836,80200
2014-10-03,23.700000762939453,23.75,23.639999389648438,23.68000030517578,11.182513236999512,38800
2014-10-06,23.709999084472656,23.81999969482422,23.6200008392334,23.700000762939453,11.191963195800781,33000
2014-10-07,23.709999084472656,23.770000457763672,23.59000015258789,23.75,11.215572357177734,54700
2014-10-08,23.739999771118164,23.760000228881836,23.610000610351562,23.719999313354492,11.201398849487305,59800
2014-10-09,23.729999542236328,23.780000686645508,23.6299991607666,23.75,11.215572357177734,63200
2014-10-10,23.670000076293945,23.670000076293945,23.520000457763672,23.610000610351562,11.20940113067627,24000
2014-10-13,23.649999618530273,23.649999618530273,23.520000457763672,23.549999237060547,11.180912971496582,20300
2014-10-14,23.559999465942383,23.559999465942383,23.299999237060547,23.3799991607666,11.100198745727539,36800
2014-10-15,23.309999465942383,23.450000762939453,23.15999984741211,23.229999542236328,11.028983116149902,61500
2014-10-16,23.229999542236328,23.469999313354492,23.229999542236328,23.469999313354492,11.142929077148438,29700
2014-10-17,23.450000762939453,23.56999969482422,23.350000381469727,23.510000228881836,11.161920547485352,84500
2014-10-20,23.360000610351562,23.399999618530273,23.280000686645508,23.329999923706055,11.076462745666504,40300
2014-10-21,23.31999969482422,23.510000228881836,23.229999542236328,23.420000076293945,11.119193077087402,34200
2014-10-22,23.43000030517578,23.520000457763672,23.360000610351562,23.440000534057617,11.128684997558594,24600
2014-10-23,23.489999771118164,23.530000686645508,23.360000610351562,23.3799991607666,11.100198745727539,48900
2014-10-24,23.31999969482422,23.549999237060547,23.309999465942383,23.549999237060547,11.180912971496582,65100
2014-10-27,23.5,23.549999237060547,23.3700008392334,23.389999389648438,11.10494327545166,25400
2014-10-28,23.5,23.530000686645508,23.3799991607666,23.520000457763672,11.166666984558105,20800
2014-10-29,23.43000030517578,23.479999542236328,23.280000686645508,23.329999923706055,11.076462745666504,37200
2014-10-30,23.280000686645508,23.489999771118164,23.280000686645508,23.290000915527344,11.057467460632324,32500
2014-10-31,23.579999923706055,23.579999923706055,23.280000686645508,23.440000534057617,11.128684997558594,48300
2014-11-03,23.469999313354492,23.469999313354492,23.299999237060547,23.459999084472656,11.13818073272705,33900
2014-11-04,23.450000762939453,23.469999313354492,23.3700008392334,23.469999313354492,11.142929077148438,62800
2014-11-05,23.469999313354492,23.600000381469727,23.450000762939453,23.510000228881836,11.161920547485352,51900
2014-11-06,23.3700008392334,23.59000015258789,23.34000015258789,23.59000015258789,11.199895858764648,42700
2014-11-07,23.5,23.690000534057617,23.459999084472656,23.459999084472656,11.13818073272705,51900
2014-11-10,23.520000457763672,23.600000381469727,23.3700008392334,23.389999389648438,11.10494327545166,44200
2014-11-11,23.459999084472656,23.56999969482422,23.3700008392334,23.56999969482422,11.190406799316406,36200
2014-11-12,23.40999984741211,23.459999084472656,23.360000610351562,23.43000030517578,11.184197425842285,12000
2014-11-13,23.3799991607666,23.459999084472656,23.360000610351562,23.43000030517578,11.184197425842285,14900
2014-11-14,23.43000030517578,23.459999084472656,23.299999237060547,23.389999389648438,11.165104866027832,40300
2014-11-17,23.399999618530273,23.469999313354492,23.309999465942383,23.34000015258789,11.141239166259766,43300
2014-11-18,23.350000381469727,23.469999313354492,23.329999923706055,23.40999984741211,11.174656867980957,22200
2014-11-19,23.43000030517578,23.440000534057617,23.260000228881836,23.309999465942383,11.126913070678711,50300
2014-11-20,23.260000228881836,23.31999969482422,23.260000228881836,23.309999465942383,11.126913070678711,32600
2014-11-21,23.31999969482422,23.34000015258789,23.25,23.31999969482422,11.131691932678223,21600
2014-11-24,23.280000686645508,23.350000381469727,23.25,23.280000686645508,11.112598419189453,44000
2014-11-25,23.299999237060547,23.360000610351562,23.270000457763672,23.350000381469727,11.146018981933594,27700
2014-11-26,23.350000381469727,23.469999313354492,23.329999923706055,23.3799991607666,11.160329818725586,42500
2014-11-28,23.360000610351562,23.489999771118164,23.290000915527344,23.3700008392334,11.155560493469238,18700
2014-12-01,23.420000076293945,23.469999313354492,23.299999237060547,23.440000534057617,11.188971519470215,23700
2014-12-02,23.520000457763672,23.610000610351562,23.399999618530273,23.450000762939453,11.19374942779541,65100
2014-12-03,23.440000534057617,23.479999542236328,23.329999923706055,23.389999389648438,11.165104866027832,42700
2014-12-04,23.360000610351562,23.469999313354492,23.329999923706055,23.3799991607666,11.160329818725586,49800
2014-12-05,23.360000610351562,23.3700008392334,23.25,23.25,11.098272323608398,44100
2014-12-08,23.299999237060547,23.389999389648438,23.149999618530273,23.260000228881836,11.103049278259277,67500
2014-12-09,23.18000030517578,23.260000228881836,23.030000686645508,23.1299991607666,11.040997505187988,61900
2014-12-10,22.969999313354492,23.170000076293945,22.969999313354492,23.049999237060547,11.00280475616455,57800
2014-12-11,22.84000015258789,23.040000915527344,22.84000015258789,22.90999984741211,10.996573448181152,71000
2014-12-12,22.889999389648438,23.010000228881836,22.799999237060547,22.950000762939453,11.01577091217041,60100
2014-12-15,22.850000381469727,22.93000030517578,22.799999237060547,22.850000381469727,10.967775344848633,37600
2014-12-16,22.65999984741211,22.899999618530273,22.520000457763672,22.799999237060547,10.943767547607422,106000
2014-12-17,22.729999542236328,23.049999237060547,22.729999542236328,22.969999313354492,11.025368690490723,56000
2014-12-18,22.969999313354492,23.15999984741211,22.959999084472656,23.1200008392334,11.097371101379395,36500
2014-12-19,23.059999465942383,23.15999984741211,22.809999465942383,23.020000457763672,11.04936695098877,61400
2014-12-22,22.899999618530273,23.010000228881836,22.81999969482422,22.940000534057617,11.010970115661621,56900
2014-12-23,22.8799991607666,23.09000015258789,22.809999465942383,23.030000686645508,11.054173469543457,96400
2014-12-24,22.229999542236328,23.040000915527344,22.219999313354492,23.020000457763672,11.04936695098877,24000
2014-12-26,22.940000534057617,23.100000381469727,22.8700008392334,23.100000381469727,11.087764739990234,23100
2014-12-29,23.049999237060547,23.3700008392334,22.940000534057617,23.100000381469727,11.087764739990234,85700
2014-12-30,22.989999771118164,23.1200008392334,22.989999771118164,23.100000381469727,11.087764739990234,32800
2014-12-31,23.1200008392334,23.209999084472656,22.93000030517578,23.149999618530273,11.11176586151123,66900
2015-01-02,23.170000076293945,23.25,23.040000915527344,23.1299991607666,11.102166175842285,21500
2015-01-05,22.989999771118164,23.100000381469727,22.920000076293945,22.93000030517578,11.006169319152832,45300
2015-01-06,22.950000762939453,23.040000915527344,22.889999389648438,22.969999313354492,11.025368690490723,52500
2015-01-07,23.15999984741211,23.15999984741211,22.950000762939453,23.0,11.039766311645508,75100
2015-01-08,23.049999237060547,23.190000534057617,23.0,23.190000534057617,11.130963325500488,137200
2015-01-09,23.15999984741211,23.18000030517578,23.110000610351562,23.139999389648438,11.10696029663086,122600
2015-01-12,23.18000030517578,23.219999313354492,23.1200008392334,23.200000762939453,11.135767936706543,30400
2015-01-13,23.030000686645508,23.209999084472656,23.030000686645508,23.18000030517578,11.187407493591309,27300
2015-01-14,23.200000762939453,23.200000762939453,23.09000015258789,23.18000030517578,11.187407493591309,37600
2015-01-15,23.219999313354492,23.270000457763672,23.09000015258789,23.25,11.22119426727295,48100
2015-01-16,23.239999771118164,23.309999465942383,23.209999084472656,23.309999465942383,11.250147819519043,29800
2015-01-20,23.270000457763672,23.31999969482422,23.25,23.290000915527344,11.240498542785645,30500
2015-01-21,23.219999313354492,23.31999969482422,23.190000534057617,23.25,11.22119426727295,64700
2015-01-22,23.290000915527344,23.329999923706055,23.25,23.290000915527344,11.240498542785645,28300
2015-01-23,23.280000686645508,23.43000030517578,23.280000686645508,23.399999618530273,11.293583869934082,50900
2015-01-26,23.40999984741211,23.479999542236328,23.3799991607666,23.420000076293945,11.303240776062012,66600
2015-01-27,23.399999618530273,23.469999313354492,23.309999465942383,23.440000534057617,11.312893867492676,30800
2015-01-28,23.469999313354492,23.469999313354492,23.360000610351562,23.389999389648438,11.288756370544434,40900
2015-01-29,23.31999969482422,23.440000534057617,23.31999969482422,23.399999618530273,11.293583869934082,35200
2015-01-30,23.350000381469727,23.43000030517578,23.350000381469727,23.43000030517578,11.308062553405762,44200
2015-02-02,23.440000534057617,23.469999313354492,23.34000015258789,23.469999313354492,11.327367782592773,47700
2015-02-03,23.610000610351562,23.610000610351562,23.5,23.56999969482422,11.375635147094727,50900
2015-02-04,23.549999237060547,23.610000610351562,23.510000228881836,23.540000915527344,11.361156463623047,46200
2015-02-05,23.610000610351562,23.610000610351562,23.5,23.510000228881836,11.346678733825684,50900
2015-02-06,23.420000076293945,23.520000457763672,23.420000076293945,23.5,11.341853141784668,63500
2015-02-09,23.469999313354492,23.5,23.399999618530273,23.440000534057617,11.312893867492676,50400
2015-02-10,23.440000534057617,23.579999923706055,23.3799991607666,23.3799991607666,11.283930778503418,39600
2015-02-11,23.350000381469727,23.43000030517578,23.200000762939453,23.229999542236328,11.272773742675781,34100
2015-02-12,23.229999542236328,23.34000015258789,23.219999313354492,23.329999923706055,11.321303367614746,40200
2015-02-13,23.329999923706055,23.3799991607666,23.280000686645508,23.309999465942383,11.31159496307373,36000
2015-02-17,23.280000686645508,23.350000381469727,23.239999771118164,23.25,11.282474517822266,45700
2015-02-18,23.239999771118164,23.3700008392334,23.229999542236328,23.34000015258789,11.326155662536621,48600
2015-02-19,23.31999969482422,23.3799991607666,23.31999969482422,23.350000381469727,11.331006050109863,59000
2015-02-20,23.329999923706055,23.440000534057617,23.31999969482422,23.43000030517578,11.369821548461914,40300
2015-02-23,23.469999313354492,23.530000686645508,23.40999984741211,23.469999313354492,11.38923168182373,17600
2015-02-24,23.5,23.579999923706055,23.440000534057617,23.510000228881836,11.408651351928711,49700
2015-02-25,23.6200008392334,23.6200008392334,23.459999084472656,23.459999084472656,11.38438606262207,34200
2015-02-26,23.440000534057617,23.459999084472656,23.350000381469727,23.360000610351562,11.335861206054688,61000
2015-02-27,23.34000015258789,23.43000030517578,23.329999923706055,23.360000610351562,11.335861206054688,41100
2015-03-02,23.399999618530273,23.43000030517578,23.260000228881836,23.31999969482422,11.31644344329834,39700
2015-03-03,23.389999389648438,23.43000030517578,23.309999465942383,23.3799991607666,11.345559120178223,62600
2015-03-04,23.43000030517578,23.520000457763672,23.360000610351562,23.520000457763672,11.413497924804688,29300
2015-03-05,23.520000457763672,23.59000015258789,23.510000228881836,23.59000015258789,11.447471618652344,34300
2015-03-06,23.59000015258789,23.59000015258789,23.350000381469727,23.360000610351562,11.335861206054688,53900
2015-03-09,23.350000381469727,23.479999542236328,23.350000381469727,23.3799991607666,11.345559120178223,27400
2015-03-10,23.3799991607666,23.450000762939453,23.34000015258789,23.350000381469727,11.331006050109863,28100
2015-03-11,23.31999969482422,23.31999969482422,23.18000030517578,23.219999313354492,11.329534530639648,31900
2015-03-12,23.149999618530273,23.239999771118164,23.149999618530273,23.18000030517578,11.310026168823242,37600
2015-03-13,23.15999984741211,23.200000762939453,23.1200008392334,23.15999984741211,11.30026912689209,43100
2015-03-16,23.200000762939453,23.399999618530273,23.15999984741211,23.290000915527344,11.36369800567627,89800
2015-03-17,23.270000457763672,23.270000457763672,23.1299991607666,23.239999771118164,11.339300155639648,41700
2015-03-18,23.190000534057617,23.350000381469727,23.18000030517578,23.280000686645508,11.358818054199219,37100
2015-03-19,23.239999771118164,23.309999465942383,23.239999771118164,23.280000686645508,11.358818054199219,38400
2015-03-20,23.299999237060547,23.31999969482422,23.260000228881836,23.299999237060547,11.368575096130371,18300
2015-03-23,23.299999237060547,23.360000610351562,23.299999237060547,23.350000381469727,11.39297103881836,32900
2015-03-24,23.329999923706055,23.3700008392334,23.260000228881836,23.350000381469727,11.39297103881836,16500
2015-03-25,23.299999237060547,23.350000381469727,23.270000457763672,23.31999969482422,11.37833023071289,38300
2015-03-26,23.309999465942383,23.3700008392334,23.239999771118164,23.309999465942383,11.373455047607422,44300
2015-03-27,23.389999389648438,23.389999389648438,23.270000457763672,23.34000015258789,11.38809585571289,50600
2015-03-30,23.31999969482422,23.3700008392334,23.229999542236328,23.31999969482422,11.37833023071289,78000
2015-03-31,23.34000015258789,23.34000015258789,23.25,23.290000915527344,11.36369800567627,49800
2015-04-01,23.309999465942383,23.350000381469727,23.25,23.350000381469727,11.39297103881836,33300
2015-04-02,23.299999237060547,23.350000381469727,23.299999237060547,23.31999969482422,11.37833023071289,59900
2015-04-06,23.350000381469727,23.420000076293945,23.280000686645508,23.34000015258789,11.38809585571289,65600
2015-04-07,23.31999969482422,23.350000381469727,23.200000762939453,23.290000915527344,11.36369800567627,133100
2015-04-08,23.290000915527344,23.31999969482422,23.260000228881836,23.290000915527344,11.36369800567627,28300
2015-04-09,23.270000457763672,23.329999923706055,23.260000228881836,23.309999465942383,11.373455047607422,35200
2015-04-10,23.290000915527344,23.34000015258789,23.170000076293945,23.200000762939453,11.319786071777344,29800
2015-04-13,23.190000534057617,23.190000534057617,23.030000686645508,23.040000915527344,11.303594589233398,38800
2015-04-14,23.030000686645508,23.190000534057617,23.030000686645508,23.149999618530273,11.357561111450195,28300
2015-04-15,23.18000030517578,23.18000030517578,23.06999969482422,23.1299991607666,11.347739219665527,54400
2015-04-16,23.100000381469727,23.1299991607666,23.049999237060547,23.1299991607666,11.347739219665527,29500
2015-04-17,23.18000030517578,23.18000030517578,23.079999923706055,23.139999389648438,11.352646827697754,30300
2015-04-20,23.170000076293945,23.170000076293945,23.09000015258789,23.09000015258789,11.328120231628418,47400
2015-04-21,23.09000015258789,23.149999618530273,23.09000015258789,23.1200008392334,11.3428373336792,88700
2015-04-22,23.09000015258789,23.1200008392334,23.059999465942383,23.079999923706055,11.323216438293457,39800
2015-04-23,23.170000076293945,23.170000076293945,23.100000381469727,23.1200008392334,11.3428373336792,40300
2015-04-24,23.09000015258789,23.1299991607666,23.030000686645508,23.09000015258789,11.328120231628418,21400
2015-04-27,23.079999923706055,23.139999389648438,23.079999923706055,23.110000610351562,11.337935447692871,66800
2015-04-28,23.100000381469727,23.139999389648438,23.049999237060547,23.100000381469727,11.333027839660645,28400
2015-04-29,23.079999923706055,23.079999923706055,23.040000915527344,23.059999465942383,11.313407897949219,48200
2015-04-30,23.059999465942383,23.09000015258789,23.059999465942383,23.059999465942383,11.313407897949219,36100
2015-05-01,23.06999969482422,23.100000381469727,23.020000457763672,23.049999237060547,11.308492660522461,76200
2015-05-04,23.139999389648438,23.139999389648438,23.040000915527344,23.06999969482422,11.318306922912598,44700
2015-05-05,23.079999923706055,23.079999923706055,22.969999313354492,22.989999771118164,11.279059410095215,37300
2015-05-06,22.989999771118164,23.010000228881836,22.969999313354492,22.989999771118164,11.279059410095215,31400
2015-05-07,22.969999313354492,23.100000381469727,22.969999313354492,23.06999969482422,11.318306922912598,32800
2015-05-08,23.049999237060547,23.09000015258789,23.030000686645508,23.059999465942383,11.313407897949219,31800
2015-05-11,23.059999465942383,23.15999984741211,23.010000228881836,23.049999237060547,11.308492660522461,29900
2015-05-12,23.0,23.059999465942383,22.989999771118164,23.030000686645508,11.298690795898438,33800
2015-05-13,22.979999542236328,22.979999542236328,22.8700008392334,22.950000762939453,11.32187271118164,30400
2015-05-14,22.899999618530273,23.0,22.889999389648438,22.969999313354492,11.331741333007812,42400
2015-05-15,22.959999084472656,23.020000457763672,22.899999618530273,22.920000076293945,11.307073593139648,48100
2015-05-18,22.920000076293945,22.940000534057617,22.90999984741211,22.90999984741211,11.302145004272461,29700
2015-05-19,22.860000610351562,22.950000762939453,22.860000610351562,22.920000076293945,11.307073593139648,20600
2015-05-20,22.8700008392334,22.979999542236328,22.8700008392334,22.920000076293945,11.307073593139648,34400
2015-05-21,22.93000030517578,22.969999313354492,22.90999984741211,22.920000076293945,11.307073593139648,33500
2015-05-22,22.920000076293945,22.979999542236328,22.920000076293945,22.93000030517578,11.312007904052734,26300
2015-05-26,22.920000076293945,22.989999771118164,22.90999984741211,22.920000076293945,11.307073593139648,44600
2015-05-27,22.90999984741211,22.969999313354492,22.90999984741211,22.959999084472656,11.326805114746094,23900
2015-05-28,22.940000534057617,22.959999084472656,22.899999618530273,22.899999618530273,11.297205924987793,28100
2015-05-29,22.860000610351562,23.030000686645508,22.860000610351562,22.920000076293945,11.307073593139648,51200
2015-06-01,22.93000030517578,22.979999542236328,22.8799991607666,22.979999542236328,11.33667278289795,41300
2015-06-02,23.049999237060547,23.1200008392334,22.950000762939453,22.959999084472656,11.326805114746094,39600
2015-06-03,22.950000762939453,23.1299991607666,22.950000762939453,23.100000381469727,11.3958740234375,96800
2015-06-04,23.030000686645508,23.100000381469727,22.989999771118164,23.040000915527344,11.366272926330566,58300
2015-06-05,22.989999771118164,23.059999465942383,22.93000030517578,22.93000030517578,11.312007904052734,18400
2015-06-08,22.899999618530273,22.959999084472656,22.8799991607666,22.8799991607666,11.287339210510254,27200
2015-06-09,22.8799991607666,22.899999618530273,22.8700008392334,22.889999389648438,11.292272567749023,30100
2015-06-10,22.889999389648438,22.93000030517578,22.8700008392334,22.90999984741211,11.302145004272461,49500
2015-06-11,22.809999465942383,22.959999084472656,22.809999465942383,22.850000381469727,11.335383415222168,18400
2015-06-12,22.829999923706055,22.90999984741211,22.780000686645508,22.889999389648438,11.355219841003418,37500
2015-06-15,22.889999389648438,22.899999618530273,22.889999389648438,22.889999389648438,11.355219841003418,35700
2015-06-16,22.920000076293945,23.059999465942383,22.90999984741211,23.020000457763672,11.419709205627441,69200
2015-06-17,23.020000457763672,23.030000686645508,22.950000762939453,22.969999313354492,11.39490795135498,64900
2015-06-18,22.969999313354492,22.989999771118164,22.93000030517578,22.940000534057617,11.380027770996094,37000
2015-06-19,22.90999984741211,22.959999084472656,22.850000381469727,22.860000610351562,11.340337753295898,14800
2015-06-22,22.860000610351562,22.899999618530273,22.860000610351562,22.8700008392334,11.345297813415527,13000
2015-06-23,22.93000030517578,22.93000030517578,22.8700008392334,22.889999389648438,11.355219841003418,23500
2015-06-24,22.8799991607666,22.899999618530273,22.829999923706055,22.829999923706055,11.325464248657227,22400
2015-06-25,22.770000457763672,22.829999923706055,22.75,22.790000915527344,11.30561351776123,79300
2015-06-26,22.799999237060547,22.799999237060547,22.690000534057617,22.739999771118164,11.280807495117188,22900
2015-06-29,22.709999084472656,22.709999084472656,22.6299991607666,22.639999389648438,11.23120403289795,25800
2015-06-30,22.649999618530273,22.719999313354492,22.649999618530273,22.690000534057617,11.256003379821777,23000
2015-07-01,22.760000228881836,22.760000228881836,22.65999984741211,22.729999542236328,11.275847434997559,25800
2015-07-02,22.719999313354492,22.739999771118164,22.68000030517578,22.719999313354492,11.270886421203613,46500
2015-07-06,22.75,22.799999237060547,22.65999984741211,22.729999542236328,11.275847434997559,41700
2015-07-07,22.920000076293945,22.920000076293945,22.75,22.780000686645508,11.300650596618652,16900
2015-07-08,22.799999237060547,22.81999969482422,22.65999984741211,22.65999984741211,11.241127014160156,70700
2015-07-09,22.790000915527344,22.829999923706055,22.75,22.799999237060547,11.310572624206543,56500
2015-07-10,22.780000686645508,22.850000381469727,22.739999771118164,22.799999237060547,11.310572624206543,22900
2015-07-13,22.719999313354492,22.739999771118164,22.670000076293945,22.739999771118164,11.343993186950684,51600
2015-07-14,22.690000534057617,22.75,22.670000076293945,22.700000762939453,11.324040412902832,15500
2015-07-15,22.809999465942383,22.809999465942383,22.670000076293945,22.719999313354492,11.334020614624023,50300
2015-07-16,22.68000030517578,22.770000457763672,22.59000015258789,22.68000030517578,11.314062118530273,54400
2015-07-17,22.65999984741211,22.68000030517578,22.600000381469727,22.65999984741211,11.304091453552246,18900
2015-07-20,22.670000076293945,22.68000030517578,22.6200008392334,22.6299991607666,11.289124488830566,8300
2015-07-21,22.59000015258789,22.6299991607666,22.5,22.510000228881836,11.229259490966797,19600
2015-07-22,22.479999542236328,22.540000915527344,22.43000030517578,22.450000762939453,11.199333190917969,17400
2015-07-23,22.510000228881836,22.510000228881836,22.43000030517578,22.440000534057617,11.194345474243164,50200
2015-07-24,22.399999618530273,22.440000534057617,22.350000381469727,22.3700008392334,11.159420013427734,23300
2015-07-27,22.399999618530273,22.399999618530273,22.270000457763672,22.34000015258789,11.144451141357422,37500
2015-07-28,22.270000457763672,22.31999969482422,22.270000457763672,22.290000915527344,11.11950969696045,33700
2015-07-29,22.3700008392334,22.450000762939453,22.31999969482422,22.420000076293945,11.184364318847656,27200
2015-07-30,22.420000076293945,22.489999771118164,22.329999923706055,22.489999771118164,11.219287872314453,13900
2015-07-31,22.489999771118164,22.59000015258789,22.489999771118164,22.59000015258789,11.269169807434082,27300
2015-08-03,22.540000915527344,22.610000610351562,22.489999771118164,22.510000228881836,11.229259490966797,24000
2015-08-04,22.700000762939453,22.700000762939453,22.559999465942383,22.639999389648438,11.294112205505371,25700
2015-08-05,22.649999618530273,22.649999618530273,22.5,22.579999923706055,11.264179229736328,20200
2015-08-06,22.549999237060547,22.549999237060547,22.459999084472656,22.510000228881836,11.229259490966797,26900
2015-08-07,22.31999969482422,22.469999313354492,22.31999969482422,22.3700008392334,11.159420013427734,37800
2015-08-10,22.360000610351562,22.489999771118164,22.290000915527344,22.40999984741211,11.179375648498535,36600
2015-08-11,22.299999237060547,22.360000610351562,22.229999542236328,22.34000015258789,11.144451141357422,21400
2015-08-12,22.209999084472656,22.299999237060547,22.18000030517578,22.290000915527344,11.183087348937988,15900
2015-08-13,22.25,22.450000762939453,22.209999084472656,22.420000076293945,11.248309135437012,22100
2015-08-14,22.3700008392334,22.43000030517578,22.350000381469727,22.389999389648438,11.233257293701172,22300
2015-08-17,22.34000015258789,22.43000030517578,22.34000015258789,22.420000076293945,11.248309135437012,29600
2015-08-18,22.489999771118164,22.549999237060547,22.399999618530273,22.5,11.288440704345703,55700
2015-08-19,22.5,22.579999923706055,22.440000534057617,22.530000686645508,11.303491592407227,33900
2015-08-20,22.5,22.530000686645508,22.450000762939453,22.469999313354492,11.273397445678711,27300
2015-08-21,22.549999237060547,22.549999237060547,22.3799991607666,22.389999389648438,11.233257293701172,32000
2015-08-24,22.190000534057617,22.329999923706055,22.149999618530273,22.149999618530273,11.112850189208984,45700
2015-08-25,22.18000030517578,22.3700008392334,22.139999389648438,22.309999465942383,11.193124771118164,45000
2015-08-26,22.479999542236328,22.479999542236328,22.209999084472656,22.34000015258789,11.208170890808105,63100
2015-08-27,22.34000015258789,22.56999969482422,22.280000686645508,22.3700008392334,11.223223686218262,13300
2015-08-28,22.420000076293945,22.459999084472656,22.309999465942383,22.3700008392334,11.223223686218262,16600
2015-08-31,22.43000030517578,22.469999313354492,22.3700008392334,22.43000030517578,11.253327369689941,23500
2015-09-01,22.34000015258789,22.520000457763672,22.34000015258789,22.40999984741211,11.24328899383545,36600
2015-09-02,22.59000015258789,22.59000015258789,22.43000030517578,22.459999084472656,11.268376350402832,30000
2015-09-03,22.459999084472656,22.530000686645508,22.31999969482422,22.3799991607666,11.228238105773926,61700
2015-09-04,22.3799991607666,22.389999389648438,22.290000915527344,22.290000915527344,11.183087348937988,46400
2015-09-08,22.31999969482422,22.440000534057617,22.290000915527344,22.299999237060547,11.188104629516602,57400
2015-09-09,22.299999237060547,22.420000076293945,22.299999237060547,22.350000381469727,11.2131929397583,90000
2015-09-10,22.309999465942383,22.40999984741211,22.309999465942383,22.350000381469727,11.2131929397583,78100
2015-09-11,22.219999313354492,22.350000381469727,22.219999313354492,22.299999237060547,11.252039909362793,47200
2015-09-14,22.290000915527344,22.299999237060547,22.270000457763672,22.270000457763672,11.236907005310059,17700
2015-09-15,22.1299991607666,22.25,22.1299991607666,22.18000030517578,11.191489219665527,42100
2015-09-16,22.1299991607666,22.260000228881836,22.1299991607666,22.190000534057617,11.196541786193848,23900
2015-09-17,22.200000762939453,22.309999465942383,22.110000610351562,22.299999237060547,11.252039909362793,43800
2015-09-18,22.209999084472656,22.420000076293945,22.209999084472656,22.399999618530273,11.302495002746582,26800
2015-09-21,22.510000228881836,22.579999923706055,22.360000610351562,22.559999465942383,11.383227348327637,57800
2015-09-22,22.510000228881836,22.579999923706055,22.3799991607666,22.549999237060547,11.378186225891113,55300
2015-09-23,22.549999237060547,22.559999465942383,22.469999313354492,22.489999771118164,11.347911834716797,57800
2015-09-24,22.450000762939453,22.6299991607666,22.450000762939453,22.520000457763672,11.363049507141113,135200
2015-09-25,22.479999542236328,22.649999618530273,22.450000762939453,22.479999542236328,11.342862129211426,56200
2015-09-28,22.399999618530273,22.520000457763672,22.399999618530273,22.40999984741211,11.307543754577637,58900
2015-09-29,22.40999984741211,22.510000228881836,22.299999237060547,22.350000381469727,11.277274131774902,48400
2015-09-30,22.3700008392334,22.520000457763672,22.25,22.399999618530273,11.302495002746582,95600
2015-10-01,22.40999984741211,22.469999313354492,22.3700008392334,22.459999084472656,11.332770347595215,35200
2015-10-02,22.43000030517578,22.440000534057617,22.229999542236328,22.40999984741211,11.307543754577637,53100
2015-10-05,22.350000381469727,22.6200008392334,22.350000381469727,22.5,11.352950096130371,118800
2015-10-06,22.420000076293945,22.549999237060547,22.420000076293945,22.469999313354492,11.337822914123535,64000
2015-10-07,22.420000076293945,22.56999969482422,22.420000076293945,22.479999542236328,11.342862129211426,84700
2015-10-08,22.43000030517578,22.56999969482422,22.43000030517578,22.5,11.352950096130371,57400
2015-10-09,22.459999084472656,22.6299991607666,22.459999084472656,22.579999923706055,11.393327713012695,37300
2015-10-12,22.56999969482422,22.889999389648438,22.56999969482422,22.670000076293945,11.438733100891113,61000
2015-10-13,22.510000228881836,22.65999984741211,22.510000228881836,22.549999237060547,11.442288398742676,30400
2015-10-14,22.520000457763672,22.719999313354492,22.510000228881836,22.610000610351562,11.47273063659668,22800
2015-10-15,22.559999465942383,22.799999237060547,22.540000915527344,22.610000610351562,11.47273063659668,87500
2015-10-16,22.610000610351562,22.6299991607666,22.540000915527344,22.600000381469727,11.46765422821045,53000
2015-10-19,22.56999969482422,22.6299991607666,22.510000228881836,22.520000457763672,11.427066802978516,77800
2015-10-20,22.520000457763672,22.530000686645508,22.459999084472656,22.469999313354492,11.401693344116211,83100
2015-10-21,22.479999542236328,22.610000610351562,22.469999313354492,22.5,11.416909217834473,91600
2015-10-22,22.520000457763672,22.6299991607666,22.5,22.549999237060547,11.442288398742676,97700
2015-10-23,22.559999465942383,22.6299991607666,22.549999237060547,22.6200008392334,11.477805137634277,141700
2015-10-26,22.56999969482422,22.65999984741211,22.559999465942383,22.600000381469727,11.46765422821045,49300
2015-10-27,22.520000457763672,22.6299991607666,22.510000228881836,22.530000686645508,11.432136535644531,112700
2015-10-28,22.540000915527344,22.579999923706055,22.489999771118164,22.5,11.416909217834473,87700
2015-10-29,22.479999542236328,22.559999465942383,22.3799991607666,22.3799991607666,11.356022834777832,136600
2015-10-30,22.3799991607666,22.6200008392334,22.3700008392334,22.579999923706055,11.457513809204102,140400
2015-11-02,22.56999969482422,22.709999084472656,22.510000228881836,22.700000762939453,11.51839828491211,41500
2015-11-03,22.860000610351562,22.860000610351562,22.549999237060547,22.6299991607666,11.482876777648926,77600
2015-11-04,22.579999923706055,22.760000228881836,22.520000457763672,22.690000534057617,11.513321876525879,61200
2015-11-05,22.700000762939453,22.75,22.6299991607666,22.739999771118164,11.538695335388184,23200
2015-11-06,22.68000030517578,22.75,22.600000381469727,22.6200008392334,11.477805137634277,36800
2015-11-09,22.600000381469727,22.709999084472656,22.5,22.68000030517578,11.508255958557129,45900
2015-11-10,22.40999984741211,22.799999237060547,22.40999984741211,22.690000534057617,11.578155517578125,220000
2015-11-11,22.670000076293945,22.770000457763672,22.56999969482422,22.700000762939453,11.583259582519531,106000
2015-11-12,22.6299991607666,22.690000534057617,22.59000015258789,22.639999389648438,11.552640914916992,36100
2015-11-13,22.6200008392334,22.700000762939453,22.56999969482422,22.68000030517578,11.573060989379883,23900
2015-11-16,22.68000030517578,22.809999465942383,22.6299991607666,22.729999542236328,11.598572731018066,32500
2015-11-17,22.719999313354492,22.729999542236328,22.549999237060547,22.559999465942383,11.511824607849121,42600
2015-11-18,22.559999465942383,22.670000076293945,22.549999237060547,22.559999465942383,11.511824607849121,52800
2015-11-19,22.530000686645508,22.610000610351562,22.530000686645508,22.610000610351562,11.537338256835938,14900
2015-11-20,22.700000762939453,22.700000762939453,22.56999969482422,22.610000610351562,11.537338256835938,30100
2015-11-23,22.639999389648438,22.639999389648438,22.540000915527344,22.559999465942383,11.511824607849121,53800
2015-11-24,22.520000457763672,22.600000381469727,22.520000457763672,22.559999465942383,11.511824607849121,28700
2015-11-25,22.530000686645508,22.600000381469727,22.450000762939453,22.520000457763672,11.491411209106445,49100
2015-11-27,22.469999313354492,22.610000610351562,22.469999313354492,22.469999313354492,11.465892791748047,18200
2015-11-30,22.600000381469727,22.600000381469727,22.459999084472656,22.479999542236328,11.47099781036377,42000
2015-12-01,22.510000228881836,22.600000381469727,22.5,22.59000015258789,11.527127265930176,59200
2015-12-02,22.709999084472656,22.709999084472656,22.549999237060547,22.579999923706055,11.522022247314453,71900
2015-12-03,22.549999237060547,22.639999389648438,22.489999771118164,22.549999237060547,11.506718635559082,30200
2015-12-04,22.510000228881836,22.59000015258789,22.479999542236328,22.56999969482422,11.51692008972168,42400
2015-12-07,22.479999542236328,22.549999237060547,22.420000076293945,22.479999542236328,11.47099781036377,33300
2015-12-08,22.420000076293945,22.549999237060547,22.420000076293945,22.5,11.481199264526367,54900
2015-12-09,22.40999984741211,22.59000015258789,22.399999618530273,22.540000915527344,11.501619338989258,54700
2015-12-10,22.56999969482422,22.600000381469727,22.479999542236328,22.549999237060547,11.506718635559082,89800
2015-12-11,22.399999618530273,22.399999618530273,22.200000762939453,22.299999237060547,11.443601608276367,78600
2015-12-14,22.200000762939453,22.420000076293945,22.200000762939453,22.239999771118164,11.41281509399414,112900
2015-12-15,22.239999771118164,22.559999465942383,22.239999771118164,22.459999084472656,11.525710105895996,52000
2015-12-16,22.549999237060547,22.729999542236328,22.5,22.68000030517578,11.638607025146484,152700
2015-12-17,22.729999542236328,22.799999237060547,22.5,22.790000915527344,11.695052146911621,61100
2015-12-18,22.75,22.959999084472656,22.639999389648438,22.84000015258789,11.720707893371582,63100
2015-12-21,22.729999542236328,22.940000534057617,22.729999542236328,22.850000381469727,11.725839614868164,32000
2015-12-22,22.860000610351562,22.920000076293945,22.809999465942383,22.84000015258789,11.720707893371582,52100
2015-12-23,22.93000030517578,22.969999313354492,22.860000610351562,22.889999389648438,11.746367454528809,52800
2015-12-24,22.8799991607666,22.889999389648438,22.780000686645508,22.84000015258789,11.720707893371582,31700
2015-12-28,22.75,22.959999084472656,22.68000030517578,22.850000381469727,11.725839614868164,42100
2015-12-29,22.760000228881836,22.979999542236328,22.760000228881836,22.950000762939453,11.77716064453125,37400
2015-12-30,22.899999618530273,22.899999618530273,22.75,22.770000457763672,11.684784889221191,84200
2015-12-31,22.829999923706055,22.899999618530273,22.700000762939453,22.709999084472656,11.653996467590332,71700
2016-01-04,22.59000015258789,22.75,22.59000015258789,22.729999542236328,11.664260864257812,93600
2016-01-05,22.829999923706055,22.850000381469727,22.809999465942383,22.850000381469727,11.725839614868164,60100
2016-01-06,22.639999389648438,22.979999542236328,22.639999389648438,22.899999618530273,11.751496315002441,110800
2016-01-07,22.600000381469727,22.8700008392334,22.600000381469727,22.809999465942383,11.705309867858887,63000
2016-01-08,22.780000686645508,22.860000610351562,22.670000076293945,22.760000228881836,11.679656028747559,41100
2016-01-11,22.68000030517578,22.790000915527344,22.649999618530273,22.700000762939453,11.6488676071167,57200
2016-01-12,22.84000015258789,22.84000015258789,22.649999618530273,22.700000762939453,11.6488676071167,71700
2016-01-13,22.600000381469727,22.6200008392334,22.469999313354492,22.510000228881836,11.616354942321777,107500
2016-01-14,22.440000534057617,22.59000015258789,22.40999984741211,22.559999465942383,11.642156600952148,39400
2016-01-15,22.040000915527344,22.510000228881836,22.040000915527344,22.43000030517578,11.575068473815918,40000
2016-01-19,22.56999969482422,22.56999969482422,22.31999969482422,22.479999542236328,11.600878715515137,54200
2016-01-20,22.309999465942383,22.5,22.209999084472656,22.34000015258789,11.52862548828125,59900
2016-01-21,22.270000457763672,22.700000762939453,22.270000457763672,22.68000030517578,11.704085350036621,34600
2016-01-22,22.6299991607666,22.860000610351562,22.6200008392334,22.829999923706055,11.781495094299316,35900
2016-01-25,22.860000610351562,22.860000610351562,22.649999618530273,22.75,11.740204811096191,38100
2016-01-26,22.729999542236328,22.84000015258789,22.6299991607666,22.65999984741211,11.693764686584473,23900
2016-01-27,22.639999389648438,22.700000762939453,22.610000610351562,22.670000076293945,11.698925018310547,22500
2016-01-28,22.780000686645508,22.989999771118164,22.469999313354492,22.549999237060547,11.63699722290039,128100
2016-01-29,22.549999237060547,22.770000457763672,22.5,22.75,11.740204811096191,62800
2016-02-01,22.729999542236328,22.729999542236328,22.549999237060547,22.700000762939453,11.714408874511719,76200
2016-02-02,22.540000915527344,22.829999923706055,22.540000915527344,22.809999465942383,11.771166801452637,69900
2016-02-03,22.889999389648438,23.0,22.829999923706055,22.989999771118164,11.864057540893555,74200
2016-02-04,22.899999618530273,23.040000915527344,22.899999618530273,23.030000686645508,11.884696960449219,92900
2016-02-05,23.049999237060547,23.049999237060547,22.899999618530273,22.899999618530273,11.817612648010254,90600
2016-02-08,22.8700008392334,22.899999618530273,22.6299991607666,22.729999542236328,11.729886054992676,32200
2016-02-09,22.520000457763672,22.709999084472656,22.520000457763672,22.56999969482422,11.647318840026855,15600
2016-02-10,22.600000381469727,22.600000381469727,22.459999084472656,22.5,11.676897048950195,27200
2016-02-11,22.25,22.450000762939453,22.25,22.389999389648438,11.6198148727417,38400
2016-02-12,22.459999084472656,22.459999084472656,22.06999969482422,22.18000030517578,11.510830879211426,55400
2016-02-16,22.399999618530273,22.399999618530273,21.959999084472656,22.059999465942383,11.448552131652832,39800
2016-02-17,22.049999237060547,22.18000030517578,21.93000030517578,22.149999618530273,11.495253562927246,49400
2016-02-18,22.100000381469727,22.25,22.020000457763672,22.219999313354492,11.531580924987793,29600
2016-02-19,22.110000610351562,22.3799991607666,22.100000381469727,22.229999542236328,11.536774635314941,31500
2016-02-22,22.260000228881836,22.440000534057617,22.25,22.360000610351562,11.604243278503418,28400
2016-02-23,22.270000457763672,22.350000381469727,22.270000457763672,22.34000015258789,11.593863487243652,32200
2016-02-24,22.229999542236328,22.350000381469727,22.209999084472656,22.270000457763672,11.557534217834473,9700
2016-02-25,22.299999237060547,22.489999771118164,22.260000228881836,22.479999542236328,11.666519165039062,31000
2016-02-26,22.5,22.520000457763672,22.31999969482422,22.450000762939453,11.65095329284668,26200
2016-02-29,22.40999984741211,22.469999313354492,22.31999969482422,22.440000534057617,11.645758628845215,15200
2016-03-01,22.450000762939453,22.510000228881836,22.40999984741211,22.479999542236328,11.666519165039062,35800
2016-03-02,22.559999465942383,22.559999465942383,22.440000534057617,22.5,11.676897048950195,28900
2016-03-03,22.530000686645508,22.559999465942383,22.5,22.559999465942383,11.708038330078125,20500
2016-03-04,22.5,22.579999923706055,22.5,22.559999465942383,11.708038330078125,21700
2016-03-07,22.579999923706055,22.59000015258789,22.559999465942383,22.59000015258789,11.72360897064209,19300
2016-03-08,22.600000381469727,22.649999618530273,22.559999465942383,22.6299991607666,11.744361877441406,32400
2016-03-09,22.600000381469727,22.639999389648438,22.59000015258789,22.600000381469727,11.728795051574707,15600
2016-03-10,22.6200008392334,22.6200008392334,22.520000457763672,22.520000457763672,11.68728256225586,6100
2016-03-11,22.520000457763672,22.520000457763672,22.31999969482422,22.479999542236328,11.732685089111328,27800
2016-03-14,22.399999618530273,22.469999313354492,22.389999389648438,22.459999084472656,11.722249031066895,21800
2016-03-15,22.3799991607666,22.540000915527344,22.3799991607666,22.540000915527344,11.76400089263916,52700
2016-03-16,22.520000457763672,22.639999389648438,22.450000762939453,22.610000610351562,11.800539016723633,50000
2016-03-17,22.610000610351562,22.6200008392334,22.56999969482422,22.56999969482422,11.779658317565918,35600
2016-03-18,22.56999969482422,22.649999618530273,22.399999618530273,22.649999618530273,11.821412086486816,31700
2016-03-21,22.600000381469727,22.649999618530273,22.5,22.5,11.743124008178711,28800
2016-03-22,22.43000030517578,22.6200008392334,22.43000030517578,22.579999923706055,11.784876823425293,33000
2016-03-23,22.579999923706055,22.610000610351562,22.540000915527344,22.59000015258789,11.790101051330566,28100
2016-03-24,22.5,22.59000015258789,22.450000762939453,22.450000762939453,11.717029571533203,26700
2016-03-28,22.459999084472656,22.540000915527344,22.450000762939453,22.469999313354492,11.727469444274902,27300
2016-03-29,22.520000457763672,22.559999465942383,22.399999618530273,22.399999618530273,11.690933227539062,131800
2016-03-30,22.479999542236328,22.540000915527344,22.399999618530273,22.399999618530273,11.690933227539062,110700
2016-03-31,22.40999984741211,22.510000228881836,22.40999984741211,22.479999542236328,11.732685089111328,31400
2016-04-01,22.399999618530273,22.799999237060547,22.399999618530273,22.799999237060547,11.899703025817871,66700
2016-04-04,22.799999237060547,22.809999465942383,22.59000015258789,22.790000915527344,11.89448356628418,25900
2016-04-05,22.729999542236328,22.799999237060547,22.670000076293945,22.770000457763672,11.884044647216797,9500
2016-04-06,22.739999771118164,23.09000015258789,22.700000762939453,23.020000457763672,12.014519691467285,23900
2016-04-07,22.8700008392334,22.979999542236328,22.469999313354492,22.549999237060547,11.769221305847168,48400
2016-04-08,22.549999237060547,22.690000534057617,22.530000686645508,22.649999618530273,11.821412086486816,35800
2016-04-11,22.790000915527344,22.790000915527344,22.65999984741211,22.739999771118164,11.868379592895508,10400
2016-04-12,22.670000076293945,22.780000686645508,22.670000076293945,22.709999084472656,11.852725982666016,24000
2016-04-13,22.75,22.75,22.649999618530273,22.739999771118164,11.935126304626465,8800
2016-04-14,22.75,22.809999465942383,22.520000457763672,22.59000015258789,11.856406211853027,30800
2016-04-15,22.520000457763672,22.690000534057617,22.510000228881836,22.540000915527344,11.830155372619629,39000
2016-04-18,22.56999969482422,22.719999313354492,22.56999969482422,22.639999389648438,11.88263988494873,17600
2016-04-19,22.59000015258789,22.8700008392334,22.59000015258789,22.68000030517578,11.903633117675781,27600
2016-04-20,22.68000030517578,22.799999237060547,22.68000030517578,22.799999237060547,11.966622352600098,18700
2016-04-21,22.90999984741211,22.979999542236328,22.799999237060547,22.969999313354492,12.05584716796875,33800
2016-04-22,22.940000534057617,23.1200008392334,22.90999984741211,22.969999313354492,12.05584716796875,13400
2016-04-25,22.90999984741211,23.0,22.899999618530273,22.969999313354492,12.05584716796875,27700
2016-04-26,23.030000686645508,23.09000015258789,22.899999618530273,22.90999984741211,12.02435302734375,75200
2016-04-27,22.940000534057617,23.020000457763672,22.700000762939453,22.920000076293945,12.029601097106934,53600
2016-04-28,22.81999969482422,22.959999084472656,22.81999969482422,22.90999984741211,12.02435302734375,36100
2016-04-29,22.81999969482422,22.90999984741211,22.81999969482422,22.90999984741211,12.02435302734375,33200
2016-05-02,23.010000228881836,23.09000015258789,22.8799991607666,23.06999969482422,12.108329772949219,35900
2016-05-03,23.149999618530273,23.15999984741211,22.989999771118164,23.020000457763672,12.082084655761719,36900
2016-05-04,22.93000030517578,23.110000610351562,22.90999984741211,22.93000030517578,12.034857749938965,29900
2016-05-05,22.969999313354492,23.06999969482422,22.850000381469727,22.850000381469727,11.992864608764648,37200
2016-05-06,22.770000457763672,23.1200008392334,22.770000457763672,23.079999923706055,12.113576889038086,19200
2016-05-09,23.040000915527344,23.110000610351562,23.010000228881836,23.020000457763672,12.082084655761719,27400
2016-05-10,22.959999084472656,23.110000610351562,22.959999084472656,23.020000457763672,12.082084655761719,22500
2016-05-11,22.940000534057617,23.049999237060547,22.739999771118164,22.8799991607666,12.075227737426758,32800
2016-05-12,22.850000381469727,23.030000686645508,22.81999969482422,23.010000228881836,12.143834114074707,16600
2016-05-13,22.950000762939453,23.049999237060547,22.920000076293945,23.049999237060547,12.16494083404541,10900
2016-05-16,23.049999237060547,23.049999237060547,22.899999618530273,23.0,12.138559341430664,45700
2016-05-17,22.959999084472656,23.049999237060547,22.920000076293945,23.040000915527344,12.159658432006836,33100
2016-05-18,22.950000762939453,23.020000457763672,22.8799991607666,22.889999389648438,12.08050537109375,30300
2016-05-19,22.850000381469727,22.920000076293945,22.549999237060547,22.600000381469727,11.927448272705078,88300
2016-05-20,22.639999389648438,22.899999618530273,22.610000610351562,22.6299991607666,11.943283081054688,52100
2016-05-23,22.6200008392334,22.809999465942383,22.600000381469727,22.75,12.006613731384277,25800
2016-05-24,22.690000534057617,22.799999237060547,22.549999237060547,22.549999237060547,11.901065826416016,59700
2016-05-25,22.579999923706055,22.700000762939453,22.5,22.68000030517578,11.969670295715332,91600
2016-05-26,22.65999984741211,22.920000076293945,22.65999984741211,22.899999618530273,12.08577823638916,66100
2016-05-27,22.899999618530273,23.0,22.860000610351562,22.889999389648438,12.08050537109375,29900
2016-05-31,22.950000762939453,22.950000762939453,22.760000228881836,22.90999984741211,12.091059684753418,16600
2016-06-01,22.950000762939453,22.979999542236328,22.760000228881836,22.899999618530273,12.08577823638916,73200
2016-06-02,22.989999771118164,23.079999923706055,22.899999618530273,23.079999923706055,12.180774688720703,33300
2016-06-03,23.06999969482422,23.25,23.0,23.25,12.270499229431152,22100
2016-06-06,23.18000030517578,23.190000534057617,23.040000915527344,23.139999389648438,12.212451934814453,35000
2016-06-07,23.059999465942383,23.18000030517578,22.969999313354492,22.979999542236328,12.127998352050781,35900
2016-06-08,23.0,23.170000076293945,23.0,23.1299991607666,12.207164764404297,22300
2016-06-09,23.149999618530273,23.149999618530273,22.90999984741211,22.920000076293945,12.096336364746094,75900
2016-06-10,22.90999984741211,23.049999237060547,22.81999969482422,22.969999313354492,12.122726440429688,78600
2016-06-13,22.860000610351562,22.889999389648438,22.489999771118164,22.59000015258789,11.981640815734863,57400
2016-06-14,22.559999465942383,22.719999313354492,22.510000228881836,22.520000457763672,11.944513320922852,73400
2016-06-15,22.68000030517578,22.780000686645508,22.600000381469727,22.649999618530273,12.01346206665039,75400
2016-06-16,22.639999389648438,22.739999771118164,22.610000610351562,22.709999084472656,12.045284271240234,33000
2016-06-17,22.760000228881836,22.790000915527344,22.6200008392334,22.760000228881836,12.071806907653809,33100
2016-06-20,22.8700008392334,22.8700008392334,22.610000610351562,22.760000228881836,12.071806907653809,32800
2016-06-21,22.709999084472656,22.940000534057617,22.700000762939453,22.81999969482422,12.103630065917969,27900
2016-06-22,22.790000915527344,22.940000534057617,22.729999542236328,22.889999389648438,12.140758514404297,28900
2016-06-23,22.959999084472656,22.969999313354492,22.8700008392334,22.90999984741211,12.151368141174316,34300
2016-06-24,22.610000610351562,22.989999771118164,22.610000610351562,22.90999984741211,12.151368141174316,41100
2016-06-27,22.950000762939453,23.030000686645508,22.850000381469727,22.950000762939453,12.172589302062988,60200
2016-06-28,23.040000915527344,23.09000015258789,22.950000762939453,23.06999969482422,12.236231803894043,29500
2016-06-29,23.079999923706055,23.09000015258789,22.90999984741211,23.049999237060547,12.225619316101074,30700
2016-06-30,23.06999969482422,23.100000381469727,22.920000076293945,23.100000381469727,12.252140045166016,22500
2016-07-01,23.100000381469727,23.100000381469727,22.950000762939453,23.100000381469727,12.252140045166016,27000
2016-07-05,23.09000015258789,23.239999771118164,23.0,23.239999771118164,12.326395988464355,52400
2016-07-06,23.219999313354492,23.34000015258789,23.1299991607666,23.329999923706055,12.374125480651855,30200
2016-07-07,23.299999237060547,23.350000381469727,23.260000228881836,23.350000381469727,12.384742736816406,22500
2016-07-08,23.299999237060547,23.350000381469727,23.260000228881836,23.34000015258789,12.379433631896973,17300
2016-07-11,23.280000686645508,23.350000381469727,23.270000457763672,23.309999465942383,12.36352252960205,25200
2016-07-12,23.25,23.450000762939453,23.25,23.270000457763672,12.342313766479492,34500
2016-07-13,23.209999084472656,23.260000228881836,23.1299991607666,23.139999389648438,12.333781242370605,18100
2016-07-14,23.100000381469727,23.219999313354492,23.100000381469727,23.139999389648438,12.333781242370605,55700
2016-07-15,23.149999618530273,23.280000686645508,23.149999618530273,23.200000762939453,12.36575984954834,28900
2016-07-18,23.270000457763672,23.280000686645508,23.15999984741211,23.18000030517578,12.355096817016602,31500
2016-07-19,23.200000762939453,23.3799991607666,23.170000076293945,23.3700008392334,12.456372261047363,27200
2016-07-20,23.299999237060547,23.489999771118164,23.299999237060547,23.469999313354492,12.509675979614258,21400
2016-07-21,23.489999771118164,23.489999771118164,23.3799991607666,23.3799991607666,12.461700439453125,38700
2016-07-22,23.309999465942383,23.489999771118164,23.309999465942383,23.489999771118164,12.520331382751465,36300
2016-07-25,23.479999542236328,23.59000015258789,23.43000030517578,23.459999084472656,12.50434398651123,22200
2016-07-26,23.469999313354492,23.649999618530273,23.459999084472656,23.6299991607666,12.594955444335938,19600
2016-07-27,23.6299991607666,23.739999771118164,23.579999923706055,23.610000610351562,12.584291458129883,27400
2016-07-28,23.700000762939453,23.700000762939453,23.450000762939453,23.549999237060547,12.552313804626465,45300
2016-07-29,23.540000915527344,23.68000030517578,23.540000915527344,23.68000030517578,12.621603965759277,10800
2016-08-01,23.700000762939453,23.709999084472656,23.600000381469727,23.709999084472656,12.637593269348145,29200
2016-08-02,23.739999771118164,23.739999771118164,23.600000381469727,23.610000610351562,12.584291458129883,24600
2016-08-03,23.6200008392334,23.739999771118164,23.600000381469727,23.670000076293945,12.616270065307617,15700
2016-08-04,23.639999389648438,23.729999542236328,23.639999389648438,23.729999542236328,12.648253440856934,6800
2016-08-05,23.690000534057617,23.75,23.65999984741211,23.729999542236328,12.648253440856934,14600
2016-08-08,23.75,23.75,23.65999984741211,23.719999313354492,12.64292049407959,10800
2016-08-09,23.649999618530273,23.75,23.649999618530273,23.739999771118164,12.653579711914062,19600
2016-08-10,23.700000762939453,23.889999389648438,23.700000762939453,23.889999389648438,12.733532905578613,23400
2016-08-11,23.75,23.809999465942383,23.690000534057617,23.760000228881836,12.724971771240234,29900
2016-08-12,23.690000534057617,24.149999618530273,23.6299991607666,23.8799991607666,12.789240837097168,26300
2016-08-15,23.809999465942383,23.979999542236328,23.809999465942383,23.829999923706055,12.762455940246582,13900
2016-08-16,23.799999237060547,23.920000076293945,23.770000457763672,23.8799991607666,12.789240837097168,22900
2016-08-17,23.829999923706055,23.920000076293945,23.760000228881836,23.81999969482422,12.757102966308594,16900
2016-08-18,23.8799991607666,23.979999542236328,23.829999923706055,23.8700008392334,12.783879280090332,25900
2016-08-19,23.799999237060547,23.989999771118164,23.790000915527344,23.989999771118164,12.848150253295898,36800
2016-08-22,23.889999389648438,24.0,23.850000381469727,23.959999084472656,12.832083702087402,39800
2016-08-23,24.0,24.1200008392334,23.81999969482422,23.899999618530273,12.799944877624512,29200
2016-08-24,23.8799991607666,23.969999313354492,23.8799991607666,23.8799991607666,12.789240837097168,44200
2016-08-25,23.829999923706055,24.0,23.790000915527344,23.84000015258789,12.76781177520752,31300
2016-08-26,23.790000915527344,23.899999618530273,23.760000228881836,23.8799991607666,12.789240837097168,21800
2016-08-29,23.899999618530273,24.0,23.8700008392334,23.950000762939453,12.826725959777832,17800
2016-08-30,23.959999084472656,24.229999542236328,23.90999984741211,24.229999542236328,12.976680755615234,22200
2016-08-31,24.190000534057617,24.280000686645508,24.15999984741211,24.25,12.98739242553711,15200
2016-09-01,24.229999542236328,24.25,24.149999618530273,24.25,12.98739242553711,26700
2016-09-02,24.360000610351562,24.860000610351562,24.270000457763672,24.469999313354492,13.105216979980469,37900
2016-09-06,24.420000076293945,24.530000686645508,24.209999084472656,24.299999237060547,13.014172554016113,27100
2016-09-07,24.399999618530273,24.5,24.09000015258789,24.149999618530273,12.933832168579102,51600
2016-09-08,24.290000915527344,24.329999923706055,24.059999465942383,24.059999465942383,12.885635375976562,41900
2016-09-09,23.950000762939453,24.18000030517578,23.700000762939453,23.75,12.719612121582031,50900
2016-09-12,23.649999618530273,23.989999771118164,23.649999618530273,23.899999618530273,12.799944877624512,36700
2016-09-13,23.65999984741211,23.8700008392334,23.65999984741211,23.700000762939453,12.753667831420898,33100
2016-09-14,23.600000381469727,24.360000610351562,23.600000381469727,24.110000610351562,12.974298477172852,129300
2016-09-15,24.360000610351562,24.360000610351562,24.059999465942383,24.139999389648438,12.990445137023926,36800
2016-09-16,24.139999389648438,24.270000457763672,24.079999923706055,24.079999923706055,12.95815372467041,31500
2016-09-19,24.059999465942383,24.1299991607666,23.709999084472656,23.860000610351562,12.839764595031738,54400
2016-09-20,23.860000610351562,24.049999237060547,23.84000015258789,23.899999618530273,12.861295700073242,23300
2016-09-21,23.860000610351562,24.079999923706055,23.829999923706055,23.90999984741211,12.866676330566406,27300
2016-09-22,23.950000762939453,24.15999984741211,23.899999618530273,23.93000030517578,12.877442359924316,60300
2016-09-23,23.8700008392334,24.030000686645508,23.860000610351562,23.899999618530273,12.861295700073242,21900
2016-09-26,23.899999618530273,23.989999771118164,23.860000610351562,23.940000534057617,12.882813453674316,30400
2016-09-27,23.8799991607666,24.040000915527344,23.860000610351562,23.959999084472656,12.893586158752441,61600
2016-09-28,23.950000762939453,24.09000015258789,23.950000762939453,24.0,12.915105819702148,20300
2016-09-29,24.040000915527344,24.15999984741211,23.979999542236328,24.040000915527344,12.936624526977539,39900
2016-09-30,23.979999542236328,24.18000030517578,23.950000762939453,24.18000030517578,13.011964797973633,27600
2016-10-03,24.139999389648438,24.170000076293945,23.950000762939453,24.100000381469727,12.968916893005371,55800
2016-10-04,24.1200008392334,24.1200008392334,23.899999618530273,24.0,12.915105819702148,38400
2016-10-05,23.959999084472656,24.040000915527344,23.959999084472656,23.959999084472656,12.893586158752441,15000
2016-10-06,23.90999984741211,24.209999084472656,23.90999984741211,24.209999084472656,13.028104782104492,14400
2016-10-07,24.110000610351562,24.15999984741211,24.030000686645508,24.049999237060547,12.942009925842285,38400
2016-10-10,24.030000686645508,24.25,24.0,24.110000610351562,12.974298477172852,49800
2016-10-11,24.059999465942383,24.059999465942383,23.940000534057617,23.989999771118164,12.909724235534668,21200
2016-10-12,23.950000762939453,24.1200008392334,23.950000762939453,24.0,12.976768493652344,49500
2016-10-13,23.950000762939453,23.950000762939453,23.799999237060547,23.84000015258789,12.890262603759766,40500
2016-10-14,23.850000381469727,23.889999389648438,23.690000534057617,23.770000457763672,12.852410316467285,53000
2016-10-17,23.739999771118164,23.760000228881836,23.700000762939453,23.709999084472656,12.819967269897461,48300
2016-10-18,23.719999313354492,23.809999465942383,23.649999618530273,23.809999465942383,12.874039649963379,29000
2016-10-19,23.770000457763672,24.18000030517578,23.719999313354492,24.1200008392334,13.041655540466309,33600
2016-10-20,24.110000610351562,24.40999984741211,23.989999771118164,23.989999771118164,12.971363067626953,50800
2016-10-21,24.059999465942383,24.110000610351562,23.93000030517578,24.09000015258789,13.025430679321289,16600
2016-10-24,23.979999542236328,24.040000915527344,23.850000381469727,23.8799991607666,12.911890983581543,35200
2016-10-25,23.84000015258789,24.030000686645508,23.799999237060547,23.90999984741211,12.928106307983398,75600
2016-10-26,23.850000381469727,24.059999465942383,23.850000381469727,24.059999465942383,13.00921630859375,18100
2016-10-27,24.059999465942383,24.059999465942383,23.860000610351562,23.920000076293945,12.933507919311523,13500
2016-10-28,23.799999237060547,24.049999237060547,23.799999237060547,23.959999084472656,12.955144882202148,26600
2016-10-31,23.979999542236328,24.020000457763672,23.799999237060547,23.8799991607666,12.911890983581543,35600
2016-11-01,23.889999389648438,23.93000030517578,23.719999313354492,23.770000457763672,12.852410316467285,35200
2016-11-02,23.84000015258789,23.969999313354492,23.84000015258789,23.93000030517578,12.938920974731445,35300
2016-11-03,23.90999984741211,23.989999771118164,23.860000610351562,23.93000030517578,12.938920974731445,7000
2016-11-04,23.90999984741211,23.979999542236328,23.860000610351562,23.940000534057617,12.944327354431152,13200
2016-11-07,23.969999313354492,24.049999237060547,23.950000762939453,24.040000915527344,12.998394966125488,30100
2016-11-08,23.969999313354492,24.049999237060547,23.90999984741211,24.049999237060547,13.003803253173828,7100
2016-11-09,23.899999618530273,23.950000762939453,23.65999984741211,23.690000534057617,12.809155464172363,72500
2016-11-10,23.649999618530273,23.649999618530273,22.850000381469727,23.219999313354492,12.615732192993164,119700
2016-11-11,23.010000228881836,23.3700008392334,23.010000228881836,23.200000762939453,12.604867935180664,125100
2016-11-14,23.299999237060547,23.40999984741211,23.1200008392334,23.290000915527344,12.653767585754395,62900
2016-11-15,23.3799991607666,23.899999618530273,23.34000015258789,23.8799991607666,12.974322319030762,85800
2016-11-16,23.950000762939453,23.950000762939453,23.65999984741211,23.770000457763672,12.914557456970215,39800
2016-11-17,23.8799991607666,23.8799991607666,23.670000076293945,23.739999771118164,12.89825439453125,33200
2016-11-18,23.700000762939453,23.8700008392334,23.670000076293945,23.8700008392334,12.968890190124512,18600
2016-11-21,23.81999969482422,24.049999237060547,23.81999969482422,23.93000030517578,13.001485824584961,17700
2016-11-22,24.139999389648438,24.139999389648438,23.770000457763672,23.969999313354492,13.023223876953125,28000
2016-11-23,23.90999984741211,24.010000228881836,23.829999923706055,23.989999771118164,13.03408432006836,23200
2016-11-25,23.959999084472656,24.209999084472656,23.959999084472656,24.190000534057617,13.142746925354004,21500
2016-11-28,24.200000762939453,24.200000762939453,24.110000610351562,24.15999984741211,13.126452445983887,14000
2016-11-29,24.010000228881836,24.040000915527344,23.940000534057617,24.040000915527344,13.061247825622559,25300
2016-11-30,24.09000015258789,24.149999618530273,23.969999313354492,24.06999969482422,13.07755184173584,18800
2016-12-01,23.860000610351562,24.010000228881836,23.799999237060547,23.920000076293945,12.996051788330078,47900
2016-12-02,24.030000686645508,24.09000015258789,23.959999084472656,23.959999084472656,13.017790794372559,32400
2016-12-05,24.030000686645508,24.09000015258789,23.770000457763672,23.81999969482422,12.941722869873047,29700
2016-12-06,23.920000076293945,24.020000457763672,23.799999237060547,23.809999465942383,12.936287879943848,13100
2016-12-07,23.799999237060547,24.15999984741211,23.760000228881836,24.110000610351562,13.099281311035156,25600
2016-12-08,24.09000015258789,24.1299991607666,24.010000228881836,24.040000915527344,13.061247825622559,35400
2016-12-09,24.030000686645508,24.030000686645508,23.860000610351562,23.889999389648438,12.97974967956543,17400
2016-12-12,23.8700008392334,23.979999542236328,23.790000915527344,23.979999542236328,13.028647422790527,17400
2016-12-13,23.829999923706055,23.93000030517578,23.690000534057617,23.690000534057617,12.932573318481445,70500
2016-12-14,23.690000534057617,23.84000015258789,23.600000381469727,23.75,12.965326309204102,33500
2016-12-15,23.690000534057617,23.829999923706055,23.670000076293945,23.75,12.965326309204102,15300
2016-12-16,23.700000762939453,24.030000686645508,23.700000762939453,24.020000457763672,13.112724304199219,43900
2016-12-19,23.989999771118164,24.170000076293945,23.989999771118164,24.1200008392334,13.167311668395996,11600
2016-12-20,24.100000381469727,24.190000534057617,23.950000762939453,24.110000610351562,13.161859512329102,23400
2016-12-21,24.1200008392334,24.190000534057617,23.969999313354492,24.139999389648438,13.178231239318848,27700
2016-12-22,23.940000534057617,24.049999237060547,23.809999465942383,24.049999237060547,13.284839630126953,25100
2016-12-23,24.020000457763672,24.040000915527344,23.860000610351562,23.979999542236328,13.246171951293945,17700
2016-12-27,23.979999542236328,23.979999542236328,23.799999237060547,23.84000015258789,13.168840408325195,17100
2016-12-28,23.84000015258789,24.049999237060547,23.81999969482422,23.93000030517578,13.218552589416504,29900
2016-12-29,23.84000015258789,24.100000381469727,23.84000015258789,24.079999923706055,13.301417350769043,30700
2016-12-30,24.149999618530273,24.149999618530273,23.93000030517578,24.06999969482422,13.295891761779785,58300
2017-01-03,24.020000457763672,24.09000015258789,23.899999618530273,23.950000762939453,13.229598999023438,41300
2017-01-04,23.959999084472656,24.190000534057617,23.959999084472656,24.190000534057617,13.362177848815918,57300
2017-01-05,24.049999237060547,24.15999984741211,23.950000762939453,23.950000762939453,13.229598999023438,27400
2017-01-06,23.950000762939453,24.049999237060547,23.799999237060547,23.950000762939453,13.229598999023438,12200
2017-01-09,24.0,24.0,23.84000015258789,23.920000076293945,13.213031768798828,54800
2017-01-10,23.920000076293945,23.989999771118164,23.850000381469727,23.979999542236328,13.246171951293945,56600
2017-01-11,23.969999313354492,23.969999313354492,23.780000686645508,23.799999237060547,13.209537506103516,26000
2017-01-12,23.8700008392334,23.8700008392334,23.799999237060547,23.829999923706055,13.226194381713867,56900
2017-01-13,23.81999969482422,23.889999389648438,23.799999237060547,23.84000015258789,13.231743812561035,41800
2017-01-17,23.81999969482422,23.950000762939453,23.809999465942383,23.809999465942383,13.215088844299316,29000
2017-01-18,23.959999084472656,23.959999084472656,23.780000686645508,23.860000610351562,13.242839813232422,27300
2017-01-19,23.889999389648438,23.920000076293945,23.799999237060547,23.8799991607666,13.253948211669922,59400
2017-01-20,23.84000015258789,23.889999389648438,23.770000457763672,23.81999969482422,13.220641136169434,39000
2017-01-23,23.8799991607666,23.93000030517578,23.799999237060547,23.860000610351562,13.242839813232422,27100
2017-01-24,23.8700008392334,24.030000686645508,23.8700008392334,24.030000686645508,13.337193489074707,62300
2017-01-25,23.969999313354492,24.15999984741211,23.920000076293945,24.06999969482422,13.35940170288086,63400
2017-01-26,24.100000381469727,24.170000076293945,24.0,24.139999389648438,13.3982572555542,44100
2017-01-27,24.18000030517578,24.18000030517578,24.020000457763672,24.049999237060547,13.348299026489258,43000
2017-01-30,24.049999237060547,24.170000076293945,24.040000915527344,24.170000076293945,13.414898872375488,55500
2017-01-31,24.020000457763672,24.299999237060547,24.020000457763672,24.280000686645508,13.475951194763184,71800
2017-02-01,24.290000915527344,24.3799991607666,24.229999542236328,24.3799991607666,13.53145694732666,28000
2017-02-02,24.5,24.520000457763672,24.260000228881836,24.299999237060547,13.487053871154785,45200
2017-02-03,24.34000015258789,24.5,24.309999465942383,24.459999084472656,13.575857162475586,24900
2017-02-06,24.450000762939453,24.469999313354492,24.360000610351562,24.469999313354492,13.581406593322754,22100
2017-02-07,24.479999542236328,24.479999542236328,24.200000762939453,24.229999542236328,13.448202133178711,46300
2017-02-08,24.239999771118164,24.40999984741211,24.219999313354492,24.399999618530273,13.542557716369629,44100
2017-02-09,24.34000015258789,24.40999984741211,24.260000228881836,24.299999237060547,13.487053871154785,29000
2017-02-10,24.43000030517578,24.43000030517578,24.280000686645508,24.290000915527344,13.481504440307617,29800
2017-02-13,24.34000015258789,24.34000015258789,24.1200008392334,24.1200008392334,13.450272560119629,32200
2017-02-14,24.18000030517578,24.290000915527344,24.110000610351562,24.149999618530273,13.46700382232666,34300
2017-02-15,24.260000228881836,24.280000686645508,24.200000762939453,24.200000762939453,13.49488639831543,26900
2017-02-16,24.200000762939453,24.280000686645508,24.15999984741211,24.280000686645508,13.539495468139648,32500
2017-02-17,24.350000381469727,24.450000762939453,24.270000457763672,24.450000762939453,13.634300231933594,28200
2017-02-21,24.489999771118164,24.549999237060547,24.329999923706055,24.540000915527344,13.684481620788574,46000
2017-02-22,24.34000015258789,24.520000457763672,24.34000015258789,24.489999771118164,13.656612396240234,34500
2017-02-23,24.510000228881836,24.530000686645508,24.40999984741211,24.530000686645508,13.678906440734863,36700
2017-02-24,24.520000457763672,24.59000015258789,24.489999771118164,24.530000686645508,13.678906440734863,46300
2017-02-27,24.56999969482422,24.600000381469727,24.479999542236328,24.559999465942383,13.695638656616211,22000
2017-02-28,24.600000381469727,24.600000381469727,24.5,24.540000915527344,13.684481620788574,26600
2017-03-01,24.540000915527344,24.639999389648438,24.489999771118164,24.540000915527344,13.684481620788574,31000
2017-03-02,24.639999389648438,24.639999389648438,24.43000030517578,24.5,13.662178039550781,30600
2017-03-03,24.5,24.540000915527344,24.450000762939453,24.450000762939453,13.634300231933594,16800
2017-03-06,24.489999771118164,24.549999237060547,24.440000534057617,24.549999237060547,13.690056800842285,12100
2017-03-07,24.549999237060547,24.549999237060547,24.440000534057617,24.469999313354492,13.645450592041016,17600
2017-03-08,24.450000762939453,24.450000762939453,24.329999923706055,24.420000076293945,13.617568969726562,51500
2017-03-09,24.3700008392334,24.3799991607666,24.219999313354492,24.290000915527344,13.545071601867676,20700
2017-03-10,24.34000015258789,24.489999771118164,24.34000015258789,24.420000076293945,13.617568969726562,17600
2017-03-13,24.43000030517578,24.43000030517578,24.309999465942383,24.34000015258789,13.636616706848145,14700
2017-03-14,24.3799991607666,24.3799991607666,24.229999542236328,24.329999923706055,13.631013870239258,20600
2017-03-15,24.399999618530273,24.549999237060547,24.360000610351562,24.549999237060547,13.75426959991455,70900
2017-03-16,24.549999237060547,24.65999984741211,24.510000228881836,24.6200008392334,13.793488502502441,35100
2017-03-17,24.6200008392334,24.68000030517578,24.59000015258789,24.600000381469727,13.782283782958984,12500
2017-03-20,24.600000381469727,24.610000610351562,24.520000457763672,24.600000381469727,13.782283782958984,13600
2017-03-21,24.5,24.649999618530273,24.5,24.549999237060547,13.75426959991455,37700
2017-03-22,24.520000457763672,24.799999237060547,24.5,24.600000381469727,13.782283782958984,43000
2017-03-23,24.510000228881836,24.81999969482422,24.510000228881836,24.700000762939453,13.838300704956055,50000
2017-03-24,24.760000228881836,24.829999923706055,24.75,24.809999465942383,13.899941444396973,15800
2017-03-27,24.760000228881836,24.829999923706055,24.6299991607666,24.6299991607666,13.799092292785645,24700
2017-03-28,24.540000915527344,24.760000228881836,24.540000915527344,24.639999389648438,13.804688453674316,25700
2017-03-29,24.649999618530273,24.690000534057617,24.600000381469727,24.65999984741211,13.815900802612305,18600
2017-03-30,24.65999984741211,24.68000030517578,24.610000610351562,24.649999618530273,13.810294151306152,18900
2017-03-31,24.639999389648438,24.770000457763672,24.6200008392334,24.770000457763672,13.877524375915527,23500
2017-04-03,24.860000610351562,24.889999389648438,24.700000762939453,24.770000457763672,13.877524375915527,41400
2017-04-04,24.829999923706055,24.829999923706055,24.75,24.780000686645508,13.883131980895996,26300
2017-04-05,24.809999465942383,24.809999465942383,24.6200008392334,24.6299991607666,13.799092292785645,21900
2017-04-06,24.729999542236328,24.75,24.579999923706055,24.610000610351562,13.787877082824707,42100
2017-04-07,24.690000534057617,24.690000534057617,24.530000686645508,24.639999389648438,13.804688453674316,23000
2017-04-10,24.690000534057617,24.690000534057617,24.5,24.6200008392334,13.793488502502441,35600
2017-04-11,24.6200008392334,24.6200008392334,24.40999984741211,24.56999969482422,13.829509735107422,11800
2017-04-12,24.600000381469727,24.899999618530273,24.399999618530273,24.899999618530273,14.01525592803955,36300
2017-04-13,24.8799991607666,24.8799991607666,24.68000030517578,24.790000915527344,13.953340530395508,43500
2017-04-17,24.809999465942383,24.899999618530273,24.68000030517578,24.8799991607666,14.004002571105957,30900
2017-04-18,24.8799991607666,24.950000762939453,24.84000015258789,24.889999389648438,14.009632110595703,42000
2017-04-19,24.889999389648438,25.0,24.889999389648438,24.899999618530273,14.01525592803955,30000
2017-04-20,24.93000030517578,24.979999542236328,24.84000015258789,24.959999084472656,14.049026489257812,29600
2017-04-21,24.899999618530273,25.0,24.860000610351562,24.860000610351562,13.99273681640625,17100
2017-04-24,24.989999771118164,24.989999771118164,24.84000015258789,24.8700008392334,13.998367309570312,13300
2017-04-25,24.889999389648438,24.889999389648438,24.530000686645508,24.75,13.930822372436523,40400
2017-04-26,24.739999771118164,25.0,24.729999542236328,24.969999313354492,14.05465316772461,52700
2017-04-27,24.940000534057617,25.1299991607666,24.8799991607666,24.940000534057617,14.0377779006958,35600
2017-04-28,25.010000228881836,25.049999237060547,24.899999618530273,24.950000762939453,14.0433988571167,21600
2017-05-01,24.920000076293945,25.110000610351562,24.920000076293945,25.110000610351562,14.133452415466309,37100
2017-05-02,25.219999313354492,25.219999313354492,25.15999984741211,25.18000030517578,14.172859191894531,30600
2017-05-03,25.170000076293945,25.889999389648438,25.170000076293945,25.290000915527344,14.234772682189941,41200
2017-05-04,25.420000076293945,25.420000076293945,25.139999389648438,25.239999771118164,14.206631660461426,32200
2017-05-05,25.290000915527344,25.290000915527344,25.190000534057617,25.290000915527344,14.234772682189941,13600
2017-05-08,25.270000457763672,25.450000762939453,25.270000457763672,25.31999969482422,14.251655578613281,22800
2017-05-09,25.3799991607666,25.3799991607666,25.15999984741211,25.190000534057617,14.178488731384277,31800
2017-05-10,25.190000534057617,25.229999542236328,25.1200008392334,25.229999542236328,14.20099925994873,31500
2017-05-11,25.25,25.25,24.950000762939453,25.030000686645508,14.152377128601074,38600
2017-05-12,25.200000762939453,25.200000762939453,25.1200008392334,25.200000762939453,14.248497009277344,14200
2017-05-15,25.31999969482422,25.31999969482422,25.170000076293945,25.270000457763672,14.288071632385254,15000
2017-05-16,25.100000381469727,25.299999237060547,25.049999237060547,25.229999542236328,14.265454292297363,21800
2017-05-17,25.219999313354492,25.31999969482422,25.09000015258789,25.09000015258789,14.186295509338379,11600
2017-05-18,25.209999084472656,25.350000381469727,25.200000762939453,25.200000762939453,14.248497009277344,23200
2017-05-19,25.290000915527344,25.290000915527344,25.1299991607666,25.219999313354492,14.25979995727539,15500
2017-05-22,25.200000762939453,25.3700008392334,25.149999618530273,25.15999984741211,14.22587776184082,13100
2017-05-23,25.190000534057617,25.40999984741211,25.190000534057617,25.229999542236328,14.265454292297363,18900
2017-05-24,25.1200008392334,25.34000015258789,25.1200008392334,25.309999465942383,14.310685157775879,18300
2017-05-25,25.3700008392334,25.3700008392334,25.1299991607666,25.229999542236328,14.265454292297363,34100
2017-05-26,25.219999313354492,25.329999923706055,25.200000762939453,25.239999771118164,14.271108627319336,18800
2017-05-30,25.34000015258789,25.420000076293945,25.280000686645508,25.299999237060547,14.305037498474121,37400
2017-05-31,25.25,25.350000381469727,25.200000762939453,25.239999771118164,14.271108627319336,28500
2017-06-01,25.229999542236328,25.389999389648438,25.200000762939453,25.389999389648438,14.355927467346191,45000
2017-06-02,25.489999771118164,25.489999771118164,25.31999969482422,25.360000610351562,14.33895206451416,27400
2017-06-05,25.329999923706055,25.479999542236328,25.31999969482422,25.479999542236328,14.406805038452148,10600
2017-06-06,25.469999313354492,25.479999542236328,25.299999237060547,25.350000381469727,14.333307266235352,31100
2017-06-07,25.34000015258789,25.489999771118164,25.309999465942383,25.3799991607666,14.350269317626953,38500
2017-06-08,25.280000686645508,25.350000381469727,25.200000762939453,25.239999771118164,14.271108627319336,26500
2017-06-09,25.260000228881836,25.34000015258789,25.1299991607666,25.25,14.276762008666992,41600
2017-06-12,25.280000686645508,25.389999389648438,25.280000686645508,25.31999969482422,14.316344261169434,19400
2017-06-13,25.25,25.40999984741211,25.25,25.280000686645508,14.358379364013672,19200
2017-06-14,25.329999923706055,25.43000030517578,25.280000686645508,25.40999984741211,14.432215690612793,12800
2017-06-15,25.399999618530273,25.440000534057617,25.25,25.3700008392334,14.40949535369873,13700
2017-06-16,25.389999389648438,25.450000762939453,25.190000534057617,25.25,14.34133243560791,26800
2017-06-19,25.31999969482422,25.3799991607666,25.229999542236328,25.229999542236328,14.329974174499512,18200
2017-06-20,25.260000228881836,25.389999389648438,25.219999313354492,25.229999542236328,14.329974174499512,19100
2017-06-21,25.270000457763672,25.440000534057617,25.270000457763672,25.3700008392334,14.40949535369873,23400
2017-06-22,25.40999984741211,25.479999542236328,25.299999237060547,25.420000076293945,14.437894821166992,27800
2017-06-23,25.479999542236328,25.579999923706055,25.079999923706055,25.450000762939453,14.454931259155273,34500
2017-06-26,25.40999984741211,25.579999923706055,25.40999984741211,25.479999542236328,14.471965789794922,34000
2017-06-27,25.540000915527344,25.600000381469727,25.5,25.5,14.4833345413208,45500
2017-06-28,25.540000915527344,25.579999923706055,25.510000228881836,25.559999465942383,14.517409324645996,27400
2017-06-29,25.540000915527344,25.600000381469727,25.520000457763672,25.600000381469727,14.54012680053711,36900
2017-06-30,25.549999237060547,25.639999389648438,25.520000457763672,25.610000610351562,14.545804977416992,19400
2017-07-03,25.600000381469727,25.600000381469727,25.399999618530273,25.510000228881836,14.489013671875,15100
2017-07-05,25.600000381469727,25.6200008392334,25.530000686645508,25.610000610351562,14.545804977416992,32200
2017-07-06,25.600000381469727,25.6299991607666,25.43000030517578,25.549999237060547,14.511727333068848,39100
2017-07-07,25.59000015258789,25.6299991607666,25.450000762939453,25.600000381469727,14.54012680053711,38200
2017-07-10,25.639999389648438,25.639999389648438,25.399999618530273,25.540000915527344,14.506049156188965,17300
2017-07-11,25.530000686645508,25.59000015258789,25.489999771118164,25.489999771118164,14.47764778137207,16300
2017-07-12,25.5,25.5,25.280000686645508,25.440000534057617,14.514162063598633,40800
2017-07-13,25.459999084472656,25.469999313354492,25.3799991607666,25.469999313354492,14.531279563903809,10000
2017-07-14,25.540000915527344,25.610000610351562,25.469999313354492,25.530000686645508,14.565510749816895,23800
2017-07-17,25.600000381469727,25.600000381469727,25.440000534057617,25.56999969482422,14.588333129882812,16700
2017-07-18,25.579999923706055,25.719999313354492,25.530000686645508,25.56999969482422,14.588333129882812,37200
2017-07-19,25.579999923706055,25.6200008392334,25.510000228881836,25.600000381469727,14.60544204711914,11200
2017-07-20,25.649999618530273,25.649999618530273,25.459999084472656,25.610000610351562,14.611152648925781,5900
2017-07-21,25.6200008392334,25.6200008392334,25.549999237060547,25.56999969482422,14.588333129882812,5600
2017-07-24,25.56999969482422,25.65999984741211,25.549999237060547,25.559999465942383,14.582630157470703,29600
2017-07-25,25.549999237060547,25.6200008392334,25.549999237060547,25.549999237060547,14.576922416687012,11100
2017-07-26,25.6200008392334,25.639999389648438,25.549999237060547,25.56999969482422,14.588333129882812,12600
2017-07-27,25.6299991607666,25.649999618530273,25.540000915527344,25.549999237060547,14.576922416687012,22800
2017-07-28,25.559999465942383,25.729999542236328,25.540000915527344,25.56999969482422,14.588333129882812,36500
2017-07-31,25.579999923706055,25.639999389648438,25.549999237060547,25.610000610351562,14.611152648925781,11600
2017-08-01,25.670000076293945,25.709999084472656,25.549999237060547,25.6299991607666,14.622560501098633,15300
2017-08-02,25.719999313354492,25.719999313354492,25.549999237060547,25.579999923706055,14.594039916992188,80000
2017-08-03,25.579999923706055,25.649999618530273,25.549999237060547,25.549999237060547,14.576922416687012,18500
2017-08-04,25.59000015258789,25.700000762939453,25.56999969482422,25.649999618530273,14.633970260620117,22300
2017-08-07,25.65999984741211,25.65999984741211,25.559999465942383,25.600000381469727,14.60544204711914,9900
2017-08-08,25.600000381469727,25.690000534057617,25.56999969482422,25.639999389648438,14.628268241882324,33200
2017-08-09,25.649999618530273,25.670000076293945,25.420000076293945,25.469999313354492,14.531279563903809,22400
2017-08-10,25.440000534057617,25.469999313354492,25.100000381469727,25.280000686645508,14.422883987426758,44200
2017-08-11,25.219999313354492,25.6299991607666,25.100000381469727,25.239999771118164,14.465291976928711,36000
2017-08-14,25.399999618530273,25.59000015258789,25.31999969482422,25.389999389648438,14.551254272460938,20300
2017-08-15,25.399999618530273,25.489999771118164,25.399999618530273,25.459999084472656,14.591371536254883,16700
2017-08-16,25.489999771118164,25.549999237060547,25.420000076293945,25.420000076293945,14.568445205688477,46300
2017-08-17,25.459999084472656,25.469999313354492,25.350000381469727,25.360000610351562,14.53406810760498,70300
2017-08-18,25.43000030517578,25.56999969482422,25.329999923706055,25.5,14.614297866821289,24400
2017-08-21,25.540000915527344,25.540000915527344,25.34000015258789,25.440000534057617,14.579909324645996,19100
2017-08-22,25.450000762939453,25.649999618530273,25.450000762939453,25.530000686645508,14.631495475769043,35200
2017-08-23,25.520000457763672,25.59000015258789,25.459999084472656,25.459999084472656,14.591371536254883,16700
2017-08-24,25.559999465942383,25.690000534057617,25.520000457763672,25.610000610351562,14.677338600158691,24800
2017-08-25,25.6299991607666,25.670000076293945,25.56999969482422,25.639999389648438,14.69452953338623,13800
2017-08-28,25.6299991607666,25.700000762939453,25.56999969482422,25.649999618530273,14.700261116027832,13900
2017-08-29,25.639999389648438,25.75,25.610000610351562,25.719999313354492,14.740381240844727,21500
2017-08-30,25.770000457763672,25.770000457763672,25.610000610351562,25.65999984741211,14.70599365234375,25000
2017-08-31,25.65999984741211,25.709999084472656,25.6299991607666,25.68000030517578,14.717459678649902,27600
2017-09-01,25.739999771118164,25.739999771118164,25.59000015258789,25.690000534057617,14.723182678222656,26900
2017-09-05,25.75,25.75,25.559999465942383,25.610000610351562,14.677338600158691,24500
2017-09-06,25.6299991607666,25.639999389648438,25.559999465942383,25.6299991607666,14.688803672790527,5900
2017-09-07,25.639999389648438,25.639999389648438,25.440000534057617,25.469999313354492,14.597101211547852,43800
2017-09-08,25.5,25.639999389648438,25.389999389648438,25.489999771118164,14.608567237854004,12800
2017-09-11,25.56999969482422,25.56999969482422,25.280000686645508,25.40999984741211,14.562716484069824,51900
2017-09-12,25.420000076293945,25.65999984741211,25.420000076293945,25.600000381469727,14.671608924865723,53600
2017-09-13,25.6200008392334,25.6200008392334,25.450000762939453,25.479999542236328,14.602838516235352,34000
2017-09-14,25.399999618530273,25.459999084472656,25.299999237060547,25.420000076293945,14.633918762207031,17000
2017-09-15,25.399999618530273,25.540000915527344,25.389999389648438,25.420000076293945,14.633918762207031,32900
2017-09-18,25.489999771118164,25.489999771118164,25.360000610351562,25.3700008392334,14.605142593383789,16600
2017-09-19,25.3799991607666,25.459999084472656,25.3700008392334,25.3700008392334,14.605142593383789,20100
2017-09-20,25.389999389648438,25.479999542236328,25.389999389648438,25.43000030517578,14.63967514038086,17800
2017-09-21,25.399999618530273,25.450000762939453,25.350000381469727,25.350000381469727,14.593622207641602,23500
2017-09-22,25.43000030517578,25.510000228881836,25.360000610351562,25.479999542236328,14.668463706970215,16700
2017-09-25,25.40999984741211,25.5,25.40999984741211,25.479999542236328,14.668463706970215,12600
2017-09-26,25.450000762939453,25.56999969482422,25.450000762939453,25.520000457763672,14.691492080688477,10700
2017-09-27,25.59000015258789,25.59000015258789,25.440000534057617,25.440000534057617,14.645432472229004,16900
2017-09-28,25.520000457763672,25.530000686645508,25.3799991607666,25.40999984741211,14.628167152404785,22700
2017-09-29,25.3799991607666,25.5,25.350000381469727,25.360000610351562,14.599380493164062,10800
2017-10-02,25.440000534057617,25.520000457763672,25.3799991607666,25.440000534057617,14.645432472229004,36500
2017-10-03,25.489999771118164,25.59000015258789,25.43000030517578,25.559999465942383,14.714517593383789,29000
2017-10-04,25.6200008392334,25.6200008392334,25.479999542236328,25.549999237060547,14.708761215209961,36800
2017-10-05,25.559999465942383,25.639999389648438,25.540000915527344,25.6200008392334,14.749061584472656,30000
2017-10-06,25.6299991607666,25.760000228881836,25.5,25.760000228881836,14.829662322998047,31200
2017-10-09,25.729999542236328,25.780000686645508,25.649999618530273,25.690000534057617,14.789359092712402,13900
2017-10-10,25.729999542236328,25.780000686645508,25.68000030517578,25.719999313354492,14.806631088256836,18800
2017-10-11,25.760000228881836,25.860000610351562,25.700000762939453,25.780000686645508,14.84116268157959,29800
2017-10-12,25.81999969482422,25.81999969482422,25.649999618530273,25.809999465942383,14.924437522888184,25700
2017-10-13,25.799999237060547,25.799999237060547,25.540000915527344,25.739999771118164,14.883956909179688,23200
2017-10-16,25.799999237060547,25.899999618530273,25.760000228881836,25.850000381469727,14.94757080078125,35400
2017-10-17,25.850000381469727,25.889999389648438,25.700000762939453,25.81999969482422,14.93021297454834,62900
2017-10-18,25.790000915527344,25.850000381469727,25.709999084472656,25.799999237060547,14.918654441833496,20300
2017-10-19,25.770000457763672,25.81999969482422,25.719999313354492,25.799999237060547,14.918654441833496,14200
2017-10-20,25.809999465942383,25.809999465942383,25.690000534057617,25.760000228881836,14.895525932312012,16900
2017-10-23,25.709999084472656,25.799999237060547,25.540000915527344,25.690000534057617,14.855048179626465,50200
2017-10-24,25.739999771118164,25.770000457763672,25.65999984741211,25.700000762939453,14.860823631286621,15500
2017-10-25,25.670000076293945,25.670000076293945,25.459999084472656,25.540000915527344,14.768315315246582,31200
2017-10-26,25.559999465942383,25.65999984741211,25.459999084472656,25.600000381469727,14.80300235748291,22700
2017-10-27,25.649999618530273,25.739999771118164,25.549999237060547,25.739999771118164,14.883956909179688,31700
2017-10-30,25.719999313354492,25.75,25.600000381469727,25.68000030517578,14.849261283874512,12700
2017-10-31,25.68000030517578,25.850000381469727,25.649999618530273,25.829999923706055,14.93599796295166,20900
2017-11-01,25.84000015258789,25.860000610351562,25.719999313354492,25.860000610351562,14.95334243774414,18000
2017-11-02,25.8799991607666,25.969999313354492,25.81999969482422,25.969999313354492,15.016956329345703,26500
2017-11-03,25.8799991607666,25.940000534057617,25.84000015258789,25.84000015258789,14.941778182983398,42900
2017-11-06,25.8799991607666,25.90999984741211,25.75,25.81999969482422,14.93021297454834,10700
2017-11-07,25.8799991607666,25.8799991607666,25.770000457763672,25.790000915527344,14.912867546081543,16500
2017-11-08,25.850000381469727,25.850000381469727,25.729999542236328,25.739999771118164,14.883956909179688,22100
2017-11-09,25.700000762939453,25.770000457763672,25.649999618530273,25.649999618530273,14.831911087036133,101300
2017-11-10,25.739999771118164,26.06999969482422,25.510000228881836,25.719999313354492,14.872391700744629,16600
2017-11-13,25.739999771118164,25.739999771118164,25.6200008392334,25.709999084472656,14.866613388061523,18300
2017-11-14,25.489999771118164,25.719999313354492,25.469999313354492,25.600000381469727,14.868927955627441,34800
2017-11-15,25.649999618530273,25.649999618530273,25.520000457763672,25.600000381469727,14.868927955627441,19400
2017-11-16,25.549999237060547,25.93000030517578,25.549999237060547,25.739999771118164,14.950247764587402,33600
2017-11-17,25.530000686645508,25.639999389648438,25.520000457763672,25.559999465942383,14.845703125,19200
2017-11-20,25.56999969482422,25.739999771118164,25.56999969482422,25.6299991607666,14.886354446411133,30800
2017-11-21,25.6200008392334,25.799999237060547,25.600000381469727,25.600000381469727,14.868927955627441,16700
2017-11-22,25.649999618530273,25.65999984741211,25.510000228881836,25.56999969482422,14.851517677307129,16700
2017-11-24,25.600000381469727,25.6299991607666,25.549999237060547,25.549999237060547,14.839895248413086,3900
2017-11-27,25.530000686645508,25.690000534057617,25.530000686645508,25.65999984741211,14.90378189086914,11200
2017-11-28,25.649999618530273,25.760000228881836,25.6299991607666,25.68000030517578,14.915393829345703,19100
2017-11-29,25.68000030517578,25.75,25.639999389648438,25.729999542236328,14.944438934326172,9000
2017-11-30,25.610000610351562,25.770000457763672,25.600000381469727,25.700000762939453,14.927020072937012,39800
2017-12-01,25.709999084472656,25.959999084472656,25.6200008392334,25.829999923706055,15.002525329589844,22800
2017-12-04,25.93000030517578,25.93000030517578,25.670000076293945,25.719999313354492,14.938631057739258,20500
2017-12-05,25.729999542236328,25.770000457763672,25.639999389648438,25.729999542236328,14.944438934326172,18400
2017-12-06,25.690000534057617,25.8799991607666,25.690000534057617,25.81999969482422,14.996712684631348,18400
2017-12-07,25.719999313354492,25.940000534057617,25.719999313354492,25.850000381469727,15.014137268066406,16200
2017-12-08,25.899999618530273,25.979999542236328,25.75,25.90999984741211,15.04898738861084,19400
2017-12-11,25.799999237060547,26.030000686645508,25.799999237060547,25.959999084472656,15.078030586242676,11700
2017-12-12,25.959999084472656,25.959999084472656,25.780000686645508,25.899999618530273,15.04317855834961,16900
2017-12-13,25.950000762939453,25.969999313354492,25.68000030517578,25.899999618530273,15.04317855834961,65600
2017-12-14,25.799999237060547,25.950000762939453,25.770000457763672,25.899999618530273,15.1096830368042,25300
2017-12-15,25.8700008392334,25.920000076293945,25.850000381469727,25.8799991607666,15.098016738891602,9600
2017-12-18,26.0,26.0,25.90999984741211,25.979999542236328,15.156357765197754,82000
2017-12-19,25.979999542236328,26.0,25.920000076293945,25.959999084472656,15.144683837890625,36600
2017-12-20,25.989999771118164,26.100000381469727,25.989999771118164,26.100000381469727,15.226363182067871,51400
2017-12-21,26.1200008392334,26.209999084472656,26.049999237060547,26.200000762939453,15.284703254699707,89500
2017-12-22,26.139999389648438,26.329999923706055,26.139999389648438,26.25,15.313870429992676,48100
2017-12-26,24.479999542236328,24.59000015258789,24.239999771118164,24.31999969482422,15.330257415771484,69700
2017-12-27,24.3700008392334,24.520000457763672,24.110000610351562,24.34000015258789,15.342865943908691,30800
2017-12-28,24.360000610351562,24.719999313354492,24.200000762939453,24.549999237060547,15.475244522094727,74700
2017-12-29,24.81999969482422,25.040000915527344,24.549999237060547,24.690000534057617,15.563494682312012,141800
2018-01-02,24.6299991607666,24.700000762939453,24.540000915527344,24.549999237060547,15.475244522094727,56600
2018-01-03,24.690000534057617,24.700000762939453,24.489999771118164,24.600000381469727,15.506759643554688,227900
2018-01-04,24.719999313354492,24.719999313354492,24.3700008392334,24.40999984741211,15.38698673248291,45800
2018-01-05,24.399999618530273,24.510000228881836,24.200000762939453,24.309999465942383,15.323953628540039,72500
2018-01-08,24.3799991607666,24.3799991607666,24.079999923706055,24.200000762939453,15.254624366760254,43500
2018-01-09,24.299999237060547,24.329999923706055,23.959999084472656,23.979999542236328,15.115936279296875,49600
2018-01-10,24.030000686645508,24.170000076293945,24.0,24.1200008392334,15.204188346862793,32300
2018-01-11,24.020000457763672,24.100000381469727,23.969999313354492,24.059999465942383,15.23838996887207,20800
2018-01-12,24.059999465942383,24.059999465942383,23.950000762939453,24.010000228881836,15.206718444824219,25500
2018-01-16,24.040000915527344,24.34000015258789,24.030000686645508,24.219999313354492,15.339723587036133,61800
2018-01-17,24.280000686645508,24.3700008392334,23.959999084472656,24.219999313354492,15.339723587036133,55700
2018-01-18,24.200000762939453,24.200000762939453,24.040000915527344,24.100000381469727,15.26372241973877,38300
2018-01-19,24.079999923706055,24.329999923706055,24.079999923706055,24.329999923706055,15.40938949584961,50600
2018-01-22,24.239999771118164,24.3799991607666,24.18000030517578,24.209999084472656,15.33338451385498,33800
2018-01-23,24.209999084472656,24.3799991607666,24.209999084472656,24.239999771118164,15.352395057678223,23500
2018-01-24,24.190000534057617,24.309999465942383,23.959999084472656,24.100000381469727,15.26372241973877,56200
2018-01-25,24.149999618530273,24.170000076293945,23.940000534057617,24.06999969482422,15.244718551635742,32500
2018-01-26,23.93000030517578,24.110000610351562,23.93000030517578,24.100000381469727,15.26372241973877,31100
2018-01-29,24.100000381469727,24.170000076293945,23.969999313354492,24.1299991607666,15.28272819519043,58400
2018-01-30,24.06999969482422,24.09000015258789,23.959999084472656,24.079999923706055,15.251062393188477,35300
2018-01-31,24.110000610351562,24.1299991607666,23.969999313354492,24.09000015258789,15.2573881149292,28600
2018-02-01,24.100000381469727,24.100000381469727,23.979999542236328,24.06999969482422,15.244718551635742,18400
2018-02-02,24.030000686645508,24.040000915527344,23.90999984741211,23.950000762939453,15.168721199035645,44300
2018-02-05,23.90999984741211,23.90999984741211,23.739999771118164,23.760000228881836,15.048386573791504,42600
2018-02-06,23.770000457763672,23.989999771118164,23.700000762939453,23.989999771118164,15.194051742553711,88600
2018-02-07,24.0,24.209999084472656,23.84000015258789,24.209999084472656,15.33338451385498,17600
2018-02-08,24.15999984741211,24.290000915527344,23.989999771118164,24.190000534057617,15.32072639465332,48300
2018-02-09,24.200000762939453,24.25,23.760000228881836,24.110000610351562,15.27005672454834,31100
2018-02-12,24.219999313354492,24.219999313354492,23.950000762939453,24.1299991607666,15.28272819519043,66500
2018-02-13,23.920000076293945,24.110000610351562,23.920000076293945,24.010000228881836,15.206718444824219,26600
2018-02-14,23.84000015258789,24.010000228881836,23.760000228881836,23.899999618530273,15.209273338317871,30600
2018-02-15,23.889999389648438,23.90999984741211,23.68000030517578,23.799999237060547,15.145627975463867,25500
2018-02-16,23.75,23.889999389648438,23.670000076293945,23.8700008392334,15.190177917480469,26300
2018-02-20,23.850000381469727,23.950000762939453,23.799999237060547,23.84000015258789,15.171088218688965,20300
2018-02-21,23.950000762939453,23.950000762939453,23.739999771118164,23.860000610351562,15.183817863464355,13900
2018-02-22,23.770000457763672,23.8799991607666,23.639999389648438,23.719999313354492,15.094719886779785,27800
2018-02-23,23.65999984741211,23.90999984741211,23.520000457763672,23.860000610351562,15.183817863464355,31800
2018-02-26,23.81999969482422,23.989999771118164,23.81999969482422,23.979999542236328,15.260174751281738,13800
2018-02-27,23.979999542236328,23.989999771118164,23.760000228881836,23.790000915527344,15.139265060424805,21400
2018-02-28,23.8799991607666,23.950000762939453,23.739999771118164,23.75,15.113807678222656,31300
2018-03-01,23.729999542236328,23.950000762939453,23.729999542236328,23.920000076293945,15.221996307373047,25800
2018-03-02,23.889999389648438,23.93000030517578,23.799999237060547,23.8799991607666,15.196541786193848,28800
2018-03-05,23.809999465942383,23.989999771118164,23.809999465942383,23.940000534057617,15.234721183776855,15300
2018-03-06,23.959999084472656,23.959999084472656,23.81999969482422,23.920000076293945,15.221996307373047,4500
2018-03-07,23.8700008392334,23.8700008392334,23.6200008392334,23.6200008392334,15.031084060668945,27400
2018-03-08,23.709999084472656,23.709999084472656,23.549999237060547,23.670000076293945,15.062906265258789,29400
2018-03-09,23.610000610351562,23.799999237060547,23.5,23.68000030517578,15.06926441192627,20700
2018-03-12,23.719999313354492,23.84000015258789,23.700000762939453,23.729999542236328,15.101081848144531,32000
2018-03-13,23.790000915527344,23.860000610351562,23.68000030517578,23.729999542236328,15.101081848144531,7300
2018-03-14,23.530000686645508,23.790000915527344,23.530000686645508,23.709999084472656,15.161192893981934,25500
2018-03-15,23.780000686645508,23.790000915527344,23.559999465942383,23.700000762939453,15.154802322387695,14600
2018-03-16,23.690000534057617,23.84000015258789,23.579999923706055,23.709999084472656,15.161192893981934,24100
2018-03-19,23.65999984741211,23.739999771118164,23.559999465942383,23.579999923706055,15.078065872192383,5700
2018-03-20,23.709999084472656,23.780000686645508,23.600000381469727,23.670000076293945,15.135618209838867,20100
2018-03-21,23.600000381469727,23.690000534057617,23.450000762939453,23.6200008392334,15.103645324707031,34600
2018-03-22,23.56999969482422,23.65999984741211,23.420000076293945,23.559999465942383,15.065279006958008,19600
2018-03-23,23.559999465942383,23.56999969482422,23.489999771118164,23.549999237060547,15.05888557434082,17900
2018-03-26,23.610000610351562,23.899999618530273,23.459999084472656,23.690000534057617,15.148404121398926,114700
2018-03-27,23.59000015258789,23.59000015258789,23.34000015258789,23.3799991607666,14.950173377990723,77800
2018-03-28,23.399999618530273,23.700000762939453,23.399999618530273,23.690000534057617,15.148404121398926,26900
2018-03-29,23.610000610351562,23.809999465942383,23.540000915527344,23.75,15.186767578125,21300
2018-04-02,23.850000381469727,23.90999984741211,23.610000610351562,23.700000762939453,15.154802322387695,18000
2018-04-03,23.81999969482422,23.8700008392334,23.559999465942383,23.559999465942383,15.065279006958008,34200
2018-04-04,23.479999542236328,23.56999969482422,23.420000076293945,23.469999313354492,15.007723808288574,17600
2018-04-05,23.5,23.649999618530273,23.479999542236328,23.5,15.026907920837402,24100
2018-04-06,23.600000381469727,23.68000030517578,23.520000457763672,23.600000381469727,15.090853691101074,19600
2018-04-09,23.68000030517578,23.68000030517578,23.540000915527344,23.600000381469727,15.090853691101074,17300
2018-04-10,23.649999618530273,23.739999771118164,23.549999237060547,23.670000076293945,15.135618209838867,14700
2018-04-11,23.6299991607666,23.709999084472656,23.6299991607666,23.709999084472656,15.161192893981934,18900
2018-04-12,23.610000610351562,23.690000534057617,23.610000610351562,23.610000610351562,15.170191764831543,14000
2018-04-13,23.59000015258789,23.700000762939453,23.510000228881836,23.559999465942383,15.13806438446045,14400
2018-04-16,23.549999237060547,23.690000534057617,23.5,23.639999389648438,15.189464569091797,17700
2018-04-17,23.610000610351562,23.670000076293945,23.600000381469727,23.6200008392334,15.176615715026855,28900
2018-04-18,23.6200008392334,23.700000762939453,23.610000610351562,23.6299991607666,15.183036804199219,9000
2018-04-19,23.600000381469727,23.639999389648438,23.479999542236328,23.59000015258789,15.157336235046387,18200
2018-04-20,23.520000457763672,23.600000381469727,23.510000228881836,23.600000381469727,15.163762092590332,4800
2018-04-23,23.530000686645508,23.6200008392334,23.5,23.530000686645508,15.118785858154297,25400
2018-04-24,23.530000686645508,23.6200008392334,23.389999389648438,23.389999389648438,15.028833389282227,21800
2018-04-25,23.34000015258789,23.459999084472656,23.270000457763672,23.43000030517578,15.054535865783691,19800
2018-04-26,23.360000610351562,23.399999618530273,23.31999969482422,23.399999618530273,15.035260200500488,24500
2018-04-27,23.3799991607666,23.450000762939453,23.290000915527344,23.43000030517578,15.054535865783691,28900
2018-04-30,23.450000762939453,23.489999771118164,23.309999465942383,23.329999923706055,14.990285873413086,14100
2018-05-01,23.389999389648438,23.450000762939453,23.329999923706055,23.420000076293945,15.048107147216797,13400
2018-05-02,23.34000015258789,23.469999313354492,23.34000015258789,23.420000076293945,15.048107147216797,15300
2018-05-03,23.34000015258789,23.420000076293945,23.34000015258789,23.389999389648438,15.028833389282227,14300
2018-05-04,23.399999618530273,23.479999542236328,23.360000610351562,23.479999542236328,15.086658477783203,7400
2018-05-07,23.40999984741211,23.59000015258789,23.3700008392334,23.5,15.099506378173828,21100
2018-05-08,23.440000534057617,23.540000915527344,23.290000915527344,23.329999923706055,14.990285873413086,55600
2018-05-09,23.3700008392334,23.43000030517578,23.360000610351562,23.3700008392334,15.015982627868652,8900
2018-05-10,23.3700008392334,23.450000762939453,23.299999237060547,23.309999465942383,14.977432250976562,36500
2018-05-11,23.229999542236328,23.389999389648438,23.229999542236328,23.360000610351562,15.009552955627441,29500
2018-05-14,23.290000915527344,23.440000534057617,23.190000534057617,23.34000015258789,15.0702486038208,58000
2018-05-15,23.299999237060547,23.469999313354492,23.15999984741211,23.459999084472656,15.147734642028809,96500
2018-05-16,23.3700008392334,23.469999313354492,23.360000610351562,23.469999313354492,15.154179573059082,23700
2018-05-17,23.3799991607666,23.440000534057617,23.329999923706055,23.40999984741211,15.115443229675293,6900
2018-05-18,23.40999984741211,23.43000030517578,23.399999618530273,23.399999618530273,15.10899543762207,5200
2018-05-21,23.440000534057617,23.440000534057617,23.290000915527344,23.290000915527344,15.037961959838867,12600
2018-05-22,23.299999237060547,23.459999084472656,23.299999237060547,23.450000762939453,15.141279220581055,22700
2018-05-23,23.440000534057617,23.440000534057617,23.100000381469727,23.280000686645508,15.03150749206543,111400
2018-05-24,23.329999923706055,23.329999923706055,23.15999984741211,23.25,15.01213550567627,105200
2018-05-25,23.25,23.40999984741211,23.25,23.399999618530273,15.10899543762207,22900
2018-05-29,23.34000015258789,23.5,23.34000015258789,23.5,15.173559188842773,22000
2018-05-30,23.450000762939453,23.489999771118164,23.270000457763672,23.3799991607666,15.096074104309082,165300
2018-05-31,23.34000015258789,23.40999984741211,23.270000457763672,23.309999465942383,15.050884246826172,126500
2018-06-01,23.3799991607666,23.479999542236328,23.329999923706055,23.479999542236328,15.160643577575684,30300
2018-06-04,23.600000381469727,23.600000381469727,23.5,23.59000015258789,15.23167610168457,33400
2018-06-05,23.579999923706055,23.6299991607666,23.510000228881836,23.579999923706055,15.225210189819336,13700
2018-06-06,23.600000381469727,23.719999313354492,23.579999923706055,23.700000762939453,15.302691459655762,20200
2018-06-07,23.600000381469727,23.770000457763672,23.600000381469727,23.770000457763672,15.347893714904785,15200
2018-06-08,23.68000030517578,23.790000915527344,23.5,23.579999923706055,15.225210189819336,88900
2018-06-11,23.549999237060547,23.690000534057617,23.530000686645508,23.579999923706055,15.225210189819336,21100
2018-06-12,23.540000915527344,23.65999984741211,23.540000915527344,23.639999389648438,15.263946533203125,17500
2018-06-13,23.559999465942383,23.6200008392334,23.530000686645508,23.530000686645508,15.192930221557617,11800
2018-06-14,23.469999313354492,23.530000686645508,23.399999618530273,23.43000030517578,15.202011108398438,13600
2018-06-15,23.440000534057617,23.459999084472656,23.31999969482422,23.31999969482422,15.130640029907227,20700
2018-06-18,23.350000381469727,23.40999984741211,23.239999771118164,23.329999923706055,15.137127876281738,37100
2018-06-19,23.350000381469727,23.459999084472656,23.34000015258789,23.440000534057617,15.208501815795898,42800
2018-06-20,23.440000534057617,23.489999771118164,23.3700008392334,23.479999542236328,15.234453201293945,15700
2018-06-21,23.3799991607666,23.459999084472656,23.34000015258789,23.34000015258789,15.1436185836792,12000
2018-06-22,23.34000015258789,23.520000457763672,23.34000015258789,23.40999984741211,15.189033508300781,20700
2018-06-25,23.34000015258789,23.40999984741211,23.25,23.34000015258789,15.1436185836792,55000
2018-06-26,23.31999969482422,23.469999313354492,23.260000228881836,23.43000030517578,15.202011108398438,122200
2018-06-27,23.3799991607666,23.56999969482422,23.290000915527344,23.5,15.247425079345703,299900
2018-06-28,23.479999542236328,23.719999313354492,23.40999984741211,23.559999465942383,15.286362648010254,159600
2018-06-29,23.559999465942383,23.670000076293945,23.469999313354492,23.510000228881836,15.253917694091797,224400
2018-07-02,23.530000686645508,23.59000015258789,23.43000030517578,23.540000915527344,15.27338695526123,11400
2018-07-03,23.579999923706055,23.649999618530273,23.170000076293945,23.440000534057617,15.208501815795898,252300
2018-07-05,23.3799991607666,23.559999465942383,23.350000381469727,23.459999084472656,15.22148323059082,394000
2018-07-06,23.3700008392334,23.450000762939453,23.350000381469727,23.420000076293945,15.195523262023926,41300
2018-07-09,23.469999313354492,23.5,23.399999618530273,23.450000762939453,15.214996337890625,22800
2018-07-10,23.479999542236328,23.600000381469727,23.459999084472656,23.56999969482422,15.29284954071045,34300
2018-07-11,23.530000686645508,23.68000030517578,23.5,23.639999389648438,15.338263511657715,251200
2018-07-12,23.579999923706055,23.670000076293945,23.549999237060547,23.649999618530273,15.419108390808105,19700
2018-07-13,23.579999923706055,23.709999084472656,23.549999237060547,23.639999389648438,15.41259479522705,278700
2018-07-16,23.690000534057617,23.739999771118164,23.56999969482422,23.709999084472656,15.458232879638672,239900
2018-07-17,23.719999313354492,23.719999313354492,23.6299991607666,23.6299991607666,15.406064987182617,16900
2018-07-18,23.600000381469727,23.670000076293945,23.59000015258789,23.6299991607666,15.406064987182617,18300
2018-07-19,23.639999389648438,23.639999389648438,23.530000686645508,23.639999389648438,15.41259479522705,15200
2018-07-20,23.65999984741211,23.670000076293945,23.59000015258789,23.59000015258789,15.379987716674805,10600
2018-07-23,23.639999389648438,23.670000076293945,23.530000686645508,23.540000915527344,15.347390174865723,17200
2018-07-24,23.6200008392334,23.6299991607666,23.520000457763672,23.530000686645508,15.340879440307617,12300
2018-07-25,23.540000915527344,23.600000381469727,23.510000228881836,23.510000228881836,15.327832221984863,14300
2018-07-26,23.56999969482422,23.6200008392334,23.540000915527344,23.6200008392334,15.399550437927246,15300
2018-07-27,23.59000015258789,23.639999389648438,23.579999923706055,23.579999923706055,15.373461723327637,22000
2018-07-30,23.549999237060547,23.639999389648438,23.530000686645508,23.56999969482422,15.366952896118164,20000
2018-07-31,23.6299991607666,23.729999542236328,23.530000686645508,23.649999618530273,15.419108390808105,30400
2018-08-01,23.649999618530273,23.700000762939453,23.479999542236328,23.610000610351562,15.393030166625977,21800
2018-08-02,23.65999984741211,23.780000686645508,23.600000381469727,23.780000686645508,15.50387191772461,35900
2018-08-03,23.770000457763672,23.799999237060547,23.700000762939453,23.700000762939453,15.451711654663086,39800
2018-08-06,23.75,23.760000228881836,23.700000762939453,23.729999542236328,15.471267700195312,17200
2018-08-07,23.809999465942383,23.850000381469727,23.709999084472656,23.850000381469727,15.549505233764648,12900
2018-08-08,23.84000015258789,23.84000015258789,23.700000762939453,23.709999084472656,15.458232879638672,19500
2018-08-09,23.700000762939453,23.809999465942383,23.700000762939453,23.700000762939453,15.451711654663086,12500
2018-08-10,23.719999313354492,23.770000457763672,23.700000762939453,23.709999084472656,15.458232879638672,10400
2018-08-13,23.84000015258789,23.84000015258789,23.729999542236328,23.780000686645508,15.50387191772461,8100
2018-08-14,23.729999542236328,23.850000381469727,23.670000076293945,23.850000381469727,15.624408721923828,15700
2018-08-15,23.760000228881836,23.799999237060547,23.68000030517578,23.709999084472656,15.532692909240723,14000
2018-08-16,23.709999084472656,23.889999389648438,23.709999084472656,23.889999389648438,15.650611877441406,15700
2018-08-17,23.809999465942383,23.809999465942383,23.6299991607666,23.690000534057617,15.519588470458984,31000
2018-08-20,23.739999771118164,24.1200008392334,23.739999771118164,23.8799991607666,15.644063949584961,15900
2018-08-21,23.850000381469727,23.989999771118164,23.75,23.799999237060547,15.591652870178223,12900
2018-08-22,23.84000015258789,23.84000015258789,23.729999542236328,23.799999237060547,15.591652870178223,14500
2018-08-23,23.799999237060547,23.809999465942383,23.719999313354492,23.770000457763672,15.572000503540039,10800
2018-08-24,23.790000915527344,23.93000030517578,23.729999542236328,23.780000686645508,15.578553199768066,14500
2018-08-27,23.81999969482422,23.959999084472656,23.81999969482422,23.959999084472656,15.696471214294434,11800
2018-08-28,24.049999237060547,24.15999984741211,23.790000915527344,23.81999969482422,15.604752540588379,13300
2018-08-29,23.799999237060547,23.90999984741211,23.739999771118164,23.739999771118164,15.552343368530273,11500
2018-08-30,23.739999771118164,23.8700008392334,23.670000076293945,23.670000076293945,15.506488800048828,51700
2018-08-31,23.670000076293945,23.790000915527344,23.670000076293945,23.790000915527344,15.585103034973145,18300
2018-09-04,23.84000015258789,23.8700008392334,23.729999542236328,23.860000610351562,15.63095760345459,20400
2018-09-05,23.84000015258789,24.280000686645508,23.829999923706055,23.850000381469727,15.624408721923828,18500
2018-09-06,23.8799991607666,23.950000762939453,23.75,23.950000762939453,15.689921379089355,13700
2018-09-07,24.049999237060547,24.059999465942383,23.729999542236328,23.739999771118164,15.552343368530273,15900
2018-09-10,23.829999923706055,23.969999313354492,23.780000686645508,23.899999618530273,15.657163619995117,76500
2018-09-11,24.010000228881836,24.010000228881836,23.829999923706055,23.829999923706055,15.611303329467773,15800
2018-09-12,23.84000015258789,24.0,23.84000015258789,23.93000030517578,15.676810264587402,16900
2018-09-13,23.8799991607666,24.1299991607666,23.8799991607666,24.049999237060547,15.83084774017334,125900
2018-09-14,24.0,24.059999465942383,23.809999465942383,23.899999618530273,15.732110023498535,16900
2018-09-17,23.950000762939453,23.950000762939453,23.709999084472656,23.729999542236328,15.620205879211426,40500
2018-09-18,23.739999771118164,23.889999389648438,23.729999542236328,23.799999237060547,15.666285514831543,18500
2018-09-19,23.799999237060547,23.8700008392334,23.799999237060547,23.829999923706055,15.686030387878418,8900
2018-09-20,23.860000610351562,23.920000076293945,23.84000015258789,23.899999618530273,15.732110023498535,11000
2018-09-21,23.8700008392334,23.93000030517578,23.8700008392334,23.889999389648438,15.725525856018066,20400
2018-09-24,23.81999969482422,23.889999389648438,23.81999969482422,23.860000610351562,15.705778121948242,15500
2018-09-25,23.899999618530273,23.899999618530273,23.81999969482422,23.84000015258789,15.692621231079102,10100
2018-09-26,23.889999389648438,23.969999313354492,23.81999969482422,23.93000030517578,15.751851081848145,15600
2018-09-27,23.93000030517578,24.049999237060547,23.81999969482422,23.959999084472656,15.771605491638184,19000
2018-09-28,23.979999542236328,24.020000457763672,23.899999618530273,24.0,15.797942161560059,12300
2018-10-01,24.020000457763672,24.09000015258789,23.959999084472656,24.09000015258789,15.857176780700684,12100
2018-10-02,24.219999313354492,24.25,24.020000457763672,24.09000015258789,15.857176780700684,27000
2018-10-03,24.100000381469727,24.100000381469727,23.920000076293945,23.940000534057617,15.75843620300293,34100
2018-10-04,23.940000534057617,23.989999771118164,23.700000762939453,23.700000762939453,15.60046100616455,24100
2018-10-05,23.709999084472656,23.84000015258789,23.649999618530273,23.829999923706055,15.686030387878418,30500
2018-10-08,23.709999084472656,23.84000015258789,23.709999084472656,23.799999237060547,15.666285514831543,23200
2018-10-09,23.770000457763672,23.850000381469727,23.6299991607666,23.700000762939453,15.60046100616455,42900
2018-10-10,23.610000610351562,23.739999771118164,23.610000610351562,23.65999984741211,15.574130058288574,34800
2018-10-11,23.639999389648438,23.790000915527344,23.6299991607666,23.75,15.633369445800781,15300
2018-10-12,23.670000076293945,23.829999923706055,23.670000076293945,23.75,15.708765983581543,7400
2018-10-15,23.75,23.780000686645508,23.670000076293945,23.719999313354492,15.68892765045166,17300
2018-10-16,23.770000457763672,23.770000457763672,23.68000030517578,23.739999771118164,15.702159881591797,18400
2018-10-17,23.729999542236328,23.780000686645508,23.709999084472656,23.780000686645508,15.728618621826172,18200
2018-10-18,23.719999313354492,23.75,23.559999465942383,23.65999984741211,15.649249076843262,91100
2018-10-19,23.6200008392334,23.690000534057617,23.440000534057617,23.65999984741211,15.649249076843262,22800
2018-10-22,23.6299991607666,23.799999237060547,23.6200008392334,23.639999389648438,15.636018753051758,6900
2018-10-23,23.6200008392334,23.93000030517578,23.610000610351562,23.770000457763672,15.722004890441895,22200
2018-10-24,23.75,23.780000686645508,23.610000610351562,23.610000610351562,15.61617660522461,11200
2018-10-25,23.610000610351562,23.75,23.610000610351562,23.709999084472656,15.682318687438965,28600
2018-10-26,23.760000228881836,23.790000915527344,23.649999618530273,23.719999313354492,15.68892765045166,14800
2018-10-29,23.719999313354492,23.719999313354492,23.700000762939453,23.700000762939453,15.675703048706055,18200
2018-10-30,23.739999771118164,23.850000381469727,23.479999542236328,23.65999984741211,15.649249076843262,34000
2018-10-31,23.760000228881836,23.829999923706055,23.649999618530273,23.790000915527344,15.735234260559082,17700
2018-11-01,23.799999237060547,23.809999465942383,23.649999618530273,23.75,15.708765983581543,15900
2018-11-02,23.8700008392334,23.90999984741211,23.719999313354492,23.809999465942383,15.748456001281738,18300
2018-11-05,23.8799991607666,23.8799991607666,23.75,23.799999237060547,15.741841316223145,18400
2018-11-06,23.75,24.020000457763672,23.75,24.010000228881836,15.880748748779297,12500
2018-11-07,23.920000076293945,24.049999237060547,23.780000686645508,23.940000534057617,15.834449768066406,9700
2018-11-08,23.940000534057617,23.940000534057617,23.709999084472656,23.799999237060547,15.741841316223145,20300
2018-11-09,23.860000610351562,23.860000610351562,23.799999237060547,23.860000610351562,15.781530380249023,10500
2018-11-12,23.799999237060547,23.989999771118164,23.799999237060547,23.979999542236328,15.860904693603516,8300
2018-11-13,24.0,24.100000381469727,23.899999618530273,23.899999618530273,15.80798625946045,42600
2018-11-14,23.8799991607666,23.8799991607666,23.670000076293945,23.75,15.784058570861816,9600
2018-11-15,23.75,23.920000076293945,23.670000076293945,23.670000076293945,15.730896949768066,30000
2018-11-16,23.639999389648438,23.739999771118164,23.540000915527344,23.549999237060547,15.651141166687012,13100
2018-11-19,23.530000686645508,23.68000030517578,23.530000686645508,23.639999389648438,15.710959434509277,36300
2018-11-20,23.559999465942383,23.780000686645508,23.559999465942383,23.700000762939453,15.750836372375488,28900
2018-11-21,23.700000762939453,23.780000686645508,23.65999984741211,23.700000762939453,15.750836372375488,3500
2018-11-23,23.850000381469727,23.850000381469727,23.799999237060547,23.799999237060547,15.817289352416992,1200
2018-11-26,23.81999969482422,23.989999771118164,23.690000534057617,23.780000686645508,15.804004669189453,38000
2018-11-27,23.719999313354492,24.0,23.709999084472656,24.0,15.950211524963379,15800
2018-11-28,23.989999771118164,24.0,23.770000457763672,24.0,15.950211524963379,22900
2018-11-29,24.0,24.0,23.709999084472656,23.709999084472656,15.757479667663574,32600
2018-11-30,23.790000915527344,23.8700008392334,23.700000762939453,23.739999771118164,15.777416229248047,27500
2018-12-03,23.780000686645508,23.790000915527344,23.75,23.770000457763672,15.797354698181152,26500
2018-12-04,23.739999771118164,23.780000686645508,23.65999984741211,23.700000762939453,15.750836372375488,56900
2018-12-06,23.700000762939453,23.739999771118164,23.65999984741211,23.690000534057617,15.744183540344238,14300
2018-12-07,23.690000534057617,23.75,23.68000030517578,23.75,15.784058570861816,13100
2018-12-10,23.700000762939453,23.760000228881836,23.549999237060547,23.649999618530273,15.71760082244873,33500
2018-12-11,23.700000762939453,23.75,23.649999618530273,23.65999984741211,15.724251747131348,31900
2018-12-12,23.68000030517578,23.690000534057617,23.610000610351562,23.690000534057617,15.744183540344238,32900
2018-12-13,23.6200008392334,23.690000534057617,23.110000610351562,23.540000915527344,15.720147132873535,52300
2018-12-14,23.440000534057617,23.670000076293945,23.309999465942383,23.43000030517578,15.646685600280762,21100
2018-12-17,23.3799991607666,23.3799991607666,22.81999969482422,22.989999771118164,15.352855682373047,76900
2018-12-18,22.959999084472656,23.25,22.799999237060547,22.979999542236328,15.346171379089355,49000
2018-12-19,22.979999542236328,23.56999969482422,22.979999542236328,23.170000076293945,15.473054885864258,32100
2018-12-20,23.100000381469727,23.170000076293945,22.950000762939453,22.950000762939453,15.326141357421875,49600
2018-12-21,23.0,23.110000610351562,22.229999542236328,22.6299991607666,15.112442016601562,77800
2018-12-24,22.709999084472656,22.920000076293945,22.639999389648438,22.8799991607666,15.279387474060059,21100
2018-12-26,22.600000381469727,22.899999618530273,22.059999465942383,22.549999237060547,15.546903610229492,130000
2018-12-27,22.520000457763672,22.520000457763672,22.059999465942383,22.299999237060547,15.374536514282227,48900
2018-12-28,22.350000381469727,22.489999771118164,22.190000534057617,22.489999771118164,15.505532264709473,131500
2018-12-31,22.559999465942383,22.690000534057617,22.219999313354492,22.350000381469727,15.40900707244873,78900
2019-01-02,22.31999969482422,22.389999389648438,22.25,22.34000015258789,15.402113914489746,32800
2019-01-03,22.399999618530273,22.799999237060547,22.3700008392334,22.719999313354492,15.664097785949707,79500
2019-01-04,22.6299991607666,22.75,22.43000030517578,22.729999542236328,15.670998573303223,31700
2019-01-07,22.600000381469727,22.729999542236328,22.549999237060547,22.670000076293945,15.629632949829102,21500
2019-01-08,22.600000381469727,22.75,22.600000381469727,22.649999618530273,15.615849494934082,27300
2019-01-09,22.649999618530273,22.670000076293945,22.639999389648438,22.649999618530273,15.615849494934082,10500
2019-01-10,22.670000076293945,22.790000915527344,22.600000381469727,22.649999618530273,15.615849494934082,41500
2019-01-11,22.6200008392334,22.780000686645508,22.6200008392334,22.690000534057617,15.64342212677002,33600
2019-01-14,22.65999984741211,22.790000915527344,22.65999984741211,22.790000915527344,15.791711807250977,19200
2019-01-15,22.729999542236328,22.799999237060547,22.649999618530273,22.729999542236328,15.7501220703125,24300
2019-01-16,22.700000762939453,22.8799991607666,22.6299991607666,22.799999237060547,15.79863166809082,30500
2019-01-17,22.780000686645508,22.790000915527344,22.6299991607666,22.700000762939453,15.729338645935059,229800
2019-01-18,22.68000030517578,22.690000534057617,22.600000381469727,22.649999618530273,15.694698333740234,28500
2019-01-22,22.610000610351562,22.65999984741211,22.299999237060547,22.610000610351562,15.666979789733887,96200
2019-01-23,22.6299991607666,22.6299991607666,22.579999923706055,22.6200008392334,15.673911094665527,14000
2019-01-24,22.600000381469727,22.639999389648438,22.559999465942383,22.579999923706055,15.646190643310547,56200
2019-01-25,22.56999969482422,22.65999984741211,22.56999969482422,22.600000381469727,15.660049438476562,65600
2019-01-28,22.59000015258789,22.68000030517578,22.450000762939453,22.600000381469727,15.660049438476562,62800
2019-01-29,22.56999969482422,22.6200008392334,22.56999969482422,22.6200008392334,15.673911094665527,57300
2019-01-30,22.649999618530273,22.700000762939453,22.59000015258789,22.600000381469727,15.660049438476562,33800
2019-01-31,22.600000381469727,22.81999969482422,22.600000381469727,22.809999465942383,15.805566787719727,42400
2019-02-01,22.81999969482422,22.93000030517578,22.719999313354492,22.899999618530273,15.867926597595215,33200
2019-02-04,23.0,23.0,22.829999923706055,22.899999618530273,15.867926597595215,37700
2019-02-05,22.899999618530273,22.979999542236328,22.84000015258789,22.979999542236328,15.923361778259277,47900
2019-02-06,22.93000030517578,23.0,22.850000381469727,22.93000030517578,15.888705253601074,27300
2019-02-07,22.8799991607666,22.920000076293945,22.860000610351562,22.899999618530273,15.867926597595215,13600
2019-02-08,22.8799991607666,23.020000457763672,22.8700008392334,23.020000457763672,15.951074600219727,9700
2019-02-11,22.940000534057617,23.040000915527344,22.90999984741211,22.950000762939453,15.902573585510254,17900
2019-02-12,23.0,23.049999237060547,22.90999984741211,22.93000030517578,15.888705253601074,43100
2019-02-13,22.93000030517578,23.100000381469727,22.93000030517578,23.059999465942383,15.97879695892334,23800
2019-02-14,22.90999984741211,23.010000228881836,22.899999618530273,22.940000534057617,15.974616050720215,31400
2019-02-15,22.889999389648438,23.030000686645508,22.889999389648438,22.989999771118164,16.009435653686523,28600
2019-02-19,23.030000686645508,23.030000686645508,22.899999618530273,22.920000076293945,15.960686683654785,23400
2019-02-20,22.969999313354492,22.989999771118164,22.90999984741211,22.920000076293945,15.960686683654785,15400
2019-02-21,23.0,23.040000915527344,22.979999542236328,23.010000228881836,16.023366928100586,5800
2019-02-22,23.0,23.1200008392334,22.979999542236328,23.010000228881836,16.023366928100586,37100
2019-02-25,23.110000610351562,23.1200008392334,22.899999618530273,22.950000762939453,15.981575965881348,30400
2019-02-26,23.030000686645508,23.09000015258789,22.93000030517578,23.049999237060547,16.05121612548828,22600
2019-02-27,23.030000686645508,23.049999237060547,22.950000762939453,22.989999771118164,16.009435653686523,24700
2019-02-28,23.0,23.09000015258789,22.940000534057617,23.09000015258789,16.07906723022461,40800
2019-03-01,23.139999389648438,23.239999771118164,23.049999237060547,23.09000015258789,16.07906723022461,38200
2019-03-04,23.229999542236328,23.229999542236328,23.06999969482422,23.1299991607666,16.10692596435547,38400
2019-03-05,23.09000015258789,23.200000762939453,23.09000015258789,23.170000076293945,16.134775161743164,29000
2019-03-06,23.139999389648438,23.229999542236328,23.139999389648438,23.209999084472656,16.16263198852539,14300
2019-03-07,23.229999542236328,23.25,23.170000076293945,23.229999542236328,16.176559448242188,22300
2019-03-08,23.200000762939453,23.280000686645508,23.200000762939453,23.229999542236328,16.176559448242188,31800
2019-03-11,23.209999084472656,23.290000915527344,23.18000030517578,23.290000915527344,16.218345642089844,50000
2019-03-12,23.290000915527344,23.299999237060547,23.25,23.280000686645508,16.211376190185547,46500
2019-03-13,23.270000457763672,23.299999237060547,23.209999084472656,23.260000228881836,16.197458267211914,30600
2019-03-14,23.209999084472656,23.239999771118164,23.1200008392334,23.190000534057617,16.228246688842773,45200
2019-03-15,23.139999389648438,23.25,23.079999923706055,23.149999618530273,16.20024871826172,20700
2019-03-18,23.110000610351562,23.200000762939453,23.079999923706055,23.1200008392334,16.17925453186035,37100
2019-03-19,23.100000381469727,23.350000381469727,23.09000015258789,23.18000030517578,16.221242904663086,58000
2019-03-20,23.18000030517578,23.229999542236328,23.040000915527344,23.040000915527344,16.123275756835938,41200
2019-03-21,23.049999237060547,23.18000030517578,23.040000915527344,23.040000915527344,16.123275756835938,48800
2019-03-22,23.030000686645508,23.190000534057617,23.030000686645508,23.18000030517578,16.221242904663086,38100
2019-03-25,23.219999313354492,23.25,23.149999618530273,23.219999313354492,16.249237060546875,46600
2019-03-26,23.200000762939453,23.299999237060547,23.170000076293945,23.290000915527344,16.29822540283203,69700
2019-03-27,23.229999542236328,23.31999969482422,23.18000030517578,23.18000030517578,16.221242904663086,20600
2019-03-28,23.170000076293945,23.350000381469727,23.170000076293945,23.239999771118164,16.26323127746582,31400
2019-03-29,23.239999771118164,23.290000915527344,23.200000762939453,23.280000686645508,16.29121971130371,23100
2019-04-01,23.34000015258789,23.389999389648438,23.219999313354492,23.309999465942383,16.31221580505371,25700
2019-04-02,23.3700008392334,23.3700008392334,23.229999542236328,23.229999542236328,16.256237030029297,33200
2019-04-03,23.280000686645508,23.299999237060547,23.229999542236328,23.229999542236328,16.256237030029297,26100
2019-04-04,23.280000686645508,23.280000686645508,23.170000076293945,23.260000228881836,16.277236938476562,16500
2019-04-05,23.200000762939453,23.25,23.18000030517578,23.18000030517578,16.221242904663086,21500
2019-04-08,23.200000762939453,23.350000381469727,23.200000762939453,23.200000762939453,16.23524284362793,17800
2019-04-09,23.260000228881836,23.31999969482422,23.18000030517578,23.229999542236328,16.256237030029297,16400
2019-04-10,23.229999542236328,23.329999923706055,23.229999542236328,23.229999542236328,16.256237030029297,6400
2019-04-11,23.229999542236328,23.34000015258789,23.229999542236328,23.329999923706055,16.32621192932129,19800
2019-04-12,23.229999542236328,23.270000457763672,23.18000030517578,23.25,16.35011863708496,24200
2019-04-15,23.15999984741211,23.25,23.15999984741211,23.209999084472656,16.321992874145508,23200
2019-04-16,23.219999313354492,23.290000915527344,23.149999618530273,23.239999771118164,16.34309196472168,13700
2019-04-17,23.209999084472656,23.270000457763672,23.139999389648438,23.229999542236328,16.336061477661133,35700
2019-04-18,23.299999237060547,23.399999618530273,23.200000762939453,23.200000762939453,16.31496238708496,70300
2019-04-22,23.170000076293945,23.299999237060547,23.139999389648438,23.15999984741211,16.28683853149414,15100
2019-04-23,23.260000228881836,23.290000915527344,23.15999984741211,23.15999984741211,16.28683853149414,10100
2019-04-24,23.170000076293945,23.290000915527344,23.1299991607666,23.260000228881836,16.357162475585938,33400
2019-04-25,23.209999084472656,23.290000915527344,23.209999084472656,23.280000686645508,16.371217727661133,23200
2019-04-26,23.270000457763672,23.360000610351562,23.170000076293945,23.290000915527344,16.378253936767578,19000
2019-04-29,23.25,23.350000381469727,23.18000030517578,23.309999465942383,16.392318725585938,23200
2019-04-30,23.239999771118164,23.329999923706055,23.219999313354492,23.309999465942383,16.392318725585938,26500
2019-05-01,23.329999923706055,23.649999618530273,23.239999771118164,23.25,16.35011863708496,31400
2019-05-02,23.350000381469727,23.360000610351562,23.229999542236328,23.329999923706055,16.4063777923584,26900
2019-05-03,23.350000381469727,23.3700008392334,23.280000686645508,23.280000686645508,16.371217727661133,15100
2019-05-06,23.25,23.3799991607666,23.139999389648438,23.200000762939453,16.31496238708496,23800
2019-05-07,23.309999465942383,23.309999465942383,23.170000076293945,23.200000762939453,16.31496238708496,23100
2019-05-08,23.190000534057617,23.3799991607666,23.190000534057617,23.3700008392334,16.43451499938965,20100
2019-05-09,23.229999542236328,23.34000015258789,23.209999084472656,23.209999084472656,16.321992874145508,25200
2019-05-10,23.290000915527344,23.290000915527344,23.170000076293945,23.219999313354492,16.329025268554688,64000
2019-05-13,23.170000076293945,23.309999465942383,23.1200008392334,23.229999542236328,16.336061477661133,20300
2019-05-14,23.15999984741211,23.260000228881836,23.149999618530273,23.260000228881836,16.437828063964844,16400
2019-05-15,23.190000534057617,23.209999084472656,23.079999923706055,23.170000076293945,16.374217987060547,97400
2019-05-16,23.280000686645508,23.280000686645508,23.079999923706055,23.110000610351562,16.331817626953125,21300
2019-05-17,23.110000610351562,23.15999984741211,23.100000381469727,23.100000381469727,16.32475471496582,12300
2019-05-20,23.149999618530273,23.190000534057617,23.100000381469727,23.15999984741211,16.367158889770508,10700
2019-05-21,23.110000610351562,23.260000228881836,23.110000610351562,23.1299991607666,16.34595489501953,23900
2019-05-22,23.1200008392334,23.15999984741211,23.020000457763672,23.09000015258789,16.31768035888672,43900
2019-05-23,23.049999237060547,23.1200008392334,23.049999237060547,23.079999923706055,16.31061553955078,25500
2019-05-24,23.1299991607666,23.219999313354492,23.100000381469727,23.139999389648438,16.353023529052734,18800
2019-05-28,23.1299991607666,23.260000228881836,23.1299991607666,23.139999389648438,16.353023529052734,18400
2019-05-29,23.149999618530273,23.34000015258789,23.149999618530273,23.18000030517578,16.381284713745117,40400
2019-05-30,23.200000762939453,23.280000686645508,23.079999923706055,23.15999984741211,16.367158889770508,50600
2019-05-31,23.139999389648438,23.200000762939453,23.1299991607666,23.139999389648438,16.353023529052734,13600
2019-06-03,23.1299991607666,23.229999542236328,23.1299991607666,23.149999618530273,16.360082626342773,21500
2019-06-04,23.270000457763672,23.329999923706055,23.209999084472656,23.31999969482422,16.480228424072266,34400
2019-06-05,23.25,23.270000457763672,23.100000381469727,23.209999084472656,16.40248680114746,56000
2019-06-06,23.280000686645508,23.280000686645508,23.1299991607666,23.270000457763672,16.44489097595215,103900
2019-06-07,23.219999313354492,23.260000228881836,23.149999618530273,23.170000076293945,16.374217987060547,24800
2019-06-10,23.239999771118164,23.280000686645508,23.15999984741211,23.200000762939453,16.395423889160156,44700
2019-06-11,23.200000762939453,23.270000457763672,23.200000762939453,23.270000457763672,16.44489097595215,19000
2019-06-12,23.200000762939453,23.270000457763672,23.18000030517578,23.229999542236328,16.4166202545166,51100
2019-06-13,23.15999984741211,23.170000076293945,23.139999389648438,23.15999984741211,16.447877883911133,26600
2019-06-14,23.149999618530273,23.290000915527344,23.149999618530273,23.149999618530273,16.44076919555664,13300
2019-06-17,23.15999984741211,23.239999771118164,23.139999389648438,23.139999389648438,16.433664321899414,16100
2019-06-18,23.15999984741211,23.229999542236328,23.149999618530273,23.15999984741211,16.447877883911133,21700
2019-06-19,23.18000030517578,23.18000030517578,23.149999618530273,23.170000076293945,16.454973220825195,8800
2019-06-20,23.18000030517578,23.219999313354492,23.1200008392334,23.149999618530273,16.44076919555664,23300
2019-06-21,23.18000030517578,23.219999313354492,23.1200008392334,23.18000030517578,16.462068557739258,13800
2019-06-24,23.170000076293945,23.229999542236328,23.149999618530273,23.15999984741211,16.447877883911133,27500
2019-06-25,23.15999984741211,23.270000457763672,23.15999984741211,23.170000076293945,16.454973220825195,18400
2019-06-26,23.170000076293945,23.290000915527344,23.15999984741211,23.270000457763672,16.52598762512207,19000
2019-06-27,23.350000381469727,23.350000381469727,23.15999984741211,23.219999313354492,16.490474700927734,18000
2019-06-28,23.200000762939453,23.299999237060547,23.18000030517578,23.219999313354492,16.490474700927734,18600
2019-07-01,23.399999618530273,23.399999618530273,23.110000610351562,23.200000762939453,16.47628402709961,35700
2019-07-02,23.290000915527344,23.290000915527344,23.170000076293945,23.200000762939453,16.47628402709961,20500
2019-07-03,23.260000228881836,23.290000915527344,23.200000762939453,23.270000457763672,16.52598762512207,6800
2019-07-05,23.260000228881836,23.260000228881836,23.170000076293945,23.239999771118164,16.504680633544922,13800
2019-07-08,23.219999313354492,23.270000457763672,23.149999618530273,23.25,16.51178741455078,17500
2019-07-09,23.209999084472656,23.280000686645508,23.190000534057617,23.270000457763672,16.52598762512207,11200
2019-07-10,23.229999542236328,23.299999237060547,23.190000534057617,23.209999084472656,16.483375549316406,10100
2019-07-11,23.229999542236328,23.270000457763672,23.200000762939453,23.229999542236328,16.497587203979492,13100
2019-07-12,23.139999389648438,23.209999084472656,23.139999389648438,23.200000762939453,16.557533264160156,12200
2019-07-15,23.18000030517578,23.219999313354492,23.149999618530273,23.18000030517578,16.543258666992188,13300
2019-07-16,23.190000534057617,23.229999542236328,23.15999984741211,23.18000030517578,16.543258666992188,18800
2019-07-17,23.15999984741211,23.229999542236328,23.15999984741211,23.229999542236328,16.578943252563477,10700
2019-07-18,23.219999313354492,23.229999542236328,23.06999969482422,23.200000762939453,16.557533264160156,16100
2019-07-19,23.1299991607666,23.18000030517578,23.079999923706055,23.100000381469727,16.48616600036621,24200
2019-07-22,23.100000381469727,23.18000030517578,23.100000381469727,23.1299991607666,16.50757598876953,49800
2019-07-23,23.1299991607666,23.170000076293945,23.1200008392334,23.139999389648438,16.514707565307617,33300
2019-07-24,23.139999389648438,23.15999984741211,23.059999465942383,23.1200008392334,16.50044059753418,48400
2019-07-25,23.06999969482422,23.1299991607666,23.06999969482422,23.110000610351562,16.493297576904297,26600
2019-07-26,23.139999389648438,23.15999984741211,23.09000015258789,23.1200008392334,16.50044059753418,38000
2019-07-29,23.1200008392334,23.200000762939453,23.100000381469727,23.110000610351562,16.493297576904297,25500
2019-07-30,23.149999618530273,23.149999618530273,23.09000015258789,23.110000610351562,16.493297576904297,13100
2019-07-31,23.100000381469727,23.149999618530273,23.09000015258789,23.149999618530273,16.521848678588867,33700
2019-08-01,23.219999313354492,23.219999313354492,23.09000015258789,23.15999984741211,16.528982162475586,40500
2019-08-02,23.110000610351562,23.229999542236328,23.110000610351562,23.1200008392334,16.50044059753418,33600
2019-08-05,23.1299991607666,23.190000534057617,23.1200008392334,23.1200008392334,16.50044059753418,30100
2019-08-06,23.209999084472656,23.219999313354492,23.110000610351562,23.1299991607666,16.50757598876953,20100
2019-08-07,23.1200008392334,23.149999618530273,23.100000381469727,23.149999618530273,16.521848678588867,18800
2019-08-08,23.139999389648438,23.200000762939453,23.09000015258789,23.15999984741211,16.528982162475586,54300
2019-08-09,23.079999923706055,23.190000534057617,23.079999923706055,23.139999389648438,16.514707565307617,22200
2019-08-12,23.100000381469727,23.190000534057617,23.100000381469727,23.170000076293945,16.536123275756836,25300
2019-08-13,23.100000381469727,23.15999984741211,23.100000381469727,23.1299991607666,16.50757598876953,14600
2019-08-14,22.969999313354492,23.100000381469727,22.940000534057617,22.989999771118164,16.488929748535156,115800
2019-08-15,23.0,23.059999465942383,22.989999771118164,22.989999771118164,16.488929748535156,63900
2019-08-16,22.969999313354492,23.049999237060547,22.959999084472656,22.969999313354492,16.474580764770508,19400
2019-08-19,23.0,23.059999465942383,22.959999084472656,23.0,16.49610137939453,33400
2019-08-20,22.989999771118164,23.049999237060547,22.950000762939453,23.0,16.49610137939453,65400
2019-08-21,23.010000228881836,23.049999237060547,22.989999771118164,23.010000228881836,16.50326919555664,19600
2019-08-22,23.059999465942383,23.06999969482422,22.989999771118164,23.0,16.49610137939453,17000
2019-08-23,23.0,23.030000686645508,22.93000030517578,22.989999771118164,16.488929748535156,30400
2019-08-26,22.989999771118164,23.09000015258789,22.950000762939453,23.0,16.49610137939453,11300
2019-08-27,23.040000915527344,23.059999465942383,22.989999771118164,23.020000457763672,16.51044464111328,14700
2019-08-28,22.969999313354492,23.06999969482422,22.969999313354492,23.030000686645508,16.51761817932129,10400
2019-08-29,23.06999969482422,23.06999969482422,23.0,23.0,16.49610137939453,9200
2019-08-30,23.0,23.100000381469727,22.950000762939453,23.030000686645508,16.51761817932129,57800
2019-09-03,23.110000610351562,23.1200008392334,23.059999465942383,23.110000610351562,16.57498550415039,22700
2019-09-04,23.06999969482422,23.110000610351562,23.020000457763672,23.100000381469727,16.567819595336914,28700
2019-09-05,23.049999237060547,23.079999923706055,23.030000686645508,23.049999237060547,16.531957626342773,66800
2019-09-06,23.0,23.100000381469727,23.0,23.040000915527344,16.524791717529297,17500
2019-09-09,23.079999923706055,23.100000381469727,23.030000686645508,23.030000686645508,16.51761817932129,11800
2019-09-10,23.040000915527344,23.09000015258789,23.030000686645508,23.09000015258789,16.560646057128906,9600
2019-09-11,23.040000915527344,23.100000381469727,23.040000915527344,23.049999237060547,16.531957626342773,29200
2019-09-12,22.959999084472656,23.040000915527344,22.93000030517578,23.0,16.578094482421875,15600
2019-09-13,22.940000534057617,23.020000457763672,22.940000534057617,23.0,16.578094482421875,14600
2019-09-16,22.940000534057617,22.979999542236328,22.940000534057617,22.940000534057617,16.534847259521484,55200
2019-09-17,22.969999313354492,23.049999237060547,22.950000762939453,23.040000915527344,16.606924057006836,99500
2019-09-18,23.0,23.030000686645508,22.959999084472656,22.969999313354492,16.556467056274414,95300
2019-09-19,22.969999313354492,23.010000228881836,22.940000534057617,22.950000762939453,16.542051315307617,107500
2019-09-20,22.959999084472656,22.979999542236328,22.940000534057617,22.940000534057617,16.534847259521484,146400
2019-09-23,22.950000762939453,23.0,22.93000030517578,22.979999542236328,16.563674926757812,61100
2019-09-24,22.959999084472656,23.030000686645508,22.93000030517578,23.010000228881836,16.585298538208008,47500
2019-09-25,22.959999084472656,23.0,22.959999084472656,22.979999542236328,16.563674926757812,30200
2019-09-26,22.969999313354492,22.989999771118164,22.950000762939453,22.969999313354492,16.556467056274414,86100
2019-09-27,22.959999084472656,23.049999237060547,22.959999084472656,23.020000457763672,16.59250831604004,25200
2019-09-30,23.049999237060547,23.06999969482422,22.90999984741211,23.059999465942383,16.621335983276367,197600
2019-10-01,23.06999969482422,23.06999969482422,22.989999771118164,23.020000457763672,16.59250831604004,49400
2019-10-02,23.0,23.049999237060547,22.950000762939453,23.040000915527344,16.606924057006836,49700
2019-10-03,23.049999237060547,23.049999237060547,22.969999313354492,22.989999771118164,16.570884704589844,39600
2019-10-04,22.979999542236328,23.0,22.969999313354492,22.969999313354492,16.556467056274414,36400
2019-10-07,22.969999313354492,23.030000686645508,22.969999313354492,22.969999313354492,16.556467056274414,42800
2019-10-08,22.969999313354492,23.010000228881836,22.959999084472656,22.979999542236328,16.563674926757812,13900
2019-10-09,23.040000915527344,23.06999969482422,23.0,23.010000228881836,16.585298538208008,11700
2019-10-10,23.040000915527344,23.079999923706055,22.989999771118164,23.020000457763672,16.59250831604004,14800
2019-10-11,22.850000381469727,22.899999618530273,22.760000228881836,22.760000228881836,16.48674774169922,47700
2019-10-14,22.780000686645508,22.860000610351562,22.6200008392334,22.790000915527344,16.50847625732422,53100
2019-10-15,22.75,22.760000228881836,22.520000457763672,22.729999542236328,16.465009689331055,47600
2019-10-16,22.65999984741211,22.770000457763672,22.649999618530273,22.690000534057617,16.436044692993164,17200
2019-10-17,22.739999771118164,22.799999237060547,22.65999984741211,22.739999771118164,16.47225570678711,29000
2019-10-18,22.690000534057617,22.790000915527344,22.440000534057617,22.440000534057617,16.254947662353516,42300
2019-10-21,22.450000762939453,22.530000686645508,22.360000610351562,22.40999984741211,16.233219146728516,43600
2019-10-22,22.399999618530273,22.479999542236328,22.399999618530273,22.440000534057617,16.254947662353516,7800
2019-10-23,22.420000076293945,22.479999542236328,22.40999984741211,22.40999984741211,16.233219146728516,9100
2019-10-24,22.3700008392334,22.5,22.3700008392334,22.43000030517578,16.247705459594727,15400
2019-10-25,22.43000030517578,22.440000534057617,22.399999618530273,22.399999618530273,16.22597312927246,8600
2019-10-28,22.3799991607666,22.389999389648438,22.329999923706055,22.350000381469727,16.189754486083984,10800
2019-10-29,22.389999389648438,22.389999389648438,22.31999969482422,22.350000381469727,16.189754486083984,9900
2019-10-30,22.40999984741211,22.59000015258789,22.31999969482422,22.43000030517578,16.247705459594727,10300
2019-10-31,22.389999389648438,22.43000030517578,22.34000015258789,22.40999984741211,16.233219146728516,17300
2019-11-01,22.559999465942383,22.559999465942383,22.420000076293945,22.43000030517578,16.247705459594727,20300
2019-11-04,22.3799991607666,22.489999771118164,22.260000228881836,22.3700008392334,16.204233169555664,27200
2019-11-05,22.450000762939453,22.450000762939453,22.329999923706055,22.420000076293945,16.240455627441406,12200
2019-11-06,22.40999984741211,22.59000015258789,22.34000015258789,22.579999923706055,16.356361389160156,34800
2019-11-07,22.600000381469727,22.639999389648438,22.459999084472656,22.600000381469727,16.370849609375,30000
2019-11-08,22.579999923706055,22.639999389648438,22.450000762939453,22.520000457763672,16.312898635864258,7100
2019-11-11,22.510000228881836,22.709999084472656,22.450000762939453,22.709999084472656,16.450532913208008,12300
2019-11-12,22.75,22.8799991607666,22.520000457763672,22.520000457763672,16.312898635864258,19400
2019-11-13,22.579999923706055,22.729999542236328,22.549999237060547,22.729999542236328,16.465009689331055,5500
2019-11-14,22.559999465942383,22.690000534057617,22.559999465942383,22.690000534057617,16.51888656616211,3300
2019-11-15,22.600000381469727,22.600000381469727,22.469999313354492,22.469999313354492,16.358718872070312,15600
2019-11-18,22.579999923706055,22.639999389648438,22.469999313354492,22.479999542236328,16.366004943847656,14100
2019-11-19,22.489999771118164,22.510000228881836,22.360000610351562,22.469999313354492,16.358718872070312,12800
2019-11-20,22.34000015258789,22.40999984741211,22.229999542236328,22.399999618530273,16.307762145996094,18500
2019-11-21,22.34000015258789,22.399999618530273,22.299999237060547,22.3700008392334,16.28591537475586,6300
2019-11-22,22.43000030517578,22.440000534057617,22.299999237060547,22.43000030517578,16.329607009887695,4400
2019-11-25,22.34000015258789,22.43000030517578,22.299999237060547,22.309999465942383,16.242238998413086,8100
2019-11-26,22.34000015258789,22.3700008392334,22.059999465942383,22.079999923706055,16.074798583984375,20400
2019-11-27,22.139999389648438,22.209999084472656,22.110000610351562,22.15999984741211,16.13302993774414,7600
2019-11-29,22.200000762939453,22.350000381469727,22.1299991607666,22.31999969482422,16.249521255493164,34000
2019-12-02,22.25,22.420000076293945,22.25,22.350000381469727,16.2713623046875,14600
2019-12-03,22.360000610351562,22.540000915527344,22.350000381469727,22.540000915527344,16.409685134887695,26300
2019-12-04,22.479999542236328,22.600000381469727,22.389999389648438,22.510000228881836,16.38784408569336,21000
2019-12-05,22.360000610351562,22.56999969482422,22.360000610351562,22.5,16.380565643310547,6900
2019-12-06,22.489999771118164,22.649999618530273,22.450000762939453,22.579999923706055,16.438806533813477,4900
2019-12-09,22.649999618530273,22.65999984741211,22.329999923706055,22.389999389648438,16.300479888916016,57600
2019-12-10,22.3799991607666,22.5,22.18000030517578,22.270000457763672,16.213117599487305,32600
2019-12-11,22.260000228881836,22.299999237060547,22.149999618530273,22.200000762939453,16.162160873413086,64100
2019-12-12,22.149999618530273,22.239999771118164,22.020000457763672,22.06999969482422,16.150455474853516,40100
2019-12-13,22.1200008392334,22.1200008392334,21.8799991607666,21.959999084472656,16.069944381713867,44600
2019-12-16,21.889999389648438,22.0,21.860000610351562,21.940000534057617,16.05531883239746,39800
2019-12-17,21.899999618530273,21.93000030517578,21.809999465942383,21.93000030517578,16.04800033569336,28500
2019-12-18,21.90999984741211,21.920000076293945,21.809999465942383,21.850000381469727,15.989458084106445,29800
2019-12-19,21.899999618530273,21.950000762939453,21.809999465942383,21.950000762939453,16.06263542175293,25200
2019-12-20,21.899999618530273,22.09000015258789,21.899999618530273,22.010000228881836,16.106544494628906,27900
2019-12-23,21.93000030517578,21.959999084472656,21.8700008392334,21.90999984741211,16.033363342285156,37200
2019-12-24,21.8700008392334,21.950000762939453,21.8700008392334,21.920000076293945,16.040685653686523,8900
2019-12-26,21.899999618530273,21.950000762939453,21.860000610351562,21.940000534057617,16.05531883239746,41800
2019-12-27,21.899999618530273,21.899999618530273,21.799999237060547,21.809999465942383,15.960185050964355,65600
2019-12-30,21.739999771118164,21.8700008392334,21.739999771118164,21.850000381469727,15.989458084106445,68700
2019-12-31,21.8799991607666,22.059999465942383,21.770000457763672,21.959999084472656,16.069944381713867,119600
2020-01-02,21.969999313354492,22.049999237060547,21.889999389648438,21.959999084472656,16.069944381713867,33100
2020-01-03,21.90999984741211,22.030000686645508,21.90999984741211,21.979999542236328,16.084583282470703,14100
2020-01-06,22.010000228881836,22.110000610351562,22.010000228881836,22.079999923706055,16.157764434814453,23600
2020-01-07,22.100000381469727,22.190000534057617,22.06999969482422,22.18000030517578,16.230947494506836,23400
2020-01-08,22.18000030517578,22.299999237060547,22.15999984741211,22.239999771118164,16.274856567382812,30200
2020-01-09,22.299999237060547,22.360000610351562,22.299999237060547,22.329999923706055,16.34071159362793,20600
2020-01-10,22.31999969482422,22.43000030517578,22.309999465942383,22.31999969482422,16.333398818969727,29800
2020-01-13,22.31999969482422,22.469999313354492,22.31999969482422,22.3799991607666,16.377300262451172,18300
2020-01-14,22.360000610351562,22.389999389648438,22.270000457763672,22.389999389648438,16.468503952026367,15600
2020-01-15,22.34000015258789,22.469999313354492,22.34000015258789,22.389999389648438,16.468503952026367,23200
2020-01-16,22.3700008392334,22.459999084472656,22.350000381469727,22.350000381469727,16.439090728759766,14700
2020-01-17,22.40999984741211,22.559999465942383,22.309999465942383,22.329999923706055,16.424375534057617,43600
2020-01-21,22.280000686645508,22.739999771118164,22.280000686645508,22.450000762939453,16.51263999938965,42300
2020-01-22,22.5,22.639999389648438,22.5,22.540000915527344,16.578834533691406,14800
2020-01-23,22.549999237060547,22.6299991607666,22.5,22.59000015258789,16.615617752075195,16700
2020-01-24,22.68000030517578,22.93000030517578,22.610000610351562,22.920000076293945,16.858333587646484,60000
2020-01-27,22.799999237060547,22.799999237060547,22.65999984741211,22.690000534057617,16.689170837402344,12600
2020-01-28,22.739999771118164,22.799999237060547,22.670000076293945,22.700000762939453,16.69651985168457,14300
2020-01-29,22.690000534057617,22.75,22.600000381469727,22.719999313354492,16.711227416992188,40200
2020-01-30,22.739999771118164,22.770000457763672,22.639999389648438,22.639999389648438,16.652389526367188,26600
2020-01-31,22.719999313354492,22.729999542236328,22.549999237060547,22.549999237060547,16.58619499206543,13400
2020-02-03,22.65999984741211,22.81999969482422,22.510000228881836,22.709999084472656,16.703868865966797,26700
2020-02-04,22.719999313354492,22.719999313354492,22.549999237060547,22.579999923706055,16.608253479003906,15400
2020-02-05,22.670000076293945,22.700000762939453,22.639999389648438,22.700000762939453,16.69651985168457,22500
2020-02-06,22.75,22.770000457763672,22.610000610351562,22.65999984741211,16.66709327697754,19400
2020-02-07,22.649999618530273,22.68000030517578,22.440000534057617,22.670000076293945,16.674455642700195,34500
2020-02-10,22.670000076293945,22.790000915527344,22.600000381469727,22.770000457763672,16.748008728027344,35800
2020-02-11,22.8700008392334,22.8700008392334,22.670000076293945,22.770000457763672,16.748008728027344,12900
2020-02-12,22.770000457763672,22.770000457763672,22.700000762939453,22.729999542236328,16.718589782714844,36300
2020-02-13,22.700000762939453,22.75,22.6200008392334,22.700000762939453,16.780685424804688,15100
2020-02-14,22.729999542236328,22.729999542236328,22.6200008392334,22.729999542236328,16.802858352661133,18400
2020-02-18,22.709999084472656,22.770000457763672,22.700000762939453,22.739999771118164,16.81024932861328,10400
2020-02-19,22.760000228881836,22.760000228881836,22.700000762939453,22.729999542236328,16.802858352661133,17700
2020-02-20,22.75,22.770000457763672,22.719999313354492,22.719999313354492,16.79546546936035,33300
2020-02-21,22.719999313354492,22.770000457763672,22.649999618530273,22.68000030517578,16.765897750854492,38500
2020-02-24,22.68000030517578,22.780000686645508,22.65999984741211,22.770000457763672,16.832429885864258,22400
2020-02-25,22.75,22.790000915527344,22.479999542236328,22.510000228881836,16.640222549438477,24700
2020-02-26,22.530000686645508,22.670000076293945,22.350000381469727,22.360000610351562,16.529338836669922,77000
2020-02-27,22.360000610351562,22.360000610351562,22.190000534057617,22.190000534057617,16.403669357299805,34000
2020-02-28,22.209999084472656,22.219999313354492,21.889999389648438,21.899999618530273,16.189292907714844,40900
2020-03-02,22.030000686645508,22.639999389648438,22.030000686645508,22.639999389648438,16.736330032348633,43100
2020-03-03,22.600000381469727,22.600000381469727,22.209999084472656,22.399999618530273,16.558914184570312,46400
2020-03-04,22.399999618530273,22.56999969482422,22.229999542236328,22.290000915527344,16.47759246826172,76200
2020-03-05,22.25,22.25,22.010000228881836,22.09000015258789,16.329744338989258,59600
2020-03-06,22.0,22.18000030517578,21.959999084472656,22.079999923706055,16.322355270385742,68600
2020-03-09,21.860000610351562,21.860000610351562,21.229999542236328,21.350000381469727,15.782712936401367,38400
2020-03-10,21.549999237060547,21.649999618530273,21.399999618530273,21.6299991607666,15.989699363708496,36800
2020-03-11,21.489999771118164,21.739999771118164,21.200000762939453,21.479999542236328,15.87881088256836,64000
2020-03-12,21.049999237060547,21.049999237060547,20.010000228881836,20.549999237060547,15.25595474243164,70600
2020-03-13,20.549999237060547,21.649999618530273,20.459999084472656,21.6299991607666,16.05773162841797,37200
2020-03-16,19.5,20.139999389648438,19.5,19.579999923706055,14.535843849182129,55700
2020-03-17,19.56999969482422,20.010000228881836,19.200000762939453,19.899999618530273,14.773405075073242,48000
2020-03-18,18.600000381469727,18.719999313354492,14.869999885559082,17.100000381469727,12.69473648071289,96800
2020-03-19,17.100000381469727,17.959999084472656,16.780000686645508,16.920000076293945,12.56110954284668,75200
2020-03-20,17.0,18.90999984741211,16.399999618530273,17.0,12.620492935180664,143600
2020-03-23,17.079999923706055,17.100000381469727,15.520000457763672,15.539999961853027,11.536619186401367,72200
2020-03-24,15.930000305175781,16.610000610351562,14.40999984741211,15.979999542236328,11.863269805908203,79400
2020-03-25,15.649999618530273,15.789999961853027,14.760000228881836,15.0,11.135732650756836,135200
2020-03-26,14.600000381469727,14.869999885559082,13.819999694824219,14.720000267028809,10.927863121032715,328300
2020-03-27,14.649999618530273,15.350000381469727,14.649999618530273,15.289999961853027,11.351021766662598,79300
2020-03-30,15.529999732971191,16.15999984741211,15.380000114440918,15.84000015258789,11.759334564208984,73400
2020-03-31,15.84000015258789,16.790000915527344,15.84000015258789,16.450000762939453,12.212186813354492,66400
2020-04-01,16.450000762939453,16.68000030517578,16.15999984741211,16.65999984741211,12.368088722229004,106500
2020-04-02,16.690000534057617,16.8700008392334,16.59000015258789,16.860000610351562,12.516560554504395,24900
2020-04-03,16.899999618530273,17.010000228881836,16.3799991607666,16.540000915527344,12.279006958007812,67600
2020-04-06,16.6200008392334,16.899999618530273,16.520000457763672,16.75,12.43490219116211,53500
2020-04-07,16.770000457763672,17.559999465942383,16.770000457763672,17.270000457763672,12.820942878723145,36200
2020-04-08,17.270000457763672,17.729999542236328,17.270000457763672,17.709999084472656,13.147587776184082,21600
2020-04-09,17.790000915527344,18.770000457763672,17.790000915527344,18.520000457763672,13.748919486999512,44200
2020-04-13,18.510000228881836,18.510000228881836,17.760000228881836,17.850000381469727,13.251526832580566,33700
2020-04-14,17.760000228881836,18.010000228881836,17.610000610351562,17.739999771118164,13.237342834472656,57700
2020-04-15,17.809999465942383,17.940000534057617,17.469999313354492,17.65999984741211,13.177648544311523,30800
2020-04-16,17.559999465942383,17.75,17.3700008392334,17.559999465942383,13.10303020477295,47600
2020-04-17,17.459999084472656,17.649999618530273,17.459999084472656,17.56999969482422,13.110495567321777,19000
2020-04-20,17.56999969482422,17.829999923706055,17.540000915527344,17.690000534057617,13.20003604888916,53600
2020-04-21,17.670000076293945,17.790000915527344,17.399999618530273,17.790000915527344,13.274652481079102,26000
2020-04-22,17.899999618530273,18.079999923706055,17.260000228881836,17.31999969482422,12.923948287963867,40100
2020-04-23,17.5,17.649999618530273,17.440000534057617,17.649999618530273,13.170188903808594,22700
2020-04-24,17.65999984741211,17.93000030517578,17.190000534057617,17.200000762939453,12.834403991699219,98300
2020-04-27,17.309999465942383,17.489999771118164,17.309999465942383,17.350000381469727,12.946333885192871,41400
2020-04-28,17.579999923706055,17.81999969482422,17.389999389648438,17.440000534057617,13.01348876953125,37200
2020-04-29,17.889999389648438,18.219999313354492,17.81999969482422,17.950000762939453,13.394043922424316,37800
2020-04-30,18.030000686645508,18.299999237060547,17.65999984741211,17.860000610351562,13.326885223388672,16200
2020-05-01,17.84000015258789,17.90999984741211,17.229999542236328,17.540000915527344,13.08811092376709,17700
2020-05-04,17.309999465942383,17.610000610351562,17.260000228881836,17.440000534057617,13.01348876953125,22100
2020-05-05,17.530000686645508,17.729999542236328,17.530000686645508,17.540000915527344,13.08811092376709,12300
2020-05-06,17.68000030517578,17.93000030517578,17.65999984741211,17.829999923706055,13.30450439453125,18400
2020-05-07,17.940000534057617,18.190000534057617,17.75,18.049999237060547,13.468663215637207,13500
2020-05-08,18.15999984741211,18.299999237060547,17.799999237060547,17.93000030517578,13.379118919372559,17400
2020-05-11,18.1200008392334,18.1200008392334,17.510000228881836,17.600000381469727,13.132879257202148,35800
2020-05-12,17.780000686645508,17.93000030517578,17.579999923706055,17.84000015258789,13.311967849731445,38100
2020-05-13,17.799999237060547,18.06999969482422,17.700000762939453,17.719999313354492,13.222419738769531,18200
2020-05-14,17.290000915527344,17.56999969482422,17.280000686645508,17.399999618530273,13.05066204071045,28900
2020-05-15,17.5,17.729999542236328,17.489999771118164,17.489999771118164,13.1181640625,15400
2020-05-18,17.600000381469727,17.760000228881836,17.600000381469727,17.760000228881836,13.320676803588867,14200
2020-05-19,17.770000457763672,18.139999389648438,17.709999084472656,18.100000381469727,13.575689315795898,12800
2020-05-20,18.299999237060547,18.299999237060547,18.100000381469727,18.280000686645508,13.710693359375,21700
2020-05-21,18.299999237060547,18.299999237060547,18.110000610351562,18.200000762939453,13.650691032409668,14700
2020-05-22,18.229999542236328,18.31999969482422,18.200000762939453,18.31999969482422,13.740694999694824,23500
2020-05-26,18.40999984741211,19.25,18.309999465942383,19.25,14.438233375549316,46000
2020-05-27,19.239999771118164,19.25,18.780000686645508,19.25,14.438233375549316,39100
2020-05-28,19.190000534057617,19.190000534057617,18.639999389648438,18.700000762939453,14.025713920593262,91500
2020-05-29,18.790000915527344,18.899999618530273,18.079999923706055,18.5,13.87569808959961,136300
2020-06-01,18.549999237060547,18.700000762939453,18.549999237060547,18.6299991607666,13.97320556640625,33400
2020-06-02,18.860000610351562,18.90999984741211,18.6299991607666,18.739999771118164,14.055712699890137,55200
2020-06-03,18.729999542236328,18.780000686645508,18.579999923706055,18.65999984741211,13.995709419250488,36000
2020-06-04,18.709999084472656,18.860000610351562,18.59000015258789,18.84000015258789,14.130717277526855,15800
2020-06-05,19.149999618530273,19.450000762939453,18.299999237060547,18.860000610351562,14.145718574523926,39800
2020-06-08,18.940000534057617,18.969999313354492,18.790000915527344,18.889999389648438,14.168224334716797,23100
2020-06-09,18.899999618530273,18.899999618530273,18.739999771118164,18.84000015258789,14.130717277526855,29600
2020-06-10,18.940000534057617,18.940000534057617,18.790000915527344,18.889999389648438,14.168224334716797,11100
2020-06-11,18.649999618530273,18.690000534057617,17.729999542236328,18.239999771118164,13.680688858032227,53200
2020-06-12,18.31999969482422,18.520000457763672,18.219999313354492,18.3700008392334,13.829760551452637,22400
2020-06-15,18.3700008392334,18.739999771118164,18.239999771118164,18.719999313354492,14.093255043029785,13200
2020-06-16,18.780000686645508,19.200000762939453,18.770000457763672,19.200000762939453,14.454623222351074,18200
2020-06-17,19.1200008392334,19.3799991607666,18.850000381469727,19.290000915527344,14.522369384765625,31700
2020-06-18,19.389999389648438,19.43000030517578,19.299999237060547,19.350000381469727,14.567548751831055,28600
2020-06-19,19.290000915527344,19.479999542236328,19.239999771118164,19.239999771118164,14.484725952148438,7000
2020-06-22,19.329999923706055,19.329999923706055,19.110000610351562,19.170000076293945,14.432029724121094,10200
2020-06-23,19.239999771118164,19.239999771118164,19.09000015258789,19.149999618530273,14.416976928710938,1800
2020-06-24,19.200000762939453,19.290000915527344,19.0,19.280000686645508,14.514846801757812,20800
2020-06-25,19.290000915527344,19.31999969482422,18.739999771118164,19.010000228881836,14.311576843261719,16800
2020-06-26,19.110000610351562,19.1299991607666,18.920000076293945,18.959999084472656,14.273931503295898,13000
2020-06-29,18.90999984741211,19.110000610351562,18.90999984741211,19.110000610351562,14.386865615844727,7100
2020-06-30,19.059999465942383,19.549999237060547,19.030000686645508,19.549999237060547,14.718113899230957,42100
2020-07-01,19.5,19.75,19.329999923706055,19.670000076293945,14.808452606201172,39800
2020-07-02,19.899999618530273,19.90999984741211,19.670000076293945,19.760000228881836,14.87621021270752,13000
2020-07-06,19.639999389648438,19.889999389648438,19.639999389648438,19.799999237060547,14.906323432922363,9100
2020-07-07,19.790000915527344,19.790000915527344,19.610000610351562,19.739999771118164,14.861157417297363,5000
2020-07-08,19.760000228881836,19.790000915527344,19.579999923706055,19.610000610351562,14.763283729553223,15800
2020-07-09,19.600000381469727,19.600000381469727,19.34000015258789,19.360000610351562,14.575072288513184,31100
2020-07-10,19.459999084472656,19.459999084472656,19.219999313354492,19.399999618530273,14.605185508728027,10700
2020-07-13,19.399999618530273,19.510000228881836,18.84000015258789,18.84000015258789,14.183597564697266,14600
2020-07-14,18.959999084472656,19.040000915527344,18.780000686645508,18.780000686645508,14.189638137817383,23500
2020-07-15,18.799999237060547,18.799999237060547,18.600000381469727,18.68000030517578,14.114090919494629,16900
2020-07-16,18.40999984741211,18.579999923706055,18.290000915527344,18.420000076293945,13.917634010314941,32900
2020-07-17,18.420000076293945,18.670000076293945,18.420000076293945,18.600000381469727,14.05363941192627,19400
2020-07-20,18.649999618530273,18.68000030517578,18.40999984741211,18.610000610351562,14.06119441986084,13700
2020-07-21,18.670000076293945,18.899999618530273,18.65999984741211,18.899999618530273,14.280308723449707,14600
2020-07-22,18.809999465942383,18.829999923706055,18.739999771118164,18.809999465942383,14.21230697631836,7500
2020-07-23,18.829999923706055,18.93000030517578,18.829999923706055,18.8799991607666,14.265192031860352,9700
2020-07-24,18.889999389648438,18.920000076293945,18.81999969482422,18.90999984741211,14.287863731384277,59100
2020-07-27,18.90999984741211,18.950000762939453,18.6299991607666,18.889999389648438,14.272749900817871,78900
2020-07-28,18.850000381469727,18.899999618530273,18.700000762939453,18.84000015258789,14.234969139099121,58500
2020-07-29,18.799999237060547,18.899999618530273,18.799999237060547,18.860000610351562,14.25008487701416,12400
2020-07-30,18.81999969482422,18.940000534057617,18.81999969482422,18.940000534057617,14.31053352355957,4000
2020-07-31,18.940000534057617,18.940000534057617,18.809999465942383,18.90999984741211,14.287863731384277,5600
2020-08-03,18.989999771118164,18.989999771118164,18.690000534057617,18.889999389648438,14.272749900817871,11200
2020-08-04,18.799999237060547,18.959999084472656,18.799999237060547,18.950000762939453,14.318087577819824,25400
2020-08-05,18.950000762939453,18.989999771118164,18.950000762939453,18.989999771118164,14.348308563232422,4400
2020-08-06,18.959999084472656,19.0,18.959999084472656,18.959999084472656,14.325640678405762,4600
2020-08-07,18.959999084472656,18.969999313354492,18.799999237060547,18.81999969482422,14.219857215881348,7900
2020-08-10,18.81999969482422,18.93000030517578,18.81999969482422,18.8700008392334,14.257638931274414,18500
2020-08-11,18.8799991607666,18.940000534057617,18.799999237060547,18.799999237060547,14.204751968383789,10900
2020-08-12,18.84000015258789,18.860000610351562,18.799999237060547,18.799999237060547,14.204751968383789,25900
2020-08-13,18.809999465942383,18.84000015258789,18.639999389648438,18.729999542236328,14.203234672546387,14500
2020-08-14,18.760000228881836,18.829999923706055,18.360000610351562,18.549999237060547,14.066737174987793,15000
2020-08-17,18.56999969482422,18.68000030517578,18.56999969482422,18.65999984741211,14.150150299072266,5400
2020-08-18,18.610000610351562,18.65999984741211,18.520000457763672,18.639999389648438,14.134987831115723,9500
2020-08-19,18.709999084472656,18.8799991607666,18.709999084472656,18.8799991607666,14.316974639892578,18400
2020-08-20,18.940000534057617,18.989999771118164,18.75,18.8700008392334,14.30939769744873,29200
2020-08-21,18.90999984741211,20.0,18.850000381469727,18.899999618530273,14.332146644592285,68400
2020-08-24,18.959999084472656,19.110000610351562,18.950000762939453,19.079999923706055,14.468644142150879,11100
2020-08-25,19.110000610351562,19.610000610351562,19.110000610351562,19.229999542236328,14.582390785217285,56500
2020-08-26,19.309999465942383,19.309999465942383,19.149999618530273,19.149999618530273,14.52172565460205,10300
2020-08-27,19.190000534057617,19.200000762939453,19.059999465942383,19.18000030517578,14.544473648071289,6400
2020-08-28,19.15999984741211,19.399999618530273,19.15999984741211,19.399999618530273,14.711308479309082,16000
2020-08-31,19.360000610351562,19.510000228881836,19.360000610351562,19.489999771118164,14.77955150604248,20000
2020-09-01,19.549999237060547,19.549999237060547,19.3700008392334,19.489999771118164,14.77955150604248,7900
2020-09-02,19.549999237060547,19.549999237060547,19.450000762939453,19.450000762939453,14.74921989440918,3600
2020-09-03,19.440000534057617,19.670000076293945,19.18000030517578,19.540000915527344,14.817471504211426,23000
2020-09-04,19.600000381469727,19.729999542236328,19.5,19.59000015258789,14.855387687683105,5900
2020-09-08,19.469999313354492,19.510000228881836,19.209999084472656,19.209999084472656,14.567220687866211,13200
2020-09-09,19.34000015258789,19.510000228881836,19.299999237060547,19.510000228881836,14.794718742370605,11500
2020-09-10,19.549999237060547,19.549999237060547,19.420000076293945,19.489999771118164,14.77955150604248,60900
2020-09-11,19.530000686645508,19.68000030517578,19.34000015258789,19.459999084472656,14.75680160522461,30100
2020-09-14,19.329999923706055,19.399999618530273,19.110000610351562,19.170000076293945,14.58786678314209,35600
2020-09-15,19.18000030517578,19.360000610351562,19.1200008392334,19.31999969482422,14.702016830444336,25300
2020-09-16,19.200000762939453,19.260000228881836,19.06999969482422,19.110000610351562,14.542204856872559,129500
2020-09-17,19.149999618530273,19.260000228881836,19.149999618530273,19.260000228881836,14.656362533569336,39600
2020-09-18,19.280000686645508,19.3700008392334,19.25,19.260000228881836,14.656362533569336,13200
2020-09-21,19.31999969482422,19.31999969482422,19.09000015258789,19.260000228881836,14.656362533569336,50500
2020-09-22,19.239999771118164,19.389999389648438,19.239999771118164,19.3700008392334,14.740066528320312,8000
2020-09-23,19.3700008392334,19.389999389648438,19.149999618530273,19.149999618530273,14.572649955749512,32900
2020-09-24,19.18000030517578,19.200000762939453,19.06999969482422,19.200000762939453,14.610694885253906,28900
2020-09-25,19.059999465942383,19.209999084472656,19.059999465942383,19.170000076293945,14.58786678314209,16200
2020-09-28,19.1200008392334,19.290000915527344,19.1200008392334,19.209999084472656,14.618307113647461,10900
2020-09-29,19.209999084472656,19.209999084472656,19.059999465942383,19.139999389648438,14.565037727355957,22400
2020-09-30,19.200000762939453,19.200000762939453,18.93000030517578,18.93000030517578,14.405233383178711,41300
2020-10-01,19.049999237060547,19.170000076293945,18.8799991607666,18.8799991607666,14.367188453674316,18800
2020-10-02,18.8700008392334,18.8700008392334,18.729999542236328,18.84000015258789,14.336747169494629,8600
2020-10-05,18.84000015258789,19.219999313354492,18.510000228881836,19.079999923706055,14.519381523132324,48100
2020-10-06,19.049999237060547,19.280000686645508,19.049999237060547,19.1200008392334,14.549820899963379,20500
2020-10-07,19.1200008392334,19.15999984741211,19.079999923706055,19.100000381469727,14.534594535827637,7400
2020-10-08,19.06999969482422,19.229999542236328,19.06999969482422,19.229999542236328,14.633526802062988,1900
2020-10-09,19.170000076293945,19.219999313354492,19.139999389648438,19.15999984741211,14.580253601074219,15600
2020-10-12,19.18000030517578,19.25,19.110000610351562,19.229999542236328,14.633526802062988,13400
2020-10-13,19.18000030517578,19.229999542236328,19.020000457763672,19.020000457763672,14.47372055053711,44700
2020-10-14,19.049999237060547,19.139999389648438,19.030000686645508,19.100000381469727,14.586750030517578,38500
2020-10-15,18.889999389648438,19.0,18.889999389648438,19.0,14.510376930236816,10700
2020-10-16,18.969999313354492,18.979999542236328,18.93000030517578,18.940000534057617,14.464559555053711,10800
2020-10-19,18.93000030517578,19.030000686645508,18.530000686645508,18.719999313354492,14.296540260314941,59100
2020-10-20,18.729999542236328,18.809999465942383,18.56999969482422,18.68000030517578,14.265992164611816,17200
2020-10-21,18.670000076293945,18.719999313354492,18.649999618530273,18.670000076293945,14.258355140686035,22200
2020-10-22,18.68000030517578,18.8799991607666,18.68000030517578,18.84000015258789,14.388188362121582,11900
2020-10-23,18.690000534057617,18.860000610351562,18.690000534057617,18.729999542236328,14.304178237915039,3300
2020-10-26,18.780000686645508,18.780000686645508,18.139999389648438,18.5,14.12852668762207,31900
2020-10-27,18.5,18.549999237060547,18.479999542236328,18.510000228881836,14.136162757873535,6600
2020-10-28,18.450000762939453,18.649999618530273,18.329999923706055,18.6200008392334,14.220170021057129,19000
2020-10-29,18.6200008392334,18.799999237060547,18.559999465942383,18.600000381469727,14.204900741577148,23100
2020-10-30,18.540000915527344,18.739999771118164,18.540000915527344,18.639999389648438,14.235442161560059,4300
2020-11-02,18.65999984741211,18.65999984741211,18.469999313354492,18.510000228881836,14.136162757873535,10600
2020-11-03,18.68000030517578,18.68000030517578,18.260000228881836,18.309999465942383,13.98342227935791,37700
2020-11-04,18.31999969482422,18.43000030517578,18.229999542236328,18.25,13.937604904174805,50100
2020-11-05,18.350000381469727,18.56999969482422,18.270000457763672,18.40999984741211,14.059797286987305,28800
2020-11-06,18.469999313354492,18.59000015258789,18.450000762939453,18.450000762939453,14.090340614318848,5200
2020-11-09,18.559999465942383,18.799999237060547,18.399999618530273,18.399999618530273,14.052160263061523,13800
2020-11-10,18.520000457763672,18.649999618530273,18.459999084472656,18.520000457763672,14.143802642822266,43000
2020-11-11,18.579999923706055,18.780000686645508,18.489999771118164,18.729999542236328,14.304178237915039,36100
2020-11-12,18.56999969482422,18.8700008392334,18.540000915527344,18.59000015258789,14.248991012573242,153900
2020-11-13,18.6299991607666,18.969999313354492,18.6299991607666,18.799999237060547,14.409953117370605,15600
2020-11-16,18.84000015258789,18.940000534057617,18.530000686645508,18.600000381469727,14.256658554077148,34300
2020-11-17,18.6200008392334,18.709999084472656,18.610000610351562,18.670000076293945,14.310309410095215,13800
2020-11-18,18.700000762939453,18.829999923706055,18.6200008392334,18.790000915527344,14.402290344238281,33600
2020-11-19,18.829999923706055,18.959999084472656,18.700000762939453,18.899999618530273,14.48660659790039,29500
2020-11-20,18.829999923706055,19.040000915527344,18.75,19.0,14.563252449035645,21600
2020-11-23,19.020000457763672,19.079999923706055,18.989999771118164,19.040000915527344,14.593912124633789,16900
2020-11-24,19.079999923706055,19.299999237060547,19.059999465942383,19.280000686645508,14.777870178222656,25900
2020-11-25,19.25,19.309999465942383,19.170000076293945,19.299999237060547,14.793200492858887,17700
2020-11-27,19.299999237060547,19.3700008392334,19.219999313354492,19.309999465942383,14.800859451293945,45100
2020-11-30,19.290000915527344,19.549999237060547,19.079999923706055,19.5,14.946495056152344,42500
2020-12-01,19.5,19.770000457763672,19.469999313354492,19.6299991607666,15.046138763427734,28400
2020-12-02,19.610000610351562,19.610000610351562,19.43000030517578,19.549999237060547,14.984820365905762,53400
2020-12-03,19.579999923706055,19.579999923706055,19.350000381469727,19.459999084472656,14.91583251953125,67400
2020-12-04,19.450000762939453,19.6200008392334,19.450000762939453,19.59000015258789,15.015482902526855,19400
2020-12-07,19.6200008392334,19.739999771118164,19.5,19.5,14.946495056152344,21600
2020-12-08,19.549999237060547,19.770000457763672,19.3700008392334,19.65999984741211,15.069133758544922,44400
2020-12-09,19.649999618530273,19.809999465942383,19.56999969482422,19.770000457763672,15.153453826904297,28000
2020-12-10,19.65999984741211,19.860000610351562,19.610000610351562,19.790000915527344,15.168782234191895,22200
2020-12-11,19.84000015258789,19.84000015258789,19.559999465942383,19.670000076293945,15.076796531677246,34700
2020-12-14,19.649999618530273,19.739999771118164,19.549999237060547,19.639999389648438,15.106027603149414,6500
2020-12-15,19.65999984741211,19.780000686645508,19.530000686645508,19.530000686645508,15.021419525146484,16300
2020-12-16,19.6200008392334,19.65999984741211,19.540000915527344,19.549999237060547,15.0368070602417,32800
2020-12-17,19.600000381469727,19.690000534057617,19.559999465942383,19.56999969482422,15.052186965942383,15800
2020-12-18,19.649999618530273,19.649999618530273,19.520000457763672,19.549999237060547,15.0368070602417,22500
2020-12-21,19.549999237060547,19.639999389648438,19.479999542236328,19.6200008392334,15.090639114379883,10400
2020-12-22,19.6299991607666,19.649999618530273,19.459999084472656,19.59000015258789,15.067571640014648,20900
2020-12-23,19.579999923706055,19.649999618530273,19.360000610351562,19.420000076293945,14.936819076538086,83600
2020-12-24,19.459999084472656,19.639999389648438,19.459999084472656,19.600000381469727,15.07525634765625,14000
2020-12-28,19.559999465942383,19.649999618530273,19.520000457763672,19.649999618530273,15.113714218139648,19900
2020-12-29,19.65999984741211,19.68000030517578,19.540000915527344,19.56999969482422,15.052186965942383,20200
2020-12-30,19.610000610351562,19.780000686645508,19.56999969482422,19.610000610351562,15.082948684692383,14900
2020-12-31,19.690000534057617,19.770000457763672,19.530000686645508,19.770000457763672,15.20602035522461,36200
2021-01-04,19.700000762939453,19.790000915527344,19.440000534057617,19.559999465942383,15.044493675231934,24500
2021-01-05,19.6299991607666,20.010000228881836,19.540000915527344,19.920000076293945,15.321386337280273,59600
2021-01-06,19.920000076293945,19.920000076293945,19.59000015258789,19.860000610351562,15.275237083435059,19500
2021-01-07,19.850000381469727,20.010000228881836,19.84000015258789,19.979999542236328,15.367532730102539,9900
2021-01-08,19.979999542236328,20.059999465942383,19.690000534057617,19.709999084472656,15.159873008728027,10900
2021-01-11,19.770000457763672,20.0,19.770000457763672,19.850000381469727,15.267548561096191,11700
2021-01-12,19.780000686645508,19.899999618530273,19.700000762939453,19.899999618530273,15.306004524230957,13600
2021-01-13,19.809999465942383,19.989999771118164,19.709999084472656,19.829999923706055,15.252161026000977,5300
2021-01-14,19.8700008392334,19.93000030517578,19.75,19.799999237060547,15.281490325927734,2700
2021-01-15,19.84000015258789,19.950000762939453,19.790000915527344,19.799999237060547,15.281490325927734,4400
2021-01-19,19.8799991607666,19.969999313354492,19.760000228881836,19.780000686645508,15.266057014465332,30300
2021-01-20,19.850000381469727,19.93000030517578,19.670000076293945,19.780000686645508,15.266057014465332,19500
2021-01-21,19.889999389648438,19.889999389648438,19.709999084472656,19.75,15.242899894714355,12800
2021-01-22,19.780000686645508,19.790000915527344,19.670000076293945,19.75,15.242899894714355,19900
2021-01-25,19.799999237060547,19.889999389648438,19.709999084472656,19.809999465942383,15.289207458496094,23400
2021-01-26,19.799999237060547,19.920000076293945,19.780000686645508,19.8799991607666,15.34323501586914,14000
2021-01-27,19.850000381469727,19.850000381469727,19.610000610351562,19.68000030517578,15.188876152038574,22900
2021-01-28,19.639999389648438,19.84000015258789,19.639999389648438,19.84000015258789,15.312363624572754,18500
2021-01-29,19.770000457763672,19.899999618530273,19.649999618530273,19.899999618530273,15.358671188354492,52000
2021-02-01,19.90999984741211,20.229999542236328,19.81999969482422,19.959999084472656,15.404982566833496,14900
2021-02-02,19.93000030517578,20.110000610351562,19.93000030517578,20.059999465942383,15.482161521911621,2400
2021-02-03,20.0,20.34000015258789,20.0,20.31999969482422,15.682823181152344,17600
2021-02-04,20.239999771118164,20.31999969482422,20.110000610351562,20.260000228881836,15.636516571044922,18300
2021-02-05,20.309999465942383,20.399999618530273,20.149999618530273,20.360000610351562,15.713695526123047,16300
2021-02-08,20.389999389648438,20.389999389648438,20.299999237060547,20.360000610351562,15.713695526123047,4100
2021-02-09,20.299999237060547,20.360000610351562,20.280000686645508,20.280000686645508,15.651960372924805,19800
2021-02-10,20.350000381469727,20.350000381469727,20.18000030517578,20.290000915527344,15.659673690795898,28400
2021-02-11,20.239999771118164,20.450000762939453,20.219999313354492,20.350000381469727,15.758793830871582,43200
2021-02-12,20.420000076293945,20.420000076293945,20.260000228881836,20.399999618530273,15.79751205444336,23200
2021-02-16,20.399999618530273,20.440000534057617,20.25,20.34000015258789,15.751047134399414,10800
2021-02-17,20.34000015258789,20.59000015258789,20.239999771118164,20.510000228881836,15.882694244384766,13700
2021-02-18,20.5,20.5,20.260000228881836,20.43000030517578,15.820746421813965,10800
2021-02-19,20.479999542236328,20.479999542236328,20.329999923706055,20.440000534057617,15.82848834991455,4900
2021-02-22,20.399999618530273,20.489999771118164,20.31999969482422,20.389999389648438,15.789770126342773,14800
2021-02-23,20.389999389648438,20.43000030517578,20.229999542236328,20.389999389648438,15.789770126342773,26500
2021-02-24,20.420000076293945,20.440000534057617,20.309999465942383,20.43000030517578,15.820746421813965,7400
2021-02-25,20.40999984741211,20.40999984741211,20.239999771118164,20.239999771118164,15.673606872558594,12500
2021-02-26,20.290000915527344,20.290000915527344,20.1200008392334,20.280000686645508,15.70458984375,21100
2021-03-01,20.25,20.670000076293945,20.239999771118164,20.350000381469727,15.758793830871582,14500
2021-03-02,20.399999618530273,20.600000381469727,20.299999237060547,20.399999618530273,15.79751205444336,11800
2021-03-03,20.399999618530273,20.639999389648438,20.31999969482422,20.389999389648438,15.789770126342773,18500
2021-03-04,20.389999389648438,20.489999771118164,20.329999923706055,20.3799991607666,15.782023429870605,43300
2021-03-05,20.270000457763672,20.399999618530273,19.979999542236328,20.399999618530273,15.79751205444336,16100
2021-03-08,20.389999389648438,20.65999984741211,20.209999084472656,20.43000030517578,15.820746421813965,12700
2021-03-09,20.450000762939453,20.75,20.299999237060547,20.5,15.874948501586914,11600
2021-03-10,20.510000228881836,20.610000610351562,20.309999465942383,20.450000762939453,15.83623218536377,7600
2021-03-11,20.479999542236328,20.739999771118164,20.479999542236328,20.739999771118164,16.06080436706543,11300
2021-03-12,20.579999923706055,20.639999389648438,20.34000015258789,20.6200008392334,16.032028198242188,20600
2021-03-15,20.6200008392334,20.6200008392334,20.43000030517578,20.530000686645508,15.96205997467041,14600
2021-03-16,20.549999237060547,20.700000762939453,20.510000228881836,20.700000762939453,16.0942325592041,14500
2021-03-17,20.6200008392334,20.649999618530273,20.530000686645508,20.639999389648438,16.047582626342773,5400
2021-03-18,20.6200008392334,20.6200008392334,20.270000457763672,20.469999313354492,15.915410995483398,4800
2021-03-19,20.34000015258789,20.600000381469727,20.229999542236328,20.530000686645508,15.96205997467041,75400
2021-03-22,20.479999542236328,20.59000015258789,20.479999542236328,20.520000457763672,15.95428466796875,8600
2021-03-23,20.479999542236328,20.56999969482422,20.469999313354492,20.469999313354492,15.915410995483398,4300
2021-03-24,20.450000762939453,20.75,20.450000762939453,20.489999771118164,15.930959701538086,7000
2021-03-25,20.389999389648438,20.540000915527344,20.389999389648438,20.459999084472656,15.907629013061523,5500
2021-03-26,20.719999313354492,20.729999542236328,20.450000762939453,20.479999542236328,15.92318344116211,8300
2021-03-29,20.540000915527344,20.600000381469727,20.360000610351562,20.559999465942383,15.985384941101074,5000
2021-03-30,20.540000915527344,20.719999313354492,20.40999984741211,20.719999313354492,16.109783172607422,11600
2021-03-31,20.719999313354492,21.049999237060547,20.469999313354492,20.75,16.13310432434082,11000
2021-04-01,20.899999618530273,20.920000076293945,20.510000228881836,20.729999542236328,16.117563247680664,16400
2021-04-05,20.770000457763672,21.0,20.649999618530273,20.729999542236328,16.117563247680664,12900
2021-04-06,20.75,20.75,20.639999389648438,20.639999389648438,16.047582626342773,10700
2021-04-07,20.670000076293945,20.940000534057617,20.670000076293945,20.920000076293945,16.26527976989746,16100
2021-04-08,21.0,21.0,20.899999618530273,20.959999084472656,16.296382904052734,37000
2021-04-09,20.989999771118164,21.100000381469727,20.93000030517578,21.100000381469727,16.405244827270508,5900
2021-04-12,21.149999618530273,21.81999969482422,21.100000381469727,21.299999237060547,16.560728073120117,15000
2021-04-13,21.299999237060547,21.360000610351562,21.200000762939453,21.25,16.52185821533203,53100
2021-04-14,21.229999542236328,21.270000457763672,21.020000457763672,21.260000228881836,16.59445571899414,31900
2021-04-15,21.260000228881836,21.350000381469727,21.06999969482422,21.290000915527344,16.617868423461914,33200
2021-04-16,21.31999969482422,21.31999969482422,20.899999618530273,21.209999084472656,16.555423736572266,6300
2021-04-19,21.209999084472656,21.299999237060547,20.719999313354492,21.010000228881836,16.399311065673828,4300
2021-04-20,21.06999969482422,21.34000015258789,20.790000915527344,21.010000228881836,16.399311065673828,12900
2021-04-21,21.030000686645508,21.079999923706055,20.940000534057617,21.079999923706055,16.453954696655273,4000
2021-04-22,21.040000915527344,21.110000610351562,20.780000686645508,20.81999969482422,16.25101661682129,20100
2021-04-23,20.889999389648438,21.0,20.799999237060547,20.959999084472656,16.36028480529785,22300
2021-04-26,20.969999313354492,20.969999313354492,20.8799991607666,20.920000076293945,16.32906150817871,4800
2021-04-27,20.940000534057617,20.979999542236328,20.770000457763672,20.780000686645508,16.21978759765625,5500
2021-04-28,20.8799991607666,20.959999084472656,20.799999237060547,20.959999084472656,16.36028480529785,14300
2021-04-29,20.969999313354492,21.06999969482422,20.93000030517578,20.959999084472656,16.36028480529785,5600
2021-04-30,21.030000686645508,21.200000762939453,20.969999313354492,21.190000534057617,16.539812088012695,3300
2021-05-03,21.290000915527344,21.350000381469727,21.18000030517578,21.190000534057617,16.539812088012695,8100
2021-05-04,21.239999771118164,21.239999771118164,21.059999465942383,21.18000030517578,16.532007217407227,8400
2021-05-05,21.18000030517578,21.309999465942383,20.829999923706055,21.229999542236328,16.571029663085938,16600
2021-05-06,21.1299991607666,21.329999923706055,21.1299991607666,21.239999771118164,16.57883644104004,5500
2021-05-07,21.31999969482422,21.31999969482422,20.940000534057617,21.149999618530273,16.508594512939453,15100
2021-05-10,21.079999923706055,21.25,21.0,21.049999237060547,16.4305362701416,10400
2021-05-11,21.149999618530273,21.18000030517578,20.959999084472656,20.969999313354492,16.368087768554688,10200
2021-05-12,20.959999084472656,21.06999969482422,20.739999771118164,20.81999969482422,16.25101661682129,5600
2021-05-13,20.790000915527344,20.889999389648438,20.739999771118164,20.809999465942383,16.3082218170166,3500
2021-05-14,20.850000381469727,20.889999389648438,20.739999771118164,20.81999969482422,16.316055297851562,5200
2021-05-17,20.90999984741211,20.90999984741211,20.790000915527344,20.829999923706055,16.323894500732422,5600
2021-05-18,20.850000381469727,20.940000534057617,20.850000381469727,20.90999984741211,16.386585235595703,3000
2021-05-19,20.90999984741211,20.989999771118164,20.90999984741211,20.920000076293945,16.3944149017334,6500
2021-05-20,20.920000076293945,20.920000076293945,20.860000610351562,20.90999984741211,16.386585235595703,4800
2021-05-21,20.920000076293945,20.920000076293945,20.889999389648438,20.899999618530273,16.378746032714844,2600
2021-05-24,20.920000076293945,20.920000076293945,20.700000762939453,20.8700008392334,16.355243682861328,21600
2021-05-25,20.850000381469727,20.8799991607666,20.799999237060547,20.84000015258789,16.331727981567383,8800
2021-05-26,20.860000610351562,20.920000076293945,20.860000610351562,20.899999618530273,16.378746032714844,4900
2021-05-27,20.90999984741211,20.950000762939453,20.889999389648438,20.950000762939453,16.417932510375977,15800
2021-05-28,20.959999084472656,20.979999542236328,20.899999618530273,20.979999542236328,16.441448211669922,4000
2021-06-01,21.040000915527344,21.1299991607666,21.020000457763672,21.1299991607666,16.55898666381836,7200
2021-06-02,21.110000610351562,21.149999618530273,21.020000457763672,21.020000457763672,16.472787857055664,2600
2021-06-03,21.049999237060547,21.100000381469727,20.969999313354492,21.09000015258789,16.527652740478516,11300
2021-06-04,21.09000015258789,21.100000381469727,21.06999969482422,21.06999969482422,16.5119686126709,11300
2021-06-07,21.100000381469727,21.100000381469727,21.0,21.100000381469727,16.53548812866211,6300
2021-06-08,21.06999969482422,21.1299991607666,21.020000457763672,21.1299991607666,16.55898666381836,12800
2021-06-09,21.149999618530273,21.149999618530273,21.139999389648438,21.139999389648438,16.56682586669922,2000
2021-06-10,21.09000015258789,21.149999618530273,21.040000915527344,21.09000015258789,16.527652740478516,6800
2021-06-11,21.100000381469727,21.100000381469727,21.010000228881836,21.020000457763672,16.472787857055664,14000
2021-06-14,20.889999389648438,21.040000915527344,20.75,20.8700008392334,16.42007827758789,17600
2021-06-15,20.8700008392334,21.09000015258789,20.6200008392334,20.65999984741211,16.25484848022461,68800
2021-06-16,20.709999084472656,20.8700008392334,20.709999084472656,20.75,16.325664520263672,14800
2021-06-17,20.709999084472656,20.8799991607666,20.709999084472656,20.84000015258789,16.396472930908203,26300
2021-06-18,20.860000610351562,20.93000030517578,20.549999237060547,20.799999237060547,16.36499786376953,18000
2021-06-21,20.81999969482422,20.889999389648438,20.780000686645508,20.8700008392334,16.42007827758789,3900
2021-06-22,20.889999389648438,20.979999542236328,20.690000534057617,20.809999465942383,16.37286949157715,29700
2021-06-23,20.850000381469727,20.899999618530273,20.75,20.75,16.325664520263672,22700
2021-06-24,20.799999237060547,20.920000076293945,20.780000686645508,20.829999923706055,16.388601303100586,4300
2021-06-25,20.8799991607666,20.989999771118164,20.84000015258789,20.8799991607666,16.427942276000977,4600
2021-06-28,20.920000076293945,21.0,20.84000015258789,20.959999084472656,16.490886688232422,12000
2021-06-29,20.959999084472656,21.049999237060547,20.75,21.040000915527344,16.55382537841797,16200
2021-06-30,21.049999237060547,21.079999923706055,20.8700008392334,20.889999389648438,16.435810089111328,111700
2021-07-01,20.989999771118164,21.110000610351562,20.979999542236328,21.06999969482422,16.577434539794922,17700
2021-07-02,21.100000381469727,21.309999465942383,21.09000015258789,21.309999465942383,16.766260147094727,13600
2021-07-06,21.309999465942383,21.329999923706055,21.06999969482422,21.06999969482422,16.577434539794922,10900
2021-07-07,21.15999984741211,21.209999084472656,21.100000381469727,21.1299991607666,16.624635696411133,3800
2021-07-08,21.190000534057617,21.190000534057617,21.079999923706055,21.1299991607666,16.624635696411133,4700
2021-07-09,21.15999984741211,21.219999313354492,21.100000381469727,21.110000610351562,16.608901977539062,10800
2021-07-12,21.110000610351562,21.260000228881836,21.06999969482422,21.06999969482422,16.577434539794922,21600
2021-07-13,21.110000610351562,21.15999984741211,21.06999969482422,21.100000381469727,16.60103416442871,13900
2021-07-14,21.059999465942383,21.059999465942383,20.989999771118164,21.030000686645508,16.61130142211914,3400
2021-07-15,20.959999084472656,21.100000381469727,20.799999237060547,20.8799991607666,16.49281883239746,8700
2021-07-16,20.889999389648438,20.979999542236328,20.809999465942383,20.809999465942383,16.437532424926758,6900
2021-07-19,20.809999465942383,20.959999084472656,20.739999771118164,20.959999084472656,16.556011199951172,6900
2021-07-20,20.950000762939453,21.06999969482422,20.850000381469727,20.860000610351562,16.477025985717773,9700
2021-07-21,20.959999084472656,21.020000457763672,20.6299991607666,20.8799991607666,16.49281883239746,12000
2021-07-22,20.889999389648438,20.93000030517578,20.65999984741211,20.829999923706055,16.453323364257812,15800
2021-07-23,20.850000381469727,20.950000762939453,20.719999313354492,20.809999465942383,16.437532424926758,18100
2021-07-26,20.75,21.06999969482422,20.75,20.809999465942383,16.437532424926758,10200
2021-07-27,20.829999923706055,20.829999923706055,20.729999542236328,20.760000228881836,16.39803123474121,23400
2021-07-28,20.75,20.959999084472656,20.75,20.850000381469727,16.4691219329834,14500
2021-07-29,20.84000015258789,20.989999771118164,20.799999237060547,20.920000076293945,16.524415969848633,12800
2021-07-30,20.850000381469727,21.010000228881836,20.809999465942383,20.90999984741211,16.51651382446289,26400
2021-08-02,20.940000534057617,20.950000762939453,20.84000015258789,20.860000610351562,16.477025985717773,8200
2021-08-03,20.899999618530273,21.030000686645508,20.860000610351562,21.030000686645508,16.61130142211914,4000
2021-08-04,21.049999237060547,21.100000381469727,21.040000915527344,21.09000015258789,16.658695220947266,5400
2021-08-05,21.09000015258789,21.209999084472656,21.079999923706055,21.209999084472656,16.75347900390625,5800
2021-08-06,21.139999389648438,21.229999542236328,21.09000015258789,21.1200008392334,16.68239402770996,4200
2021-08-09,21.09000015258789,21.31999969482422,21.09000015258789,21.31999969482422,16.84036636352539,11300
2021-08-10,21.31999969482422,21.43000030517578,21.270000457763672,21.309999465942383,16.832473754882812,28800
2021-08-11,21.469999313354492,21.489999771118164,21.329999923706055,21.399999618530273,16.903562545776367,22800
2021-08-12,21.399999618530273,21.399999618530273,21.229999542236328,21.239999771118164,16.84250259399414,28800
2021-08-13,21.309999465942383,21.399999618530273,21.25,21.3700008392334,16.94559097290039,8400
2021-08-16,21.399999618530273,21.399999618530273,21.170000076293945,21.239999771118164,16.84250259399414,3000
2021-08-17,21.209999084472656,21.290000915527344,21.06999969482422,21.139999389648438,16.76321029663086,9400
2021-08-18,21.100000381469727,21.25,21.06999969482422,21.079999923706055,16.71562957763672,7900
2021-08-19,20.940000534057617,21.149999618530273,20.940000534057617,21.149999618530273,16.771135330200195,13700
2021-08-20,21.09000015258789,21.239999771118164,21.079999923706055,21.219999313354492,16.82664680480957,14700
2021-08-23,21.219999313354492,21.31999969482422,21.100000381469727,21.170000076293945,16.7869930267334,7500
2021-08-24,21.170000076293945,21.229999542236328,21.010000228881836,21.06999969482422,16.707704544067383,24500
2021-08-25,21.100000381469727,21.100000381469727,21.030000686645508,21.040000915527344,16.683908462524414,7500
2021-08-26,21.06999969482422,21.06999969482422,20.850000381469727,20.920000076293945,16.58875274658203,14500
2021-08-27,20.940000534057617,20.969999313354492,20.84000015258789,20.860000610351562,16.541181564331055,13400
2021-08-30,20.920000076293945,20.959999084472656,20.860000610351562,20.90999984741211,16.58082389831543,14800
2021-08-31,20.950000762939453,20.959999084472656,20.8700008392334,20.899999618530273,16.57289695739746,13200
2021-09-01,20.979999542236328,21.0,20.93000030517578,20.940000534057617,16.604612350463867,12800
2021-09-02,20.93000030517578,21.100000381469727,20.93000030517578,21.100000381469727,16.731489181518555,7400
2021-09-03,21.030000686645508,21.030000686645508,20.899999618530273,20.899999618530273,16.57289695739746,6600
2021-09-07,20.940000534057617,21.09000015258789,20.920000076293945,21.049999237060547,16.69184112548828,4100
2021-09-08,20.979999542236328,21.09000015258789,20.979999542236328,20.989999771118164,16.64426612854004,5600
2021-09-09,21.0,21.149999618530273,21.0,21.139999389648438,16.76321029663086,6500
2021-09-10,21.1200008392334,21.25,21.049999237060547,21.25,16.85043716430664,4000
2021-09-13,21.209999084472656,21.219999313354492,21.200000762939453,21.219999313354492,16.82664680480957,1900
2021-09-14,21.15999984741211,21.229999542236328,21.040000915527344,21.149999618530273,16.83698844909668,3200
2021-09-15,21.06999969482422,21.219999313354492,21.06999969482422,21.1299991607666,16.821069717407227,12300
2021-09-16,21.020000457763672,21.25,21.010000228881836,21.229999542236328,16.90067481994629,5700
2021-09-17,21.149999618530273,21.200000762939453,21.149999618530273,21.200000762939453,16.876798629760742,900
2021-09-20,21.149999618530273,21.149999618530273,21.040000915527344,21.1299991607666,16.821069717407227,3900
2021-09-21,21.170000076293945,21.299999237060547,21.030000686645508,21.200000762939453,16.876798629760742,6900
2021-09-22,21.209999084472656,21.239999771118164,21.139999389648438,21.239999771118164,16.90863800048828,2700
2021-09-23,21.229999542236328,21.239999771118164,21.1200008392334,21.170000076293945,16.852916717529297,4800
2021-09-24,21.219999313354492,21.239999771118164,21.200000762939453,21.229999542236328,16.90067481994629,8400
2021-09-27,21.239999771118164,21.239999771118164,21.06999969482422,21.200000762939453,16.876798629760742,11600
2021-09-28,21.15999984741211,21.15999984741211,20.850000381469727,20.90999984741211,16.645936965942383,11200
2021-09-29,20.959999084472656,21.06999969482422,20.549999237060547,20.549999237060547,16.359346389770508,56600
2021-09-30,20.639999389648438,20.770000457763672,20.600000381469727,20.75,16.518564224243164,33500
2021-10-01,20.790000915527344,20.829999923706055,20.760000228881836,20.829999923706055,16.58224868774414,6600
2021-10-04,20.829999923706055,20.950000762939453,20.799999237060547,20.899999618530273,16.63797950744629,5700
2021-10-05,20.940000534057617,20.940000534057617,20.799999237060547,20.799999237060547,16.558364868164062,3800
2021-10-06,20.90999984741211,20.979999542236328,20.889999389648438,20.979999542236328,16.70166015625,2400
2021-10-07,20.940000534057617,21.0,20.8700008392334,20.989999771118164,16.709619522094727,1600
2021-10-08,20.920000076293945,20.920000076293945,20.90999984741211,20.920000076293945,16.65389633178711,5500
2021-10-11,20.889999389648438,21.0,20.889999389648438,21.0,16.71758270263672,1500
2021-10-12,20.989999771118164,20.989999771118164,20.920000076293945,20.959999084472656,16.685741424560547,2700
2021-10-13,20.959999084472656,21.010000228881836,20.899999618530273,21.0,16.71758270263672,5800
2021-10-14,20.93000030517578,21.079999923706055,20.649999618530273,21.020000457763672,16.799903869628906,4200
2021-10-15,20.920000076293945,21.1200008392334,20.920000076293945,21.110000610351562,16.8718318939209,15400
2021-10-18,21.030000686645508,21.040000915527344,20.959999084472656,21.030000686645508,16.807899475097656,2300
2021-10-19,20.979999542236328,21.209999084472656,20.950000762939453,21.139999389648438,16.895811080932617,19400
2021-10-20,21.200000762939453,21.299999237060547,21.0,21.0,16.783918380737305,51000
2021-10-21,21.079999923706055,21.079999923706055,20.8799991607666,20.989999771118164,16.775922775268555,28300
2021-10-22,20.979999542236328,21.100000381469727,20.979999542236328,21.100000381469727,16.863840103149414,5400
2021-10-25,21.100000381469727,21.15999984741211,21.0,21.100000381469727,16.863840103149414,9000
2021-10-26,21.1299991607666,21.280000686645508,21.110000610351562,21.18000030517578,16.927780151367188,12600
2021-10-27,21.229999542236328,21.34000015258789,21.229999542236328,21.329999923706055,17.04766845703125,6000
2021-10-28,21.299999237060547,21.350000381469727,21.149999618530273,21.350000381469727,17.063650131225586,14900
2021-10-29,21.299999237060547,21.299999237060547,21.030000686645508,21.299999237060547,17.023693084716797,8900
2021-11-01,21.18000030517578,21.290000915527344,21.18000030517578,21.25,16.983726501464844,14800
2021-11-02,21.290000915527344,21.290000915527344,21.1299991607666,21.1299991607666,16.887815475463867,4300
2021-11-03,21.18000030517578,21.280000686645508,21.15999984741211,21.229999542236328,16.96773910522461,3200
2021-11-04,21.260000228881836,21.270000457763672,21.18000030517578,21.190000534057617,16.935773849487305,2800
2021-11-05,21.280000686645508,21.299999237060547,21.139999389648438,21.239999771118164,16.975736618041992,9100
2021-11-08,21.299999237060547,21.299999237060547,21.09000015258789,21.100000381469727,16.863840103149414,7000
2021-11-09,21.15999984741211,21.239999771118164,21.1299991607666,21.200000762939453,16.943767547607422,5100
2021-11-10,21.229999542236328,21.280000686645508,21.010000228881836,21.049999237060547,16.823877334594727,18700
2021-11-11,21.110000610351562,21.1200008392334,21.010000228881836,21.040000915527344,16.815887451171875,5300
2021-11-12,21.030000686645508,21.030000686645508,20.8700008392334,20.950000762939453,16.810272216796875,2500
2021-11-15,20.969999313354492,21.010000228881836,20.920000076293945,20.940000534057617,16.802244186401367,3500
2021-11-16,20.950000762939453,21.010000228881836,20.8700008392334,21.010000228881836,16.858413696289062,2100
2021-11-17,21.010000228881836,21.010000228881836,20.940000534057617,20.969999313354492,16.826318740844727,1400
2021-11-18,20.969999313354492,20.969999313354492,20.780000686645508,20.81999969482422,16.705963134765625,13200
2021-11-19,20.8700008392334,20.899999618530273,20.799999237060547,20.850000381469727,16.730026245117188,7300
2021-11-22,20.8700008392334,20.93000030517578,20.829999923706055,20.850000381469727,16.730026245117188,5400
2021-11-23,20.829999923706055,21.0,20.510000228881836,20.600000381469727,16.529434204101562,23900
2021-11-24,20.639999389648438,20.969999313354492,20.639999389648438,20.969999313354492,16.826318740844727,9300
2021-11-26,20.90999984741211,20.969999313354492,20.90999984741211,20.93000030517578,16.794225692749023,1700
2021-11-29,20.829999923706055,21.010000228881836,20.829999923706055,21.010000228881836,16.858413696289062,3200
2021-11-30,21.030000686645508,21.030000686645508,20.90999984741211,20.989999771118164,16.84236717224121,3200
2021-12-01,21.0,21.030000686645508,20.81999969482422,20.84000015258789,16.72200584411621,7700
2021-12-02,20.860000610351562,20.989999771118164,20.799999237060547,20.969999313354492,16.826318740844727,5100
2021-12-03,20.969999313354492,20.969999313354492,20.850000381469727,20.850000381469727,16.730026245117188,5800
2021-12-06,20.889999389648438,21.020000457763672,20.829999923706055,20.959999084472656,16.818296432495117,5300
2021-12-07,21.049999237060547,21.049999237060547,20.81999969482422,20.8799991607666,16.75410270690918,6200
2021-12-08,20.760000228881836,20.799999237060547,20.700000762939453,20.75,16.649791717529297,12200
2021-12-09,20.75,20.950000762939453,20.739999771118164,20.920000076293945,16.78619956970215,4800
2021-12-10,20.90999984741211,20.90999984741211,20.860000610351562,20.8700008392334,16.74608039855957,1900
2021-12-13,20.899999618530273,21.100000381469727,20.889999389648438,20.979999542236328,16.83434295654297,7700
2021-12-14,20.93000030517578,20.979999542236328,20.860000610351562,20.889999389648438,16.828699111938477,53100
2021-12-15,20.8799991607666,20.920000076293945,20.760000228881836,20.829999923706055,16.780366897583008,32000
2021-12-16,20.84000015258789,21.030000686645508,20.790000915527344,21.030000686645508,16.94148826599121,15500
2021-12-17,21.010000228881836,21.010000228881836,20.889999389648438,20.93000030517578,16.860929489135742,5300
2021-12-20,20.950000762939453,20.950000762939453,20.530000686645508,20.68000030517578,16.659528732299805,24900
2021-12-21,20.719999313354492,20.81999969482422,20.510000228881836,20.760000228881836,16.723974227905273,43100
2021-12-22,20.760000228881836,20.950000762939453,20.700000762939453,20.899999618530273,16.836763381958008,23900
2021-12-23,20.850000381469727,20.940000534057617,20.579999923706055,20.799999237060547,16.756195068359375,5700
2021-12-27,20.790000915527344,20.959999084472656,20.790000915527344,20.899999618530273,16.836763381958008,12900
2021-12-28,20.950000762939453,21.030000686645508,20.950000762939453,20.969999313354492,16.89314842224121,5700
2021-12-29,20.920000076293945,20.989999771118164,20.729999542236328,20.979999542236328,16.90120506286621,3400
2021-12-30,20.979999542236328,20.979999542236328,20.75,20.829999923706055,16.780366897583008,7400
2021-12-31,20.8799991607666,20.959999084472656,20.850000381469727,20.959999084472656,16.885093688964844,9300
2022-01-03,20.899999618530273,20.969999313354492,20.899999618530273,20.93000030517578,16.860929489135742,2500
2022-01-04,20.889999389648438,20.940000534057617,20.850000381469727,20.940000534057617,16.86897850036621,3000
2022-01-05,20.959999084472656,21.399999618530273,20.959999084472656,21.040000915527344,16.949546813964844,18700
2022-01-06,21.079999923706055,21.209999084472656,20.809999465942383,21.15999984741211,17.04621124267578,3500
2022-01-07,21.15999984741211,21.18000030517578,20.8799991607666,20.8799991607666,16.82064437866211,2400
2022-01-10,20.950000762939453,21.139999389648438,20.729999542236328,20.729999542236328,16.69980812072754,5700
2022-01-11,20.860000610351562,20.93000030517578,20.729999542236328,20.790000915527344,16.74814796447754,5100
2022-01-12,20.850000381469727,20.850000381469727,20.639999389648438,20.780000686645508,16.74008560180664,12400
2022-01-13,20.860000610351562,20.860000610351562,20.579999923706055,20.579999923706055,16.645458221435547,6200
2022-01-14,20.6299991607666,20.6299991607666,20.43000030517578,20.520000457763672,16.596933364868164,4900
2022-01-18,20.420000076293945,20.510000228881836,20.280000686645508,20.360000610351562,16.46751594543457,7800
2022-01-19,20.309999465942383,20.399999618530273,20.290000915527344,20.360000610351562,16.46751594543457,11100
2022-01-20,20.31999969482422,20.520000457763672,20.31999969482422,20.40999984741211,16.507957458496094,12100
2022-01-21,20.34000015258789,20.579999923706055,20.290000915527344,20.350000381469727,16.459430694580078,6000
2022-01-24,20.350000381469727,20.350000381469727,19.520000457763672,20.0,16.176340103149414,11500
2022-01-25,19.8799991607666,20.049999237060547,19.790000915527344,19.940000534057617,16.1278133392334,6500
2022-01-26,19.979999542236328,20.079999923706055,19.959999084472656,20.0,16.176340103149414,58900
2022-01-27,20.0,20.110000610351562,20.0,20.079999923706055,16.24104881286621,3200
2022-01-28,20.010000228881836,20.239999771118164,20.0,20.06999969482422,16.232959747314453,2100
2022-01-31,20.020000457763672,20.1200008392334,20.020000457763672,20.079999923706055,16.24104881286621,7900
2022-02-01,20.09000015258789,20.1200008392334,19.979999542236328,20.06999969482422,16.232959747314453,9200
2022-02-02,20.079999923706055,20.1200008392334,19.940000534057617,19.979999542236328,16.16016387939453,13800
2022-02-03,19.93000030517578,20.0,19.700000762939453,19.770000457763672,15.990314483642578,15200
2022-02-04,19.670000076293945,19.799999237060547,19.440000534057617,19.450000762939453,15.73149299621582,17600
2022-02-07,19.459999084472656,19.739999771118164,19.34000015258789,19.440000534057617,15.723404884338379,16600
2022-02-08,19.40999984741211,19.549999237060547,19.40999984741211,19.510000228881836,15.780027389526367,31500
2022-02-09,19.489999771118164,19.56999969482422,19.469999313354492,19.489999771118164,15.763849258422852,21500
2022-02-10,19.479999542236328,19.520000457763672,19.139999389648438,19.15999984741211,15.496936798095703,13600
2022-02-11,19.309999465942383,19.329999923706055,19.06999969482422,19.110000610351562,15.45649528503418,14600
2022-02-14,18.959999084472656,19.100000381469727,18.729999542236328,18.75,15.231476783752441,21500
2022-02-15,18.670000076293945,18.940000534057617,18.670000076293945,18.899999618530273,15.353327751159668,17700
2022-02-16,18.899999618530273,19.139999389648438,18.899999618530273,19.139999389648438,15.548290252685547,10500
2022-02-17,19.25,19.40999984741211,18.989999771118164,19.020000457763672,15.450807571411133,12400
2022-02-18,19.020000457763672,19.200000762939453,19.010000228881836,19.020000457763672,15.450807571411133,11500
2022-02-22,18.899999618530273,19.100000381469727,18.899999618530273,19.040000915527344,15.467057228088379,15900
2022-02-23,19.0,19.100000381469727,18.989999771118164,19.049999237060547,15.475176811218262,9100
2022-02-24,18.850000381469727,18.979999542236328,18.700000762939453,18.809999465942383,15.280217170715332,15800
2022-02-25,18.780000686645508,19.209999084472656,18.780000686645508,19.209999084472656,15.605154991149902,8100
2022-02-28,19.040000915527344,19.299999237060547,18.90999984741211,19.149999618530273,15.556415557861328,13800
2022-03-01,19.389999389648438,19.389999389648438,18.940000534057617,18.940000534057617,15.385817527770996,6200
2022-03-02,19.030000686645508,19.229999542236328,18.989999771118164,18.989999771118164,15.426438331604004,6500
2022-03-03,18.889999389648438,19.139999389648438,18.8799991607666,19.110000610351562,15.523919105529785,18300
2022-03-04,19.06999969482422,19.09000015258789,18.989999771118164,19.049999237060547,15.475176811218262,4800
2022-03-07,18.899999618530273,18.979999542236328,18.889999389648438,18.889999389648438,15.345210075378418,2500
2022-03-08,18.889999389648438,18.889999389648438,18.6200008392334,18.760000228881836,15.23960018157959,12900
2022-03-09,18.729999542236328,18.739999771118164,18.65999984741211,18.68000030517578,15.174613952636719,8700
2022-03-10,18.719999313354492,18.719999313354492,18.59000015258789,18.649999618530273,15.150236129760742,5200
2022-03-11,18.6299991607666,18.639999389648438,18.600000381469727,18.600000381469727,15.109623908996582,1700
2022-03-14,18.540000915527344,18.540000915527344,18.290000915527344,18.31999969482422,14.948875427246094,10500
2022-03-15,18.329999923706055,18.399999618530273,18.290000915527344,18.299999237060547,14.9325590133667,8900
2022-03-16,18.280000686645508,18.440000534057617,18.229999542236328,18.260000228881836,14.89991569519043,21200
2022-03-17,18.190000534057617,18.5,18.190000534057617,18.34000015258789,14.965194702148438,6400
2022-03-18,18.40999984741211,18.40999984741211,18.270000457763672,18.389999389648438,15.005993843078613,5100
2022-03-21,18.290000915527344,18.3799991607666,18.290000915527344,18.3700008392334,14.989675521850586,4000
2022-03-22,18.360000610351562,18.360000610351562,18.25,18.290000915527344,14.924396514892578,5400
2022-03-23,18.229999542236328,18.229999542236328,18.149999618530273,18.149999618530273,14.810158729553223,8400
2022-03-24,18.170000076293945,18.209999084472656,18.049999237060547,18.18000030517578,14.834636688232422,5700
2022-03-25,18.170000076293945,18.170000076293945,17.8700008392334,17.8700008392334,14.581684112548828,8700
2022-03-28,17.93000030517578,17.969999313354492,17.809999465942383,17.84000015258789,14.557198524475098,8000
2022-03-29,17.790000915527344,18.100000381469727,17.790000915527344,18.100000381469727,14.769355773925781,10700
2022-03-30,18.100000381469727,18.18000030517578,18.059999465942383,18.09000015258789,14.761198043823242,10800
2022-03-31,18.09000015258789,18.280000686645508,18.09000015258789,18.260000228881836,14.89991569519043,5700
2022-04-01,18.270000457763672,18.469999313354492,18.09000015258789,18.350000381469727,14.97335433959961,19100
2022-04-04,18.31999969482422,18.479999542236328,18.31999969482422,18.43000030517578,15.0386323928833,6500
2022-04-05,18.399999618530273,18.399999618530273,18.309999465942383,18.34000015258789,14.965194702148438,9300
2022-04-06,18.309999465942383,18.309999465942383,17.889999389648438,18.219999313354492,14.86727523803711,4800
2022-04-07,18.209999084472656,18.329999923706055,18.030000686645508,18.139999389648438,14.801998138427734,8400
2022-04-08,18.1299991607666,18.329999923706055,18.06999969482422,18.139999389648438,14.801998138427734,10900
2022-04-11,18.079999923706055,18.1299991607666,17.809999465942383,17.8700008392334,14.581684112548828,6900
2022-04-12,17.889999389648438,18.010000228881836,17.799999237060547,17.90999984741211,14.614317893981934,7300
2022-04-13,17.829999923706055,17.90999984741211,17.770000457763672,17.850000381469727,14.633176803588867,15600
2022-04-14,17.81999969482422,17.959999084472656,17.75,17.760000228881836,14.5593900680542,5400
2022-04-18,17.729999542236328,17.770000457763672,17.709999084472656,17.729999542236328,14.53480339050293,12400
2022-04-19,17.770000457763672,17.770000457763672,17.729999542236328,17.729999542236328,14.53480339050293,8900
2022-04-20,17.760000228881836,18.200000762939453,17.709999084472656,17.889999389648438,14.665966033935547,10800
2022-04-21,17.8799991607666,17.979999542236328,17.540000915527344,17.649999618530273,14.469219207763672,40100
2022-04-22,17.649999618530273,17.760000228881836,17.649999618530273,17.649999618530273,14.469219207763672,18800
2022-04-25,17.649999618530273,17.81999969482422,17.649999618530273,17.700000762939453,14.51020622253418,7400
2022-04-26,17.739999771118164,17.809999465942383,17.700000762939453,17.790000915527344,14.58398723602295,6800
2022-04-27,17.700000762939453,17.75,17.670000076293945,17.690000534057617,14.5020112991333,3200
2022-04-28,17.670000076293945,17.729999542236328,17.65999984741211,17.709999084472656,14.518406867980957,37700
2022-04-29,17.670000076293945,17.739999771118164,17.649999618530273,17.700000762939453,14.51020622253418,13000
2022-05-02,17.700000762939453,17.700000762939453,17.600000381469727,17.649999618530273,14.469219207763672,26900
2022-05-03,17.639999389648438,17.829999923706055,17.610000610351562,17.639999389648438,14.461014747619629,6800
2022-05-04,17.610000610351562,17.670000076293945,17.549999237060547,17.649999618530273,14.469219207763672,20000
2022-05-05,17.579999923706055,17.649999618530273,16.959999084472656,17.190000534057617,14.092116355895996,91800
2022-05-06,17.15999984741211,17.299999237060547,17.15999984741211,17.25,14.141302108764648,6200
2022-05-09,17.190000534057617,17.40999984741211,17.190000534057617,17.3700008392334,14.239679336547852,11900
2022-05-10,17.360000610351562,17.40999984741211,17.209999084472656,17.360000610351562,14.23148250579834,10300
2022-05-11,17.229999542236328,17.290000915527344,17.190000534057617,17.25,14.141302108764648,15200
2022-05-12,17.190000534057617,17.329999923706055,17.139999389648438,17.280000686645508,14.234389305114746,11700
2022-05-13,17.229999542236328,17.329999923706055,17.229999542236328,17.260000228881836,14.217913627624512,2500
2022-05-16,17.219999313354492,17.25,17.1200008392334,17.1200008392334,14.102587699890137,6500
2022-05-17,17.1200008392334,17.260000228881836,17.1200008392334,17.260000228881836,14.217913627624512,2100
2022-05-18,17.049999237060547,17.18000030517578,17.020000457763672,17.1299991607666,14.110822677612305,20200
2022-05-19,17.139999389648438,17.139999389648438,17.020000457763672,17.139999389648438,14.119062423706055,6500
2022-05-20,17.049999237060547,17.1200008392334,17.010000228881836,17.010000228881836,14.011981010437012,3400
2022-05-23,17.059999465942383,17.149999618530273,17.010000228881836,17.079999923706055,14.069636344909668,8100
2022-05-24,17.0,17.190000534057617,17.0,17.1299991607666,14.110822677612305,8800
2022-05-25,17.06999969482422,17.34000015258789,17.059999465942383,17.25,14.209673881530762,6100
2022-05-26,17.239999771118164,17.34000015258789,17.239999771118164,17.31999969482422,14.267335891723633,3700
2022-05-27,17.260000228881836,17.510000228881836,17.260000228881836,17.450000762939453,14.374425888061523,9000
2022-05-31,17.5,17.5,17.25,17.25,14.209673881530762,5200
2022-06-01,17.290000915527344,17.309999465942383,17.100000381469727,17.190000534057617,14.160250663757324,8100
2022-06-02,17.25,17.280000686645508,17.219999313354492,17.270000457763672,14.226150512695312,10100
2022-06-03,17.299999237060547,17.299999237060547,17.190000534057617,17.25,14.209673881530762,4500
2022-06-06,17.260000228881836,17.299999237060547,17.200000762939453,17.239999771118164,14.201437950134277,3000
2022-06-07,17.290000915527344,17.290000915527344,17.149999618530273,17.25,14.209673881530762,4400
2022-06-08,17.209999084472656,17.290000915527344,17.040000915527344,17.040000915527344,14.036688804626465,7000
2022-06-09,17.06999969482422,17.299999237060547,17.040000915527344,17.280000686645508,14.234389305114746,10400
2022-06-10,17.229999542236328,17.280000686645508,17.149999618530273,17.280000686645508,14.234389305114746,2300
2022-06-13,17.170000076293945,17.170000076293945,16.950000762939453,16.950000762939453,13.962552070617676,7800
2022-06-14,16.8700008392334,16.940000534057617,16.540000915527344,16.6200008392334,13.758082389831543,6900
2022-06-15,16.56999969482422,16.56999969482422,16.360000610351562,16.360000610351562,13.542853355407715,13000
2022-06-16,16.290000915527344,16.3700008392334,16.09000015258789,16.200000762939453,13.410408020019531,7100
2022-06-17,16.299999237060547,16.489999771118164,16.299999237060547,16.31999969482422,13.50974178314209,7200
2022-06-21,16.31999969482422,16.450000762939453,16.309999465942383,16.389999389648438,13.567687034606934,6600
2022-06-22,16.280000686645508,16.5,16.280000686645508,16.420000076293945,13.592524528503418,5300
2022-06-23,16.420000076293945,16.469999313354492,16.399999618530273,16.469999313354492,13.633912086486816,2500
2022-06-24,16.40999984741211,16.450000762939453,16.15999984741211,16.34000015258789,13.526298522949219,20100
2022-06-27,16.290000915527344,16.420000076293945,16.290000915527344,16.329999923706055,13.518020629882812,8000
2022-06-28,16.350000381469727,16.43000030517578,16.270000457763672,16.389999389648438,13.567687034606934,14400
2022-06-29,16.3700008392334,16.469999313354492,16.260000228881836,16.399999618530273,13.575963020324707,10500
2022-06-30,16.360000610351562,16.520000457763672,16.350000381469727,16.520000457763672,13.675304412841797,6100
2022-07-01,16.440000534057617,16.540000915527344,16.40999984741211,16.520000457763672,13.675304412841797,14900
2022-07-05,16.510000228881836,16.559999465942383,16.3799991607666,16.540000915527344,13.691861152648926,2500
2022-07-06,16.510000228881836,16.520000457763672,16.5,16.5,13.658748626708984,3600
2022-07-07,16.469999313354492,16.489999771118164,16.3799991607666,16.440000534057617,13.609082221984863,5600
2022-07-08,16.3799991607666,16.489999771118164,16.3799991607666,16.450000762939453,13.617356300354004,5300
2022-07-11,16.469999313354492,16.56999969482422,16.450000762939453,16.510000228881836,13.667025566101074,15800
2022-07-12,16.5,16.520000457763672,16.329999923706055,16.510000228881836,13.667025566101074,5400
2022-07-13,16.420000076293945,16.5,16.420000076293945,16.5,13.658748626708984,4200
2022-07-14,16.34000015258789,16.389999389648438,16.18000030517578,16.350000381469727,13.603005409240723,16200
2022-07-15,16.350000381469727,16.459999084472656,16.329999923706055,16.360000610351562,13.611321449279785,11300
2022-07-18,16.3799991607666,16.420000076293945,16.280000686645508,16.299999237060547,13.5614013671875,11300
2022-07-19,16.329999923706055,16.3700008392334,16.31999969482422,16.350000381469727,13.603005409240723,11300
2022-07-20,16.329999923706055,16.459999084472656,16.329999923706055,16.3799991607666,13.627961158752441,24700
2022-07-21,16.389999389648438,16.479999542236328,16.360000610351562,16.40999984741211,13.652921676635742,9200
2022-07-22,16.489999771118164,16.559999465942383,16.420000076293945,16.530000686645508,13.752762794494629,16400
2022-07-25,16.639999389648438,16.65999984741211,16.489999771118164,16.520000457763672,13.7444429397583,11800
2022-07-26,16.510000228881836,16.610000610351562,16.510000228881836,16.559999465942383,13.777718544006348,10400
2022-07-27,16.559999465942383,16.670000076293945,16.559999465942383,16.56999969482422,13.786040306091309,11500
2022-07-28,16.6299991607666,16.760000228881836,16.56999969482422,16.729999542236328,13.919157028198242,11700
2022-07-29,16.700000762939453,16.959999084472656,16.700000762939453,16.959999084472656,14.110514640808105,6000
2022-08-01,16.940000534057617,17.09000015258789,16.860000610351562,17.010000228881836,14.152118682861328,5800
2022-08-02,17.06999969482422,17.06999969482422,16.959999084472656,17.049999237060547,14.185392379760742,17800
2022-08-03,17.059999465942383,17.059999465942383,16.899999618530273,17.0,14.143794059753418,7500
2022-08-04,16.989999771118164,17.100000381469727,16.93000030517578,17.100000381469727,14.2269926071167,11100
2022-08-05,17.020000457763672,17.020000457763672,16.920000076293945,16.950000762939453,14.102197647094727,5900
2022-08-08,16.920000076293945,17.049999237060547,16.889999389648438,17.049999237060547,14.185392379760742,34900
2022-08-09,16.989999771118164,17.06999969482422,16.90999984741211,17.059999465942383,14.19371509552002,5400
2022-08-10,17.06999969482422,17.200000762939453,17.06999969482422,17.18000030517578,14.293553352355957,9000
2022-08-11,17.18000030517578,17.389999389648438,17.139999389648438,17.3700008392334,14.451630592346191,6600
2022-08-12,17.229999542236328,17.229999542236328,17.170000076293945,17.170000076293945,14.3538179397583,4400
2022-08-15,17.200000762939453,17.3700008392334,17.170000076293945,17.270000457763672,14.437418937683105,8200
2022-08-16,17.100000381469727,17.270000457763672,17.100000381469727,17.209999084472656,14.38725757598877,5500
2022-08-17,17.1200008392334,17.170000076293945,17.020000457763672,17.049999237060547,14.25350284576416,3700
2022-08-18,17.149999618530273,17.290000915527344,17.149999618530273,17.190000534057617,14.370539665222168,9800
2022-08-19,17.149999618530273,17.149999618530273,16.989999771118164,17.0,14.211701393127441,8800
2022-08-22,17.040000915527344,17.049999237060547,16.940000534057617,16.940000534057617,14.161543846130371,6100
2022-08-23,16.969999313354492,17.229999542236328,16.969999313354492,17.0,14.211701393127441,5700
2022-08-24,16.989999771118164,17.139999389648438,16.989999771118164,17.1299991607666,14.320377349853516,5000
2022-08-25,17.1299991607666,17.219999313354492,16.889999389648438,17.040000915527344,14.245146751403809,7000
2022-08-26,17.040000915527344,17.040000915527344,17.0,17.020000457763672,14.228422164916992,21500
2022-08-29,17.010000228881836,17.010000228881836,16.780000686645508,16.780000686645508,14.027787208557129,11800
2022-08-30,16.860000610351562,16.940000534057617,16.860000610351562,16.860000610351562,14.094664573669434,13800
2022-08-31,16.829999923706055,16.899999618530273,16.799999237060547,16.899999618530273,14.128105163574219,28200
2022-09-01,16.84000015258789,16.899999618530273,16.770000457763672,16.780000686645508,14.027787208557129,6900
2022-09-02,16.799999237060547,16.989999771118164,16.799999237060547,16.989999771118164,14.203343391418457,14600
2022-09-06,16.90999984741211,17.079999923706055,16.8700008392334,16.950000762939453,14.169904708862305,9500
2022-09-07,16.979999542236328,16.979999542236328,16.850000381469727,16.899999618530273,14.128105163574219,19600
2022-09-08,17.0,17.049999237060547,16.899999618530273,16.920000076293945,14.144824028015137,4700
2022-09-09,17.030000686645508,17.030000686645508,16.940000534057617,17.010000228881836,14.220067024230957,2700
2022-09-12,17.09000015258789,17.100000381469727,17.010000228881836,17.040000915527344,14.245146751403809,2800
2022-09-13,16.969999313354492,17.010000228881836,16.790000915527344,16.790000915527344,14.036145210266113,13000
2022-09-14,16.690000534057617,16.850000381469727,16.68000030517578,16.770000457763672,14.089076042175293,11000
2022-09-15,16.729999542236328,17.06999969482422,16.729999542236328,16.75,14.072271347045898,1900
2022-09-16,16.75,16.75,16.530000686645508,16.59000015258789,13.937851905822754,19700
2022-09-19,16.639999389648438,16.639999389648438,16.520000457763672,16.579999923706055,13.929448127746582,10700
2022-09-20,16.469999313354492,16.56999969482422,16.469999313354492,16.5,13.862239837646484,5800
2022-09-21,16.540000915527344,16.540000915527344,16.40999984741211,16.540000915527344,13.895845413208008,1300
2022-09-22,16.489999771118164,16.530000686645508,16.350000381469727,16.360000610351562,13.744621276855469,7300
2022-09-23,16.280000686645508,16.549999237060547,16.110000610351562,16.1200008392334,13.542986869812012,22000
2022-09-26,16.06999969482422,16.079999923706055,15.960000038146973,15.960000038146973,13.408564567565918,4700
2022-09-27,15.949999809265137,16.040000915527344,15.649999618530273,15.9399995803833,13.391761779785156,40800
2022-09-28,15.920000076293945,16.329999923706055,15.90999984741211,16.299999237060547,13.694211959838867,7500
2022-09-29,16.290000915527344,16.290000915527344,15.90999984741211,15.920000076293945,13.374960899353027,32000
2022-09-30,15.920000076293945,16.09000015258789,15.920000076293945,16.079999923706055,13.509381294250488,1900
2022-10-03,15.949999809265137,16.190000534057617,15.90999984741211,15.949999809265137,13.400165557861328,13000
2022-10-04,16.010000228881836,16.229999542236328,15.989999771118164,16.059999465942383,13.49258041381836,9100
2022-10-05,16.010000228881836,16.030000686645508,15.899999618530273,16.0,13.442171096801758,4700
2022-10-06,16.040000915527344,16.040000915527344,15.949999809265137,15.979999542236328,13.425368309020996,6800
2022-10-07,15.930000305175781,15.930000305175781,15.84000015258789,15.890000343322754,13.349757194519043,5200
2022-10-10,15.880000114440918,15.880000114440918,15.75,15.75,13.232136726379395,2200
2022-10-11,15.880000114440918,15.880000114440918,15.640000343322754,15.75,13.232136726379395,3800
2022-10-12,15.729999542236328,15.8100004196167,15.670000076293945,15.760000228881836,13.240538597106934,15000
2022-10-13,15.579999923706055,15.699999809265137,15.550000190734863,15.600000381469727,13.175507545471191,14800
2022-10-14,15.569999694824219,15.609999656677246,15.569999694824219,15.609999656677246,13.18394947052002,900
2022-10-17,15.609999656677246,15.760000228881836,15.489999771118164,15.640000343322754,13.20928955078125,55500
2022-10-18,15.569999694824219,15.619999885559082,15.40999984741211,15.449999809265137,13.04881763458252,31600
2022-10-19,15.5,15.5,15.40999984741211,15.460000038146973,13.05726432800293,9000
2022-10-20,15.430000305175781,15.680000305175781,15.399999618530273,15.470000267028809,13.065710067749023,10900
2022-10-21,15.460000038146973,15.710000038146973,15.420000076293945,15.510000228881836,13.099491119384766,16600
2022-10-24,15.529999732971191,15.619999885559082,15.529999732971191,15.59000015258789,13.167059898376465,8100
2022-10-25,15.640000343322754,15.720000267028809,15.59000015258789,15.699999809265137,13.259963989257812,11100
2022-10-26,15.680000305175781,15.84000015258789,15.680000305175781,15.789999961853027,13.335978507995605,9500
2022-10-27,16.030000686645508,16.030000686645508,15.899999618530273,15.899999618530273,13.428881645202637,1500
2022-10-28,15.880000114440918,16.020000457763672,15.800000190734863,15.920000076293945,13.445771217346191,12500
2022-10-31,15.84000015258789,16.0,15.729999542236328,15.850000381469727,13.386650085449219,8900
2022-11-01,16.010000228881836,16.049999237060547,15.75,15.829999923706055,13.369759559631348,12500
2022-11-02,15.90999984741211,16.0,15.649999618530273,15.65999984741211,13.226179122924805,22400
2022-11-03,15.789999961853027,15.899999618530273,15.770000457763672,15.779999732971191,13.32752799987793,5800
2022-11-04,15.829999923706055,15.970000267028809,15.829999923706055,15.880000114440918,13.4119873046875,1200
2022-11-07,15.880000114440918,15.979999542236328,15.6899995803833,15.6899995803833,13.251518249511719,9900
2022-11-08,15.8100004196167,15.9399995803833,15.8100004196167,15.880000114440918,13.4119873046875,2800
2022-11-09,15.8100004196167,15.819999694824219,15.699999809265137,15.779999732971191,13.32752799987793,9000
2022-11-10,15.890000343322754,16.190000534057617,15.869999885559082,16.190000534057617,13.673810005187988,10600
2022-11-11,16.139999389648438,16.18000030517578,15.90999984741211,16.1299991607666,13.623132705688477,8200
2022-11-14,16.010000228881836,16.149999618530273,15.880000114440918,15.920000076293945,13.543167114257812,3800
2022-11-15,16.0,16.18000030517578,15.850000381469727,15.989999771118164,13.602716445922852,18900
2022-11-16,15.90999984741211,15.970000267028809,15.829999923706055,15.90999984741211,13.534660339355469,15300
2022-11-17,15.90999984741211,16.010000228881836,15.90999984741211,15.90999984741211,13.534660339355469,4300
2022-11-18,15.9399995803833,15.949999809265137,15.8100004196167,15.880000114440918,13.509139060974121,7600
2022-11-21,15.930000305175781,16.0,15.880000114440918,15.880000114440918,13.509139060974121,4100
2022-11-22,15.949999809265137,16.040000915527344,15.9399995803833,16.040000915527344,13.64525318145752,10900
2022-11-23,16.020000457763672,16.049999237060547,15.890000343322754,15.930000305175781,13.551675796508789,18100
2022-11-25,15.920000076293945,16.15999984741211,15.920000076293945,16.0,13.611225128173828,4000
2022-11-28,16.200000762939453,17.559999465942383,15.960000038146973,16.010000228881836,13.619731903076172,18500
2022-11-29,16.010000228881836,16.360000610351562,16.010000228881836,16.1200008392334,13.713310241699219,7000
2022-11-30,16.18000030517578,16.239999771118164,16.030000686645508,16.149999618530273,13.738829612731934,7900
2022-12-01,16.219999313354492,16.360000610351562,16.110000610351562,16.1299991607666,13.721814155578613,5700
2022-12-02,16.350000381469727,16.350000381469727,16.030000686645508,16.030000686645508,13.636746406555176,9500
2022-12-05,16.049999237060547,16.34000015258789,16.030000686645508,16.09000015258789,13.687785148620605,10800
2022-12-06,16.06999969482422,16.209999084472656,16.06999969482422,16.209999084472656,13.789870262145996,10000
2022-12-07,16.219999313354492,16.510000228881836,16.219999313354492,16.399999618530273,13.951501846313477,9200
2022-12-08,16.399999618530273,16.40999984741211,16.360000610351562,16.389999389648438,13.942995071411133,3600
2022-12-09,16.350000381469727,16.399999618530273,16.219999313354492,16.239999771118164,13.81539249420166,6700
2022-12-12,16.280000686645508,16.280000686645508,16.139999389648438,16.139999389648438,13.73032283782959,7800
2022-12-13,16.270000457763672,16.31999969482422,16.170000076293945,16.219999313354492,13.798376083374023,32700
2022-12-14,16.06999969482422,16.15999984741211,16.020000457763672,16.049999237060547,13.75210952758789,4500
2022-12-15,16.059999465942383,16.1299991607666,15.989999771118164,16.1299991607666,13.820658683776855,22100
2022-12-16,16.030000686645508,16.270000457763672,15.989999771118164,16.149999618530273,13.837790489196777,17000
2022-12-19,16.149999618530273,16.25,16.049999237060547,16.149999618530273,13.837790489196777,19800
2022-12-20,16.100000381469727,16.5,16.100000381469727,16.200000762939453,13.880634307861328,10600
2022-12-21,16.110000610351562,16.260000228881836,16.06999969482422,16.149999618530273,13.837790489196777,112800
2022-12-22,16.110000610351562,16.43000030517578,16.06999969482422,16.139999389648438,13.829225540161133,11600
2022-12-23,16.09000015258789,16.209999084472656,16.059999465942383,16.149999618530273,13.837790489196777,18000
2022-12-27,16.110000610351562,16.170000076293945,16.040000915527344,16.049999237060547,13.75210952758789,3900
2022-12-28,16.110000610351562,16.219999313354492,15.979999542236328,16.209999084472656,13.889201164245605,18400
2022-12-29,16.139999389648438,16.219999313354492,16.100000381469727,16.190000534057617,13.87206745147705,15200
2022-12-30,16.190000534057617,16.209999084472656,16.149999618530273,16.18000030517578,13.86349868774414,4800
2023-01-03,16.190000534057617,16.290000915527344,16.040000915527344,16.110000610351562,13.803522109985352,15800
2023-01-04,16.139999389648438,16.18000030517578,16.020000457763672,16.100000381469727,13.794952392578125,14500
2023-01-05,16.030000686645508,16.030000686645508,15.960000038146973,15.979999542236328,13.692132949829102,23100
2023-01-06,16.030000686645508,16.149999618530273,16.010000228881836,16.1200008392334,13.812088012695312,46100
2023-01-09,16.280000686645508,16.350000381469727,16.200000762939453,16.31999969482422,13.983455657958984,10200
2023-01-10,16.280000686645508,16.290000915527344,16.09000015258789,16.190000534057617,13.87206745147705,7600
2023-01-11,16.270000457763672,16.350000381469727,16.260000228881836,16.350000381469727,14.009160995483398,6700
2023-01-12,16.31999969482422,16.34000015258789,16.229999542236328,16.299999237060547,14.06611156463623,12000
2023-01-13,16.260000228881836,16.34000015258789,16.25,16.31999969482422,14.083370208740234,10000
2023-01-17,16.31999969482422,16.43000030517578,16.31999969482422,16.420000076293945,14.16966724395752,13900
2023-01-18,16.530000686645508,16.649999618530273,16.5,16.530000686645508,14.264593124389648,16400
2023-01-19,16.549999237060547,16.65999984741211,16.540000915527344,16.579999923706055,14.3077392578125,2900
2023-01-20,16.540000915527344,16.610000610351562,16.450000762939453,16.600000381469727,14.324999809265137,4600
2023-01-23,16.610000610351562,16.670000076293945,16.610000610351562,16.639999389648438,14.359517097473145,8600
2023-01-24,16.639999389648438,16.739999771118164,16.639999389648438,16.700000762939453,14.411293029785156,5200
2023-01-25,16.68000030517578,16.860000610351562,16.610000610351562,16.6200008392334,14.342259407043457,10500
2023-01-26,16.639999389648438,16.770000457763672,16.600000381469727,16.649999618530273,14.368145942687988,15200
2023-01-27,16.649999618530273,16.799999237060547,16.649999618530273,16.700000762939453,14.411293029785156,5400
2023-01-30,16.799999237060547,16.989999771118164,16.799999237060547,16.809999465942383,14.506218910217285,19600
2023-01-31,16.860000610351562,17.010000228881836,16.860000610351562,16.950000762939453,14.627031326293945,17600
2023-02-01,16.979999542236328,17.3799991607666,16.979999542236328,17.190000534057617,14.834138870239258,28900
2023-02-02,17.610000610351562,17.6200008392334,17.43000030517578,17.6200008392334,15.20521068572998,5700
2023-02-03,17.549999237060547,17.6299991607666,17.510000228881836,17.510000228881836,15.110285758972168,9000
2023-02-06,17.469999313354492,17.469999313354492,17.030000686645508,17.149999618530273,14.79962158203125,19700
2023-02-07,17.139999389648438,17.219999313354492,17.010000228881836,17.100000381469727,14.756474494934082,18900
2023-02-08,17.059999465942383,17.149999618530273,17.020000457763672,17.030000686645508,14.69606876373291,13800
2023-02-09,17.049999237060547,17.209999084472656,17.049999237060547,17.190000534057617,14.834138870239258,5100
2023-02-10,17.200000762939453,17.239999771118164,17.200000762939453,17.209999084472656,14.851401329040527,4100
2023-02-13,17.219999313354492,17.299999237060547,17.149999618530273,17.280000686645508,14.911803245544434,10800
2023-02-14,17.170000076293945,17.270000457763672,17.1299991607666,17.15999984741211,14.908329963684082,9500
2023-02-15,17.15999984741211,17.280000686645508,17.15999984741211,17.200000762939453,14.943083763122559,4700
2023-02-16,17.200000762939453,17.239999771118164,17.030000686645508,17.06999969482422,14.8301420211792,16800
2023-02-17,17.049999237060547,17.110000610351562,16.889999389648438,17.030000686645508,14.795391082763672,10900
2023-02-21,16.8799991607666,16.969999313354492,16.65999984741211,16.670000076293945,14.482629776000977,20800
2023-02-22,16.760000228881836,16.899999618530273,16.6299991607666,16.68000030517578,14.491312980651855,16700
2023-02-23,16.670000076293945,16.809999465942383,16.600000381469727,16.6299991607666,14.4478759765625,9800
2023-02-24,16.639999389648438,16.670000076293945,16.56999969482422,16.65999984741211,14.473938941955566,6900
2023-02-27,16.700000762939453,16.700000762939453,16.530000686645508,16.530000686645508,14.361000061035156,8800
2023-02-28,16.610000610351562,16.6200008392334,16.540000915527344,16.559999465942383,14.38706111907959,4500
2023-03-01,16.690000534057617,16.969999313354492,16.559999465942383,16.56999969482422,14.395748138427734,9000
2023-03-02,16.520000457763672,16.6299991607666,16.479999542236328,16.5,14.334933280944824,3300
2023-03-03,16.479999542236328,16.700000762939453,16.479999542236328,16.549999237060547,14.378373146057129,6100
2023-03-06,16.6200008392334,16.770000457763672,16.43000030517578,16.520000457763672,14.352311134338379,13600
2023-03-07,16.479999542236328,16.520000457763672,16.479999542236328,16.5,14.334933280944824,10400
2023-03-08,16.469999313354492,16.549999237060547,16.389999389648438,16.450000762939453,14.29149341583252,5400
2023-03-09,16.479999542236328,16.479999542236328,16.239999771118164,16.299999237060547,14.161175727844238,6700
2023-03-10,16.34000015258789,16.34000015258789,16.059999465942383,16.139999389648438,14.022171020507812,47600
2023-03-13,16.09000015258789,16.170000076293945,16.06999969482422,16.149999618530273,14.030856132507324,10200
2023-03-14,16.049999237060547,16.09000015258789,15.970000267028809,15.970000267028809,13.974855422973633,19000
2023-03-15,15.9399995803833,16.059999465942383,15.859999656677246,15.920000076293945,13.931102752685547,7200
2023-03-16,15.890000343322754,16.0,15.850000381469727,16.0,14.001105308532715,3800
2023-03-17,15.920000076293945,15.920000076293945,15.850000381469727,15.859999656677246,13.8785982131958,4000
2023-03-20,15.859999656677246,16.0,15.819999694824219,15.84000015258789,13.861095428466797,17100
2023-03-21,15.890000343322754,15.920000076293945,15.75,15.75,13.782339096069336,7700
2023-03-22,15.75,15.869999885559082,15.75,15.8100004196167,13.834844589233398,4300
2023-03-23,15.800000190734863,16.020000457763672,15.800000190734863,15.9399995803833,13.948600769042969,20000
2023-03-24,15.960000038146973,16.15999984741211,15.899999618530273,15.930000305175781,13.93985366821289,12700
2023-03-27,15.9399995803833,16.049999237060547,15.800000190734863,15.800000190734863,13.826091766357422,9500
2023-03-28,15.84000015258789,16.059999465942383,15.800000190734863,15.84000015258789,13.861095428466797,5300
2023-03-29,15.8100004196167,15.90999984741211,15.8100004196167,15.869999885559082,13.887349128723145,17900
2023-03-30,15.890000343322754,16.0,15.890000343322754,15.970000267028809,13.974855422973633,7900
2023-03-31,15.920000076293945,16.040000915527344,15.920000076293945,15.960000038146973,13.966105461120605,16700
2023-04-03,16.0,16.09000015258789,15.899999618530273,15.949999809265137,13.957353591918945,10100
2023-04-04,15.979999542236328,16.100000381469727,15.949999809265137,16.0,14.001105308532715,7700
2023-04-05,16.010000228881836,16.09000015258789,16.0,16.09000015258789,14.07986068725586,10200
2023-04-06,16.100000381469727,16.15999984741211,16.030000686645508,16.049999237060547,14.044859886169434,3900
2023-04-10,16.079999923706055,16.139999389648438,16.010000228881836,16.030000686645508,14.027361869812012,6300
2023-04-11,16.079999923706055,16.200000762939453,15.949999809265137,16.049999237060547,14.044859886169434,7300
2023-04-12,16.110000610351562,16.110000610351562,16.06999969482422,16.079999923706055,14.071112632751465,3000
2023-04-13,16.020000457763672,16.170000076293945,15.960000038146973,16.040000915527344,14.144302368164062,5000
2023-04-14,16.0,16.040000915527344,16.0,16.0,14.109028816223145,3300
2023-04-17,16.030000686645508,16.1299991607666,15.949999809265137,16.0,14.109028816223145,7800
2023-04-18,15.949999809265137,15.989999771118164,15.90999984741211,15.920000076293945,14.03848648071289,4700
2023-04-19,15.949999809265137,16.1200008392334,15.930000305175781,15.9399995803833,14.056120872497559,4800
2023-04-20,15.979999542236328,16.010000228881836,15.819999694824219,15.880000114440918,14.003212928771973,4300
2023-04-21,15.979999542236328,15.989999771118164,15.899999618530273,15.899999618530273,14.020848274230957,800
2023-04-24,15.9399995803833,16.040000915527344,15.850000381469727,15.90999984741211,14.029666900634766,8600
2023-04-25,15.920000076293945,15.949999809265137,15.869999885559082,15.899999618530273,14.020848274230957,4400
2023-04-26,15.960000038146973,15.979999542236328,15.850000381469727,15.90999984741211,14.029666900634766,15200
2023-04-27,15.989999771118164,15.989999771118164,15.84000015258789,15.890000343322754,14.01203441619873,11000
2023-04-28,15.899999618530273,15.970000267028809,15.890000343322754,15.970000267028809,14.082575798034668,7900
2023-05-01,16.049999237060547,16.049999237060547,15.819999694824219,15.850000381469727,13.976758003234863,20000
2023-05-02,15.829999923706055,15.880000114440918,15.829999923706055,15.829999923706055,13.959123611450195,9300
2023-05-03,15.84000015258789,15.899999618530273,15.84000015258789,15.850000381469727,13.976758003234863,5800
2023-05-04,15.859999656677246,16.020000457763672,15.819999694824219,15.90999984741211,14.029666900634766,7100
2023-05-05,15.859999656677246,16.030000686645508,15.859999656677246,15.979999542236328,14.091394424438477,31700
2023-05-08,16.030000686645508,16.030000686645508,15.90999984741211,15.979999542236328,14.091394424438477,4200
2023-05-09,15.949999809265137,15.970000267028809,15.899999618530273,15.949999809265137,14.064940452575684,4900
2023-05-10,15.90999984741211,16.0,15.899999618530273,15.970000267028809,14.082575798034668,8000
2023-05-11,15.979999542236328,16.0,15.920000076293945,15.930000305175781,14.0473051071167,4600
2023-05-12,15.850000381469727,15.930000305175781,15.800000190734863,15.800000190734863,14.041081428527832,8200
2023-05-15,15.850000381469727,15.979999542236328,15.729999542236328,15.899999618530273,14.129949569702148,29000
2023-05-16,15.850000381469727,15.90999984741211,15.770000457763672,15.770000457763672,14.014421463012695,10800
2023-05-17,15.789999961853027,15.90999984741211,15.699999809265137,15.779999732971191,14.023307800292969,5600
2023-05-18,15.789999961853027,15.84000015258789,15.779999732971191,15.829999923706055,14.067744255065918,10700
2023-05-19,16.0,16.0,15.8100004196167,15.8100004196167,14.049969673156738,7500
2023-05-22,15.880000114440918,15.9399995803833,15.800000190734863,15.819999694824219,14.058856964111328,7100
2023-05-23,15.779999732971191,15.84000015258789,15.779999732971191,15.800000190734863,14.041081428527832,2600
2023-05-24,15.779999732971191,15.819999694824219,15.779999732971191,15.789999961853027,14.032196998596191,8300
2023-05-25,15.789999961853027,15.930000305175781,15.770000457763672,15.800000190734863,14.041081428527832,1100
2023-05-26,15.720000267028809,15.789999961853027,15.710000038146973,15.760000228881836,14.005537033081055,8600
2023-05-30,15.829999923706055,15.920000076293945,15.739999771118164,15.850000381469727,14.085516929626465,4900
2023-05-31,15.989999771118164,15.989999771118164,15.829999923706055,15.859999656677246,14.094403266906738,19000
2023-06-01,16.020000457763672,16.020000457763672,15.84000015258789,15.899999618530273,14.129949569702148,9600
2023-06-02,15.869999885559082,15.920000076293945,15.829999923706055,15.869999885559082,14.103290557861328,14200
2023-06-05,15.869999885559082,15.890000343322754,15.84000015258789,15.84000015258789,14.076629638671875,4700
2023-06-06,15.850000381469727,15.930000305175781,15.819999694824219,15.899999618530273,14.129949569702148,15500
2023-06-07,15.859999656677246,15.949999809265137,15.850000381469727,15.899999618530273,14.129949569702148,13900
2023-06-08,15.949999809265137,16.010000228881836,15.930000305175781,15.979999542236328,14.201045036315918,4700
2023-06-09,15.949999809265137,15.979999542236328,15.9399995803833,15.979999542236328,14.201045036315918,4300
2023-06-12,15.949999809265137,16.040000915527344,15.920000076293945,15.949999809265137,14.174384117126465,22800
2023-06-13,15.970000267028809,16.030000686645508,15.920000076293945,15.979999542236328,14.201045036315918,16600
2023-06-14,15.890000343322754,16.190000534057617,15.890000343322754,15.949999809265137,14.284331321716309,5000
2023-06-15,15.970000267028809,16.170000076293945,15.890000343322754,16.110000610351562,14.427623748779297,3200
2023-06-16,16.049999237060547,16.079999923706055,15.960000038146973,16.079999923706055,14.400757789611816,2700
2023-06-20,16.06999969482422,16.079999923706055,15.989999771118164,16.040000915527344,14.364933967590332,3300
2023-06-21,15.970000267028809,16.15999984741211,15.970000267028809,16.040000915527344,14.364933967590332,4800
2023-06-22,16.030000686645508,16.1299991607666,16.0,16.0,14.329110145568848,10700
2023-06-23,16.09000015258789,16.09000015258789,15.899999618530273,16.0,14.329110145568848,4300
2023-06-26,15.979999542236328,16.09000015258789,15.979999542236328,16.09000015258789,14.409711837768555,3900
2023-06-27,16.030000686645508,16.049999237060547,16.030000686645508,16.049999237060547,14.373889923095703,1500
2023-06-28,16.100000381469727,16.1200008392334,16.059999465942383,16.059999465942383,14.382847785949707,4400
2023-06-29,16.059999465942383,16.190000534057617,16.030000686645508,16.100000381469727,14.418667793273926,7400
2023-06-30,16.149999618530273,16.18000030517578,16.1200008392334,16.1200008392334,14.436580657958984,5800
2023-07-03,16.18000030517578,16.34000015258789,16.110000610351562,16.229999542236328,14.5350923538208,5100
2023-07-05,16.209999084472656,16.450000762939453,16.209999084472656,16.219999313354492,14.52613639831543,3900
2023-07-06,16.219999313354492,16.219999313354492,16.0,16.0,14.329110145568848,9200
2023-07-07,16.020000457763672,16.200000762939453,15.989999771118164,16.0,14.329110145568848,8300
2023-07-10,16.110000610351562,16.209999084472656,16.059999465942383,16.170000076293945,14.48135757446289,8200
2023-07-11,16.239999771118164,16.239999771118164,16.139999389648438,16.209999084472656,14.517180442810059,6000
2023-07-12,16.229999542236328,16.329999923706055,16.229999542236328,16.309999465942383,14.606739044189453,4900
2023-07-13,16.239999771118164,16.260000228881836,16.200000762939453,16.25,14.663586616516113,6500
2023-07-14,16.229999542236328,16.25,16.219999313354492,16.239999771118164,14.654562950134277,6700
2023-07-17,16.270000457763672,16.299999237060547,16.059999465942383,16.149999618530273,14.573348045349121,4600
2023-07-18,16.190000534057617,16.540000915527344,16.079999923706055,16.18000030517578,14.600421905517578,11600
2023-07-19,16.18000030517578,16.25,16.15999984741211,16.15999984741211,14.582374572753906,4700
2023-07-20,16.110000610351562,16.139999389648438,16.059999465942383,16.06999969482422,14.501158714294434,4200
2023-07-21,16.139999389648438,16.139999389648438,16.06999969482422,16.06999969482422,14.501158714294434,1300
2023-07-24,16.079999923706055,16.270000457763672,16.079999923706055,16.18000030517578,14.600421905517578,3900
2023-07-25,16.1299991607666,16.25,16.1299991607666,16.18000030517578,14.600421905517578,6300
2023-07-26,16.209999084472656,16.299999237060547,16.209999084472656,16.239999771118164,14.654562950134277,8500
2023-07-27,16.15999984741211,16.270000457763672,16.149999618530273,16.18000030517578,14.600421905517578,10000
2023-07-28,16.209999084472656,16.3799991607666,16.1200008392334,16.3700008392334,14.771871566772461,5200
2023-07-31,16.309999465942383,16.389999389648438,16.190000534057617,16.229999542236328,14.645539283752441,27000
2023-08-01,16.280000686645508,16.479999542236328,16.280000686645508,16.329999923706055,14.735776901245117,14200
2023-08-02,16.3799991607666,16.3799991607666,16.239999771118164,16.290000915527344,14.699684143066406,7000
2023-08-03,16.209999084472656,16.459999084472656,16.209999084472656,16.309999465942383,14.717730522155762,2500
2023-08-04,16.31999969482422,16.3799991607666,16.31999969482422,16.350000381469727,14.753825187683105,5800
2023-08-07,16.420000076293945,16.549999237060547,16.420000076293945,16.489999771118164,14.880155563354492,10800
2023-08-08,16.459999084472656,16.68000030517578,16.459999084472656,16.68000030517578,15.051606178283691,10700
2023-08-09,16.68000030517578,16.709999084472656,16.610000610351562,16.68000030517578,15.051606178283691,8900
2023-08-10,16.639999389648438,16.739999771118164,16.6299991607666,16.639999389648438,15.01551342010498,17700
2023-08-11,16.639999389648438,16.670000076293945,16.610000610351562,16.670000076293945,15.042586326599121,6800
2023-08-14,16.559999465942383,16.700000762939453,16.489999771118164,16.56999969482422,15.063492774963379,10300
2023-08-15,16.549999237060547,16.549999237060547,16.40999984741211,16.40999984741211,14.918038368225098,4700
2023-08-16,16.459999084472656,16.479999542236328,16.270000457763672,16.270000457763672,14.790767669677734,3400
2023-08-17,16.329999923706055,16.360000610351562,16.270000457763672,16.270000457763672,14.790767669677734,1100
2023-08-18,16.299999237060547,16.31999969482422,16.299999237060547,16.299999237060547,14.818038940429688,4400
2023-08-21,16.260000228881836,16.280000686645508,16.139999389648438,16.149999618530273,14.681676864624023,17800
2023-08-22,16.15999984741211,16.280000686645508,16.1200008392334,16.170000076293945,14.699859619140625,5900
2023-08-23,16.229999542236328,16.290000915527344,16.229999542236328,16.260000228881836,14.78167724609375,5800
2023-08-24,16.40999984741211,16.549999237060547,16.309999465942383,16.549999237060547,15.045310974121094,12000
2023-08-25,16.5,16.510000228881836,16.280000686645508,16.399999618530273,14.90894889831543,4500
2023-08-28,16.389999389648438,16.459999084472656,16.34000015258789,16.43000030517578,14.9362211227417,21100
2023-08-29,16.459999084472656,16.459999084472656,16.270000457763672,16.43000030517578,14.9362211227417,4600
2023-08-30,16.40999984741211,16.479999542236328,16.260000228881836,16.459999084472656,14.963493347167969,7200
2023-08-31,16.450000762939453,16.469999313354492,16.260000228881836,16.290000915527344,14.808951377868652,8700
2023-09-01,16.420000076293945,16.489999771118164,16.389999389648438,16.459999084472656,14.963493347167969,10400
2023-09-05,16.450000762939453,16.459999084472656,16.260000228881836,16.3799991607666,14.890768051147461,6400
2023-09-06,16.260000228881836,16.389999389648438,16.200000762939453,16.280000686645508,14.799859046936035,4400
2023-09-07,16.25,16.5,16.25,16.450000762939453,14.954404830932617,5700
2023-09-08,16.489999771118164,16.489999771118164,16.280000686645508,16.479999542236328,14.98167610168457,3100
2023-09-11,16.540000915527344,16.540000915527344,16.350000381469727,16.489999771118164,14.990765571594238,4400
2023-09-12,16.40999984741211,16.540000915527344,16.350000381469727,16.350000381469727,14.863496780395508,3300
2023-09-13,16.530000686645508,16.530000686645508,16.350000381469727,16.350000381469727,14.863496780395508,4200
2023-09-14,16.290000915527344,16.389999389648438,16.190000534057617,16.190000534057617,14.829604148864746,4000
2023-09-15,16.170000076293945,16.299999237060547,16.15999984741211,16.229999542236328,14.866243362426758,2800
2023-09-18,16.459999084472656,16.459999084472656,16.139999389648438,16.34000015258789,14.967000961303711,8500
2023-09-19,16.25,16.360000610351562,16.149999618530273,16.309999465942383,14.939520835876465,10400
2023-09-20,16.260000228881836,16.299999237060547,16.079999923706055,16.110000610351562,14.756325721740723,12500
2023-09-21,16.030000686645508,16.040000915527344,15.770000457763672,15.829999923706055,14.499855041503906,12300
2023-09-22,15.949999809265137,16.149999618530273,15.930000305175781,16.09000015258789,14.738004684448242,11400
2023-09-25,16.09000015258789,16.09000015258789,15.920000076293945,15.960000038146973,14.618928909301758,10800
2023-09-26,15.920000076293945,16.34000015258789,15.920000076293945,15.930000305175781,14.591449737548828,24200
2023-09-27,15.979999542236328,15.979999542236328,15.739999771118164,15.819999694824219,14.490693092346191,9400
2023-09-28,15.739999771118164,15.890000343322754,15.739999771118164,15.850000381469727,14.518171310424805,3900
2023-09-29,15.84000015258789,15.899999618530273,15.75,15.880000114440918,14.545652389526367,11100
2023-10-02,16.030000686645508,16.030000686645508,15.710000038146973,15.819999694824219,14.490693092346191,11100
2023-10-03,15.770000457763672,15.989999771118164,15.529999732971191,15.729999542236328,14.408255577087402,15100
2023-10-04,15.8100004196167,16.0,15.789999961853027,16.0,14.655569076538086,6000
2023-10-05,15.90999984741211,16.030000686645508,15.800000190734863,15.970000267028809,14.628089904785156,4300
2023-10-06,15.850000381469727,16.040000915527344,15.850000381469727,15.960000038146973,14.618928909301758,9400
2023-10-09,16.079999923706055,16.350000381469727,16.040000915527344,16.219999313354492,14.85708236694336,6000
2023-10-10,16.350000381469727,16.479999542236328,15.9399995803833,16.100000381469727,14.747166633605957,25700
2023-10-11,16.399999618530273,16.43000030517578,15.920000076293945,16.209999084472656,14.847922325134277,9600
2023-10-12,16.1299991607666,16.239999771118164,16.049999237060547,16.049999237060547,14.831289291381836,3600
2023-10-13,16.219999313354492,16.219999313354492,15.720000267028809,15.770000457763672,14.572550773620605,9700
2023-10-16,15.75,15.819999694824219,15.619999885559082,15.630000114440918,14.443181991577148,13000
2023-10-17,15.539999961853027,15.779999732971191,15.539999961853027,15.649999618530273,14.461664199829102,15000
2023-10-18,15.640000343322754,16.079999923706055,15.550000190734863,15.600000381469727,14.415460586547852,10800
2023-10-19,15.5600004196167,15.600000381469727,15.5,15.510000228881836,14.332294464111328,6000
2023-10-20,15.5,15.569999694824219,15.479999542236328,15.529999732971191,14.350773811340332,4500
2023-10-23,15.579999923706055,15.880000114440918,15.579999923706055,15.699999809265137,14.507867813110352,15200
2023-10-24,15.640000343322754,16.139999389648438,15.5600004196167,16.1299991607666,14.905214309692383,24900
2023-10-25,16.030000686645508,16.049999237060547,15.90999984741211,15.970000267028809,14.757365226745605,93500
2023-10-26,15.949999809265137,16.1299991607666,15.949999809265137,16.049999237060547,14.831289291381836,8400
2023-10-27,16.030000686645508,16.049999237060547,15.680000305175781,15.930000305175781,14.7204008102417,7600
2023-10-30,15.930000305175781,16.329999923706055,15.930000305175781,16.100000381469727,14.877493858337402,19500
2023-10-31,16.149999618530273,16.440000534057617,16.110000610351562,16.15999984741211,14.932939529418945,21100
2023-11-01,16.299999237060547,16.540000915527344,15.859999656677246,16.15999984741211,14.932939529418945,6900
2023-11-02,16.290000915527344,16.3799991607666,16.030000686645508,16.100000381469727,14.877493858337402,18800
2023-11-03,16.139999389648438,16.5,16.139999389648438,16.329999923706055,15.090028762817383,9200
2023-11-06,16.1299991607666,16.350000381469727,16.100000381469727,16.100000381469727,14.877493858337402,20400
2023-11-07,16.139999389648438,16.299999237060547,16.139999389648438,16.260000228881836,15.025343894958496,2600
2023-11-08,16.170000076293945,16.299999237060547,16.110000610351562,16.110000610351562,14.886734008789062,29300
2023-11-09,16.139999389648438,16.25,15.899999618530273,15.899999618530273,14.692678451538086,17700
2023-11-10,15.850000381469727,15.949999809265137,15.6899995803833,15.760000228881836,14.563310623168945,7500
2023-11-13,15.850000381469727,15.880000114440918,15.739999771118164,15.739999771118164,14.544828414916992,9200
2023-11-14,15.739999771118164,15.9399995803833,15.729999542236328,15.760000228881836,14.695890426635742,31900
2023-11-15,16.1299991607666,16.1299991607666,15.710000038146973,15.739999771118164,14.677240371704102,24600
2023-11-16,15.720000267028809,16.040000915527344,15.720000267028809,15.899999618530273,14.826436996459961,38500
2023-11-17,16.030000686645508,16.139999389648438,15.850000381469727,15.850000381469727,14.779814720153809,24700
2023-11-20,15.920000076293945,16.200000762939453,15.890000343322754,16.18000030517578,15.087533950805664,30700
2023-11-21,16.18000030517578,16.239999771118164,16.030000686645508,16.15999984741211,15.068883895874023,16500
2023-11-22,16.25,16.540000915527344,16.149999618530273,16.260000228881836,15.162131309509277,21100
2023-11-24,16.309999465942383,16.440000534057617,16.309999465942383,16.360000610351562,15.255380630493164,1000
2023-11-27,16.489999771118164,16.700000762939453,16.1299991607666,16.1299991607666,15.04090690612793,39500
2023-11-28,16.239999771118164,16.479999542236328,16.239999771118164,16.34000015258789,15.236730575561523,11300
2023-11-29,16.399999618530273,16.6299991607666,16.25,16.25,15.15280532836914,19900
2023-11-30,16.299999237060547,16.700000762939453,16.299999237060547,16.3799991607666,15.274027824401855,18900
2023-12-01,16.489999771118164,17.0,16.299999237060547,16.829999923706055,15.693646430969238,41100
2023-12-04,16.93000030517578,16.93000030517578,16.6299991607666,16.829999923706055,15.693646430969238,30700
2023-12-05,16.81999969482422,17.290000915527344,16.809999465942383,17.079999923706055,15.926765441894531,38200
2023-12-06,17.079999923706055,17.290000915527344,16.90999984741211,16.959999084472656,15.814865112304688,23200
2023-12-07,17.059999465942383,17.600000381469727,17.049999237060547,17.450000762939453,16.27178382873535,145100
2023-12-08,17.510000228881836,17.510000228881836,17.1299991607666,17.239999771118164,16.07596206665039,20800
2023-12-11,17.200000762939453,17.209999084472656,16.799999237060547,16.940000534057617,15.796219825744629,22000
2023-12-12,16.989999771118164,17.079999923706055,16.809999465942383,16.920000076293945,15.777566909790039,34200
2023-12-13,16.84000015258789,17.079999923706055,16.84000015258789,16.979999542236328,15.833514213562012,24100
2023-12-14,16.8700008392334,17.209999084472656,16.8700008392334,17.1200008392334,16.098695755004883,12600
2023-12-15,17.100000381469727,17.600000381469727,17.100000381469727,17.360000610351562,16.324377059936523,64000
2023-12-18,17.5,17.729999542236328,17.43000030517578,17.43000030517578,16.390199661254883,68600
2023-12-19,17.549999237060547,17.649999618530273,17.3799991607666,17.520000457763672,16.47483253479004,79400
2023-12-20,17.43000030517578,17.43000030517578,17.270000457763672,17.350000381469727,16.314971923828125,12000
2023-12-21,17.5,17.68000030517578,17.100000381469727,17.100000381469727,16.07988929748535,16800
2023-12-22,17.170000076293945,17.229999542236328,17.0,17.049999237060547,16.032869338989258,14400
2023-12-26,17.209999084472656,17.209999084472656,16.75,16.809999465942383,15.860207557678223,23000
2023-12-27,16.920000076293945,16.950000762939453,16.65999984741211,16.81999969482422,15.869645118713379,25000
2023-12-28,16.700000762939453,16.989999771118164,16.700000762939453,16.920000076293945,15.963995933532715,16500
2023-12-29,17.030000686645508,17.15999984741211,16.829999923706055,16.8799991607666,15.926254272460938,19300
2024-01-02,16.950000762939453,17.06999969482422,16.889999389648438,16.889999389648438,15.935689926147461,20400
2024-01-03,16.829999923706055,17.100000381469727,16.829999923706055,17.0,16.039474487304688,7100
2024-01-04,16.860000610351562,17.43000030517578,16.860000610351562,17.219999313354492,16.247041702270508,49000
2024-01-05,17.3799991607666,17.479999542236328,17.270000457763672,17.309999465942383,16.331958770751953,15100
2024-01-08,17.350000381469727,17.3799991607666,17.149999618530273,17.299999237060547,16.32252311706543,12700
2024-01-09,17.31999969482422,17.479999542236328,17.200000762939453,17.399999618530273,16.416873931884766,12300
2024-01-10,17.350000381469727,17.350000381469727,17.280000686645508,17.329999923706055,16.350826263427734,8300
2024-01-11,17.3799991607666,17.5,17.079999923706055,17.280000686645508,16.4383487701416,22800
2024-01-12,17.399999618530273,17.399999618530273,17.079999923706055,17.079999923706055,16.24808692932129,15800
2024-01-16,17.170000076293945,17.170000076293945,16.790000915527344,16.81999969482422,16.00075340270996,11100
2024-01-17,16.84000015258789,16.940000534057617,16.719999313354492,16.719999313354492,15.905624389648438,12100
2024-01-18,16.809999465942383,16.850000381469727,16.709999084472656,16.760000228881836,15.943675994873047,14600
2024-01-19,16.799999237060547,16.799999237060547,16.639999389648438,16.709999084472656,15.896109580993652,30000
2024-01-22,16.739999771118164,16.950000762939453,16.68000030517578,16.899999618530273,16.076854705810547,42600
2024-01-23,16.8799991607666,16.940000534057617,16.760000228881836,16.790000915527344,15.972214698791504,10700
2024-01-24,16.84000015258789,17.190000534057617,16.84000015258789,16.950000762939453,16.124422073364258,12400
2024-01-25,17.049999237060547,17.190000534057617,16.899999618530273,16.90999984741211,16.086366653442383,15600
2024-01-26,16.950000762939453,17.010000228881836,16.899999618530273,16.979999542236328,16.1529598236084,15500
2024-01-29,16.989999771118164,17.200000762939453,16.989999771118164,17.15999984741211,16.324193954467773,22700
2024-01-30,17.18000030517578,17.350000381469727,17.110000610351562,17.270000457763672,16.428836822509766,17000
2024-01-31,17.260000228881836,17.389999389648438,17.0,17.110000610351562,16.276628494262695,64300
2024-02-01,17.200000762939453,17.200000762939453,16.729999542236328,16.799999237060547,15.981728553771973,131900
2024-02-02,16.760000228881836,16.899999618530273,16.690000534057617,16.700000762939453,15.886597633361816,138900
2024-02-05,16.75,16.8700008392334,16.739999771118164,16.770000457763672,15.953187942504883,58300
2024-02-06,16.790000915527344,16.860000610351562,16.75,16.75,15.934164047241211,32000
2024-02-07,16.889999389648438,17.100000381469727,16.81999969482422,16.850000381469727,16.029294967651367,42100
2024-02-08,16.860000610351562,16.889999389648438,16.719999313354492,16.809999465942383,15.991238594055176,27700
2024-02-09,16.809999465942383,16.950000762939453,16.809999465942383,16.920000076293945,16.095884323120117,31500
2024-02-12,16.8799991607666,16.93000030517578,16.81999969482422,16.860000610351562,16.03880500793457,40200
2024-02-13,16.81999969482422,16.84000015258789,16.65999984741211,16.670000076293945,15.858059883117676,30900
2024-02-14,16.670000076293945,16.81999969482422,16.610000610351562,16.670000076293945,15.994303703308105,18700
2024-02-15,16.770000457763672,17.100000381469727,16.770000457763672,16.809999465942383,16.12862777709961,47300
2024-02-16,16.8799991607666,16.8799991607666,16.760000228881836,16.809999465942383,16.12862777709961,10000
2024-02-20,16.8799991607666,16.8799991607666,16.799999237060547,16.84000015258789,16.157413482666016,18600
2024-02-21,16.8799991607666,16.959999084472656,16.860000610351562,16.899999618530273,16.214977264404297,70300
2024-02-22,16.979999542236328,17.020000457763672,16.829999923706055,16.850000381469727,16.167009353637695,122000
2024-02-23,16.920000076293945,17.010000228881836,16.90999984741211,16.969999313354492,16.282142639160156,18000
2024-02-26,17.020000457763672,17.059999465942383,16.950000762939453,16.969999313354492,16.282142639160156,19700
2024-02-27,17.010000228881836,17.149999618530273,17.0,17.149999618530273,16.45484733581543,15000
2024-02-28,17.200000762939453,17.450000762939453,17.1299991607666,17.3700008392334,16.665931701660156,11000
2024-02-29,17.450000762939453,17.5,17.31999969482422,17.5,16.790660858154297,19600
2024-03-01,17.549999237060547,17.649999618530273,17.399999618530273,17.450000762939453,16.74268913269043,16500
2024-03-04,17.450000762939453,17.610000610351562,17.3799991607666,17.489999771118164,16.781064987182617,16000
2024-03-05,17.479999542236328,17.540000915527344,17.34000015258789,17.479999542236328,16.77147102355957,13900
2024-03-06,17.459999084472656,17.549999237060547,17.440000534057617,17.549999237060547,16.838632583618164,12700
2024-03-07,17.56999969482422,17.639999389648438,17.530000686645508,17.6200008392334,16.905797958374023,12500
2024-03-08,17.6299991607666,17.889999389648438,17.6299991607666,17.780000686645508,17.059314727783203,20300
2024-03-11,17.829999923706055,17.8799991607666,17.799999237060547,17.860000610351562,17.13606834411621,12700
2024-03-12,17.770000457763672,17.969999313354492,17.770000457763672,17.799999237060547,17.07849884033203,23300
2024-03-13,17.84000015258789,17.950000762939453,17.809999465942383,17.8799991607666,17.155256271362305,9900
2024-03-14,17.790000915527344,17.799999237060547,17.670000076293945,17.709999084472656,17.128175735473633,11900
2024-03-15,17.729999542236328,17.75,17.65999984741211,17.65999984741211,17.079822540283203,10100
2024-03-18,17.670000076293945,17.75,17.670000076293945,17.719999313354492,17.137847900390625,13400
2024-03-19,17.68000030517578,17.75,17.65999984741211,17.729999542236328,17.147518157958984,5700
2024-03-20,17.739999771118164,17.770000457763672,17.649999618530273,17.729999542236328,17.147518157958984,10800
2024-03-21,17.690000534057617,17.8799991607666,17.690000534057617,17.790000915527344,17.205549240112305,5500
2024-03-22,17.84000015258789,17.84000015258789,17.760000228881836,17.790000915527344,17.205549240112305,5600
2024-03-25,17.760000228881836,17.809999465942383,17.6200008392334,17.65999984741211,17.079822540283203,14500
2024-03-26,17.719999313354492,17.75,17.649999618530273,17.700000762939453,17.118507385253906,6500
2024-03-27,17.700000762939453,17.850000381469727,17.700000762939453,17.850000381469727,17.26357650756836,15000
2024-03-28,17.799999237060547,17.850000381469727,17.760000228881836,17.760000228881836,17.17653465270996,12900
2024-04-01,17.829999923706055,17.829999923706055,17.739999771118164,17.770000457763672,17.186206817626953,19500
2024-04-02,17.780000686645508,17.780000686645508,17.610000610351562,17.670000076293945,17.08949089050293,12900
2024-04-03,17.65999984741211,17.739999771118164,17.65999984741211,17.719999313354492,17.137847900390625,3800
2024-04-04,17.799999237060547,17.799999237060547,17.719999313354492,17.75,17.1668643951416,12400
2024-04-05,17.719999313354492,17.719999313354492,17.6299991607666,17.649999618530273,17.07015037536621,14400
2024-04-08,17.729999542236328,17.829999923706055,17.700000762939453,17.75,17.1668643951416,16800
2024-04-09,17.829999923706055,17.899999618530273,17.639999389648438,17.639999389648438,17.060474395751953,14500
2024-04-10,17.6299991607666,17.649999618530273,17.459999084472656,17.489999771118164,16.9154052734375,14600
2024-04-11,17.520000457763672,17.579999923706055,17.450000762939453,17.479999542236328,16.905733108520508,6400
2024-04-12,17.3700008392334,17.420000076293945,17.229999542236328,17.260000228881836,16.829679489135742,34200
2024-04-15,17.329999923706055,17.329999923706055,16.979999542236328,17.110000610351562,16.68341827392578,19000
2024-04-16,17.149999618530273,17.270000457763672,17.059999465942383,17.170000076293945,16.741924285888672,12700
2024-04-17,17.290000915527344,17.3799991607666,17.270000457763672,17.299999237060547,16.86867904663086,8400
2024-04-18,17.350000381469727,17.399999618530273,17.34000015258789,17.3799991607666,16.946685791015625,107000
2024-04-19,17.34000015258789,17.399999618530273,17.290000915527344,17.299999237060547,16.86867904663086,7600
2024-04-22,17.350000381469727,17.389999389648438,17.309999465942383,17.389999389648438,16.956436157226562,9200
2024-04-23,17.31999969482422,17.469999313354492,17.31999969482422,17.459999084472656,17.024690628051758,8300
2024-04-24,17.510000228881836,17.709999084472656,17.399999618530273,17.399999618530273,16.9661865234375,10700
2024-04-25,17.420000076293945,17.420000076293945,17.34000015258789,17.350000381469727,16.917436599731445,2700
2024-04-26,17.399999618530273,17.540000915527344,17.389999389648438,17.479999542236328,17.044191360473633,13700
2024-04-29,17.479999542236328,17.530000686645508,17.479999542236328,17.5,17.063695907592773,9300
2024-04-30,17.5,17.549999237060547,17.40999984741211,17.420000076293945,16.985689163208008,10700
2024-05-01,17.56999969482422,17.6299991607666,17.389999389648438,17.520000457763672,17.083194732666016,10700
2024-05-02,17.510000228881836,17.579999923706055,17.40999984741211,17.5,17.063695907592773,6900
2024-05-03,17.510000228881836,17.65999984741211,17.440000534057617,17.65999984741211,17.219707489013672,12700
2024-05-06,17.6299991607666,17.700000762939453,17.610000610351562,17.610000610351562,17.17095184326172,9600
2024-05-07,17.6299991607666,17.719999313354492,17.540000915527344,17.579999923706055,17.141700744628906,20200
2024-05-08,17.579999923706055,17.59000015258789,17.440000534057617,17.56999969482422,17.13195037841797,3000
2024-05-09,17.59000015258789,17.65999984741211,17.520000457763672,17.6299991607666,17.190452575683594,8100
2024-05-10,17.540000915527344,17.6299991607666,17.510000228881836,17.59000015258789,17.151451110839844,5500
2024-05-13,17.700000762939453,17.700000762939453,17.56999969482422,17.59000015258789,17.151451110839844,21500
2024-05-14,17.56999969482422,17.600000381469727,17.3799991607666,17.399999618530273,17.104267120361328,29800
2024-05-15,17.540000915527344,17.6200008392334,17.40999984741211,17.520000457763672,17.222227096557617,18000
2024-05-16,17.520000457763672,17.729999542236328,17.520000457763672,17.6299991607666,17.33035659790039,24300
2024-05-17,17.540000915527344,17.600000381469727,16.920000076293945,17.559999465942383,17.261547088623047,39300
2024-05-20,17.610000610351562,17.6299991607666,17.450000762939453,17.579999923706055,17.281206130981445,5900
2024-05-21,17.6299991607666,17.68000030517578,17.510000228881836,17.540000915527344,17.24188804626465,21500
2024-05-22,17.610000610351562,17.610000610351562,17.31999969482422,17.3799991607666,17.084606170654297,27500
2024-05-23,17.40999984741211,17.729999542236328,17.389999389648438,17.389999389648438,17.094436645507812,13000
2024-05-24,17.510000228881836,17.579999923706055,17.309999465942383,17.31999969482422,17.02562713623047,13200
2024-05-28,17.389999389648438,17.43000030517578,17.25,17.260000228881836,16.966646194458008,7300
2024-05-29,17.239999771118164,17.280000686645508,17.149999618530273,17.149999618530273,16.8585147857666,5600
2024-05-30,17.299999237060547,17.3700008392334,17.270000457763672,17.270000457763672,16.976476669311523,15300
2024-05-31,17.350000381469727,17.540000915527344,17.350000381469727,17.459999084472656,17.163246154785156,13300
2024-06-03,17.639999389648438,17.639999389648438,17.389999389648438,17.389999389648438,17.094436645507812,26000
2024-06-04,17.440000534057617,17.649999618530273,17.440000534057617,17.6200008392334,17.320528030395508,29900
2024-06-05,17.709999084472656,17.75,17.649999618530273,17.75,17.448318481445312,15900
2024-06-06,17.520000457763672,18.0,17.520000457763672,17.989999771118164,17.68423843383789,10800
2024-06-07,17.950000762939453,18.0,17.850000381469727,17.850000381469727,17.546619415283203,13900
2024-06-10,17.860000610351562,18.1200008392334,17.850000381469727,17.8799991607666,17.576108932495117,15900
2024-06-11,17.829999923706055,18.170000076293945,17.81999969482422,17.90999984741211,17.60559844970703,7400
2024-06-12,17.81999969482422,18.1299991607666,17.81999969482422,17.989999771118164,17.68423843383789,19200
2024-06-13,18.049999237060547,18.1200008392334,17.90999984741211,17.940000534057617,17.635089874267578,13100
2024-06-14,17.889999389648438,18.020000457763672,17.719999313354492,17.959999084472656,17.8076114654541,7400
2024-06-17,17.959999084472656,18.1299991607666,17.959999084472656,17.959999084472656,17.8076114654541,2600
2024-06-18,17.959999084472656,17.959999084472656,17.709999084472656,17.719999313354492,17.56964874267578,7000
2024-06-20,17.860000610351562,18.059999465942383,17.860000610351562,18.010000228881836,17.857189178466797,14000
2024-06-21,18.100000381469727,18.239999771118164,18.049999237060547,18.170000076293945,18.015830993652344,15900
2024-06-24,18.299999237060547,18.299999237060547,17.950000762939453,18.0,17.847272872924805,10000
2024-06-25,18.0,18.239999771118164,18.0,18.09000015258789,17.93651008605957,5700
2024-06-26,18.170000076293945,18.170000076293945,17.75,17.899999618530273,17.74812126159668,26700
2024-06-27,17.799999237060547,17.979999542236328,17.760000228881836,17.829999923706055,17.678714752197266,22600
2024-06-28,17.899999618530273,18.06999969482422,17.760000228881836,18.020000457763672,17.867103576660156,8300
2024-07-01,18.09000015258789,18.15999984741211,17.93000030517578,18.0,17.847272872924805,16200
2024-07-02,18.09000015258789,18.239999771118164,17.899999618530273,18.020000457763672,17.867103576660156,16100
2024-07-03,18.110000610351562,18.209999084472656,18.110000610351562,18.170000076293945,18.015830993652344,39400
2024-07-05,18.170000076293945,18.25,17.790000915527344,18.110000610351562,17.956340789794922,50700
2024-07-08,18.260000228881836,18.280000686645508,18.110000610351562,18.15999984741211,18.00591468811035,7500
2024-07-09,18.239999771118164,18.290000915527344,18.040000915527344,18.1299991607666,17.97616958618164,40800
2024-07-10,18.219999313354492,18.450000762939453,18.020000457763672,18.190000534057617,18.035661697387695,17000
2024-07-11,18.200000762939453,18.329999923706055,18.1299991607666,18.190000534057617,18.035661697387695,45400
2024-07-12,18.280000686645508,18.34000015258789,18.020000457763672,18.149999618530273,17.996000289916992,19100
2024-07-15,18.139999389648438,18.219999313354492,17.920000076293945,17.989999771118164,17.989999771118164,17600
2024-07-16,17.959999084472656,18.3799991607666,17.959999084472656,18.25,18.25,39500
2024-07-17,18.280000686645508,18.3700008392334,18.09000015258789,18.09000015258789,18.09000015258789,27600
2024-07-18,18.15999984741211,18.350000381469727,17.979999542236328,18.239999771118164,18.239999771118164,68500
2024-07-19,18.450000762939453,18.450000762939453,18.110000610351562,18.110000610351562,18.110000610351562,7600
2024-07-22,18.200000762939453,18.309999465942383,17.860000610351562,17.920000076293945,17.920000076293945,36300
2024-07-23,18.010000228881836,18.40999984741211,17.8700008392334,17.90999984741211,17.90999984741211,47900
2024-07-24,17.90999984741211,18.09000015258789,17.770000457763672,17.84000015258789,17.84000015258789,59600
2024-07-25,17.950000762939453,18.239999771118164,17.760000228881836,17.829999923706055,17.829999923706055,31200
2024-07-26,17.84000015258789,18.059999465942383,17.84000015258789,17.940000534057617,17.940000534057617,17700
2024-07-29,18.06999969482422,18.100000381469727,17.84000015258789,17.989999771118164,17.989999771118164,15200
2024-07-30,18.079999923706055,18.200000762939453,18.049999237060547,18.100000381469727,18.100000381469727,32700
2024-07-31,18.229999542236328,18.309999465942383,18.15999984741211,18.209999084472656,18.209999084472656,32900
2024-08-01,18.229999542236328,18.329999923706055,18.110000610351562,18.209999084472656,18.209999084472656,30700
2024-08-02,18.280000686645508,18.34000015258789,17.8799991607666,18.18000030517578,18.18000030517578,63100
