Date,Open,High,Low,Close,Adj Close,Volume
2015-05-05,530000.0,543000.0,457000.0,485000.0,485000.0,7
2015-05-06,544000.0,544000.0,455000.0,465000.0,465000.0,1
2015-05-07,470000.0,498000.0,456000.0,465000.0,465000.0,0
2015-05-08,480000.0,480000.0,419000.0,440000.0,440000.0,0
2015-05-11,429000.0,432000.0,405000.0,415000.0,415000.0,0
2015-05-12,402000.0,403000.0,387000.0,395000.0,395000.0,1
2015-05-13,395000.0,419000.0,385000.0,391000.0,391000.0,1
2015-05-14,380000.0,400000.0,379000.0,390000.0,390000.0,0
2015-05-15,382000.0,400000.0,382000.0,399000.0,399000.0,0
2015-05-18,395000.0,400000.0,385000.0,396000.0,396000.0,0
2015-05-19,385000.0,388000.0,341000.0,383000.0,383000.0,0
2015-05-20,370000.0,390000.0,324000.0,345000.0,345000.0,1
2015-05-21,357000.0,358000.0,312000.0,336000.0,336000.0,1
2015-05-22,333000.0,356000.0,332000.0,340000.0,340000.0,1
2015-05-26,356000.0,370000.0,327000.0,365000.0,365000.0,0
2015-05-27,374000.0,374000.0,350000.0,353000.0,353000.0,0
2015-05-28,347000.0,393000.0,334000.0,390000.0,390000.0,0
2015-05-29,377000.0,415000.0,369000.0,399000.0,399000.0,0
2015-06-01,424000.0,424000.0,395400.0,412000.0,412000.0,0
2015-06-02,417000.0,440000.0,400000.0,440000.0,440000.0,1
2015-06-03,430000.0,485000.0,430000.0,463000.0,463000.0,0
2015-06-04,472000.0,485000.0,470000.0,475000.0,475000.0,0
2015-06-05,475000.0,475000.0,430000.0,473000.0,473000.0,0
2015-06-08,453000.0,470000.0,450000.0,451000.0,451000.0,0
2015-06-09,428000.0,449000.0,415000.0,434000.0,434000.0,0
2015-06-10,445000.0,450000.0,415000.0,421000.0,421000.0,0
2015-06-11,417000.0,452000.0,417000.0,440000.0,440000.0,0
2015-06-12,440000.0,470000.0,418000.0,427000.0,427000.0,0
2015-06-15,416000.0,465000.0,416000.0,455000.0,455000.0,0
2015-06-16,446900.0,460000.0,436000.0,456000.0,456000.0,0
2015-06-17,460000.0,460000.0,430200.0,447000.0,447000.0,0
2015-06-18,444000.0,445000.0,381000.0,412000.0,412000.0,0
2015-06-19,413000.0,416000.0,387000.0,387000.0,387000.0,0
2015-06-22,398000.0,399000.0,386000.0,388000.0,388000.0,0
2015-06-23,408200.0,423000.0,389000.0,390000.0,390000.0,0
2015-06-24,424000.0,424000.0,385000.0,402500.0,402500.0,0
2015-06-25,394000.0,437000.0,375000.0,402500.0,402500.0,1
2015-06-26,407000.0,410000.0,379000.0,387000.0,387000.0,0
2015-06-29,377000.0,382000.0,366000.0,366000.0,366000.0,0
2015-06-30,365000.0,389100.0,365000.0,372000.0,372000.0,0
2015-07-01,364000.0,365000.0,362000.0,365000.0,365000.0,0
2015-07-02,367000.0,388000.0,355000.0,372000.0,372000.0,0
2015-07-06,351000.0,409000.0,351000.0,362000.0,362000.0,0
2015-07-07,355100.0,360000.0,335000.0,335000.0,335000.0,0
2015-07-08,334000.0,339000.0,325000.0,327000.0,327000.0,0
2015-07-09,350000.0,351000.0,326000.0,335000.0,335000.0,0
2015-07-10,327000.0,350000.0,324000.0,343000.0,343000.0,1
2015-07-13,341000.0,428000.0,326000.0,379000.0,379000.0,1
2015-07-14,400000.0,405000.0,375000.0,404000.0,404000.0,1
2015-07-15,408000.0,429000.0,386000.0,410000.0,410000.0,0
2015-07-16,413200.0,425000.0,396000.0,408000.0,408000.0,0
2015-07-17,405800.0,419000.0,405800.0,414800.0,414800.0,0
2015-07-20,416000.0,443000.0,415000.0,443000.0,443000.0,0
2015-07-21,440000.0,440000.0,394000.0,396000.0,396000.0,0
2015-07-22,396000.0,419000.0,386000.0,419000.0,419000.0,0
2015-07-23,417000.0,417000.0,398000.0,398000.0,398000.0,0
2015-07-24,392000.0,392000.0,363000.0,367000.0,367000.0,0
2015-07-27,359000.0,375000.0,317000.0,360000.0,360000.0,1
2015-07-28,373000.0,396600.0,346000.0,354000.0,354000.0,1
2015-07-29,350000.0,366200.0,328000.0,349000.0,349000.0,1
2015-07-30,334000.0,371000.0,334000.0,339000.0,339000.0,0
2015-07-31,347000.0,382000.0,333000.0,333000.0,333000.0,0
2015-08-03,330000.0,341000.0,307100.0,307100.0,307100.0,0
2015-08-04,311000.0,325000.0,311000.0,315000.0,315000.0,0
2015-08-05,333000.0,333000.0,315000.0,322000.0,322000.0,0
2015-08-06,330000.0,330000.0,309000.0,309000.0,309000.0,0
2015-08-07,319000.0,319000.0,308000.0,308000.0,308000.0,0
2015-08-10,313000.0,319400.0,303000.0,303000.0,303000.0,0
2015-08-11,320000.0,320000.0,265000.0,285000.0,285000.0,0
2015-08-12,320000.0,320000.0,240000.0,255000.0,255000.0,0
2015-08-13,257000.0,275000.0,250000.0,272000.0,272000.0,0
2015-08-14,275000.0,275000.0,245000.0,249000.0,249000.0,0
2015-08-17,247000.0,257000.0,236000.0,255000.0,255000.0,0
2015-08-18,253000.0,270000.0,249200.0,267000.0,267000.0,0
2015-08-19,265000.0,265000.0,262000.0,263000.0,263000.0,0
2015-08-20,240000.0,258000.0,236000.0,258000.0,258000.0,0
2015-08-21,259000.0,263000.0,234000.0,253000.0,253000.0,0
2015-08-24,234000.0,237000.0,225900.0,237000.0,237000.0,0
2015-08-25,264000.0,267000.0,249000.0,265000.0,265000.0,0
2015-08-26,266000.0,266000.0,235800.0,249000.0,249000.0,0
2015-08-27,235000.0,244000.0,235000.0,244000.0,244000.0,0
2015-08-28,232000.0,277000.0,232000.0,258700.0,258700.0,0
2015-08-31,228000.0,273000.0,224000.0,266400.0,266400.0,0
2015-09-01,233000.0,280000.0,233000.0,236000.0,236000.0,0
2015-09-02,229500.0,247000.0,229500.0,247000.0,247000.0,0
2015-09-03,245000.0,254000.0,240000.0,249000.0,249000.0,0
2015-09-04,229000.0,239000.0,222000.0,225000.0,225000.0,0
2015-09-08,236000.0,245000.0,221000.0,230000.0,230000.0,0
2015-09-09,238000.0,246000.0,225000.0,229000.0,229000.0,0
2015-09-10,245000.0,247000.0,225000.0,246000.0,246000.0,0
2015-09-11,247000.0,247000.0,225000.0,230000.0,230000.0,0
2015-09-14,235000.0,243000.0,226000.0,230000.0,230000.0,0
2015-09-15,240000.0,245000.0,225000.0,242000.0,242000.0,0
2015-09-16,247000.0,249000.0,231000.0,231000.0,231000.0,0
2015-09-17,246000.0,247000.0,232000.0,246000.0,246000.0,0
2015-09-18,228000.0,368000.0,226000.0,368000.0,368000.0,2
2015-09-21,291000.0,313000.0,267000.0,289000.0,289000.0,0
2015-09-22,291000.0,309000.0,274000.0,309000.0,309000.0,0
2015-09-23,284000.0,308000.0,284000.0,308000.0,308000.0,0
2015-09-24,324000.0,324000.0,279000.0,311000.0,311000.0,0
2015-09-25,315000.0,325000.0,304000.0,305000.0,305000.0,0
2015-09-28,294000.0,322000.0,290000.0,290000.0,290000.0,0
2015-09-29,291000.0,310000.0,269000.0,284000.0,284000.0,0
2015-09-30,274000.0,310000.0,254000.0,258000.0,258000.0,0
2015-10-01,254000.0,277000.0,229000.0,237000.0,237000.0,0
2015-10-02,257000.0,268000.0,232000.0,232000.0,232000.0,0
2015-10-05,230000.0,279000.0,230000.0,260000.0,260000.0,0
2015-10-06,240000.0,246000.0,240000.0,240000.0,240000.0,0
2015-10-07,262000.0,262000.0,233000.0,250000.0,250000.0,0
2015-10-08,243000.0,260000.0,235000.0,254000.0,254000.0,0
2015-10-09,255000.0,265000.0,230000.0,240000.0,240000.0,0
2015-10-12,238000.0,258200.0,236000.0,244000.0,244000.0,0
2015-10-13,241000.0,251200.0,238000.0,245000.0,245000.0,0
2015-10-14,229000.0,249000.0,225000.0,228000.0,228000.0,0
2015-10-15,237000.0,250000.0,230000.0,249000.0,249000.0,0
2015-10-16,235000.0,276000.0,231000.0,276000.0,276000.0,0
2015-10-19,245000.0,270000.0,245000.0,246000.0,246000.0,0
2015-10-20,240000.0,256000.0,229000.0,241000.0,241000.0,0
2015-10-21,245000.0,246000.0,229000.0,230000.0,230000.0,0
2015-10-22,240000.0,246000.0,221000.0,228700.0,228700.0,0
2015-10-23,235000.0,241000.0,215000.0,220000.0,220000.0,0
2015-10-26,225000.0,256000.0,216000.0,218000.0,218000.0,0
2015-10-27,219000.0,235000.0,206000.0,211000.0,211000.0,0
2015-10-28,231000.0,233000.0,215000.0,219000.0,219000.0,0
2015-10-29,214000.0,226000.0,210000.0,215000.0,215000.0,0
2015-10-30,220000.0,220000.0,192000.0,212000.0,212000.0,0
2015-11-02,205000.0,205000.0,194000.0,196000.0,196000.0,0
2015-11-03,199000.0,207000.0,187000.0,190000.0,190000.0,0
2015-11-04,198000.0,200000.0,187000.0,188000.0,188000.0,0
2015-11-05,198800.0,198800.0,169000.0,175000.0,175000.0,0
2015-11-06,175000.0,190000.0,173000.0,190000.0,190000.0,0
2015-11-09,172000.0,189000.0,172000.0,183000.0,183000.0,0
2015-11-10,181500.0,184000.0,170000.0,170000.0,170000.0,0
2015-11-11,171000.0,171000.0,164000.0,167500.0,167500.0,0
2015-11-12,164000.0,172000.0,164000.0,165000.0,165000.0,0
2015-11-13,164000.0,165000.0,164000.0,164000.0,164000.0,0
2015-11-16,163500.0,163500.0,158000.0,159500.0,159500.0,0
2015-11-17,161800.0,176000.0,160000.0,166500.0,166500.0,0
2015-11-18,167000.0,177000.0,158000.0,161000.0,161000.0,0
2015-11-19,156000.0,156000.0,145000.0,151000.0,151000.0,0
2015-11-20,170500.0,175000.0,153000.0,175000.0,175000.0,0
2015-11-23,177000.0,177000.0,153000.0,153000.0,153000.0,0
2015-11-24,151000.0,160000.0,151000.0,160000.0,160000.0,0
2015-11-25,165400.0,174000.0,163000.0,171000.0,171000.0,0
2015-11-27,190000.0,190000.0,177100.0,189000.0,189000.0,0
2015-11-30,172000.0,186600.0,172000.0,179000.0,179000.0,0
2015-12-01,179000.0,183000.0,173000.0,182000.0,182000.0,0
2015-12-02,174000.0,189000.0,167000.0,187000.0,187000.0,0
2015-12-03,176400.0,188000.0,176000.0,185000.0,185000.0,0
2015-12-04,177000.0,188000.0,168000.0,177000.0,177000.0,0
2015-12-07,175000.0,184000.0,171000.0,178000.0,178000.0,0
2015-12-08,159000.0,182500.0,159000.0,181000.0,181000.0,0
2015-12-09,174000.0,182000.0,159000.0,167000.0,167000.0,0
2015-12-10,166600.0,183000.0,165000.0,178000.0,178000.0,0
2015-12-11,156000.0,185000.0,156000.0,177000.0,177000.0,0
2015-12-14,153900.0,179000.0,153900.0,169000.0,169000.0,0
2015-12-15,172000.0,172000.0,155000.0,169000.0,169000.0,0
2015-12-16,161000.0,163000.0,155000.0,158000.0,158000.0,0
2015-12-17,160000.0,160000.0,155000.0,156000.0,156000.0,0
2015-12-18,155000.0,158000.0,148000.0,153000.0,153000.0,0
2015-12-21,159000.0,159000.0,153000.0,155000.0,155000.0,0
2015-12-22,159000.0,187000.0,159000.0,179000.0,179000.0,1
2015-12-23,180000.0,187000.0,170000.0,179000.0,179000.0,0
2015-12-24,184000.0,185000.0,181000.0,185000.0,185000.0,0
2015-12-28,176000.0,187000.0,159000.0,175000.0,175000.0,1
2015-12-29,188000.0,189000.0,181000.0,185000.0,185000.0,0
2015-12-30,187000.0,192000.0,181400.0,192000.0,192000.0,0
2015-12-31,193000.0,195000.0,178000.0,190000.0,190000.0,0
2016-01-04,171000.0,180000.0,171000.0,176300.0,176300.0,0
2016-01-05,182000.0,189000.0,182000.0,187500.0,187500.0,0
2016-01-06,190000.0,190000.0,188000.0,188000.0,188000.0,0
2016-01-07,187000.0,195000.0,180000.0,195000.0,195000.0,0
2016-01-08,188000.0,196800.0,183000.0,184000.0,184000.0,0
2016-01-11,182000.0,190000.0,159000.0,186000.0,186000.0,0
2016-01-12,175000.0,193000.0,173000.0,175000.0,175000.0,0
2016-01-13,171000.0,171000.0,171000.0,171000.0,171000.0,0
2016-01-14,176400.0,176400.0,167000.0,167000.0,167000.0,0
2016-01-15,165000.0,189000.0,150000.0,158000.0,158000.0,0
2016-01-19,158000.0,161900.0,158000.0,161900.0,161900.0,0
2016-01-20,156400.0,159000.0,146000.0,147000.0,147000.0,0
2016-01-21,147000.0,147000.0,147000.0,147000.0,147000.0,0
2016-01-22,162000.0,162000.0,162000.0,162000.0,162000.0,0
2016-01-25,162000.0,162000.0,142000.0,142000.0,142000.0,1
2016-01-26,155000.0,160000.0,151000.0,158000.0,158000.0,0
2016-01-27,140000.0,159000.0,140000.0,158000.0,158000.0,0
2016-01-28,140400.0,153000.0,140000.0,140000.0,140000.0,0
2016-01-29,152000.0,180000.0,151000.0,175000.0,175000.0,0
2016-02-01,175000.0,175000.0,175000.0,175000.0,175000.0,0
2016-02-02,151000.0,151000.0,151000.0,151000.0,151000.0,0
2016-02-03,151000.0,151000.0,151000.0,151000.0,151000.0,0
2016-02-04,153000.0,154300.0,152000.0,154300.0,154300.0,0
2016-02-05,155000.0,155000.0,153000.0,153000.0,153000.0,0
2016-02-08,155000.0,176300.0,151000.0,172000.0,172000.0,0
2016-02-09,165000.0,170500.0,152000.0,152000.0,152000.0,0
2016-02-10,155000.0,167000.0,155000.0,158000.0,158000.0,0
2016-02-11,162000.0,171000.0,156000.0,167000.0,167000.0,0
2016-02-12,167000.0,167000.0,167000.0,167000.0,167000.0,0
2016-02-16,173000.0,175000.0,172000.0,172000.0,172000.0,0
2016-02-17,172000.0,196000.0,152000.0,196000.0,196000.0,0
2016-02-18,175000.0,180000.0,175000.0,180000.0,180000.0,0
2016-02-19,164800.0,174000.0,164800.0,168000.0,168000.0,0
2016-02-22,155400.0,168500.0,155000.0,164000.0,164000.0,0
2016-02-23,154000.0,161000.0,152000.0,161000.0,161000.0,0
2016-02-24,160000.0,160000.0,160000.0,160000.0,160000.0,0
2016-02-25,167200.0,167200.0,167200.0,167200.0,167200.0,0
2016-02-26,160000.0,168000.0,160000.0,160000.0,160000.0,0
2016-02-29,151000.0,153000.0,151000.0,153000.0,153000.0,0
2016-03-01,160000.0,160000.0,154000.0,160000.0,160000.0,0
2016-03-02,159000.0,159000.0,158000.0,158000.0,158000.0,0
2016-03-03,168000.0,168000.0,153000.0,153000.0,153000.0,0
2016-03-04,155000.0,168000.0,155000.0,168000.0,168000.0,0
2016-03-07,167000.0,169000.0,153000.0,168000.0,168000.0,0
2016-03-08,155000.0,169000.0,152000.0,167000.0,167000.0,0
2016-03-09,168000.0,169000.0,153000.0,167000.0,167000.0,0
2016-03-10,168000.0,168000.0,153000.0,158000.0,158000.0,0
2016-03-11,153000.0,170000.0,153000.0,165000.0,165000.0,0
2016-03-14,154500.0,169000.0,152000.0,158000.0,158000.0,0
2016-03-15,160000.0,160000.0,144000.0,159000.0,159000.0,0
2016-03-16,152000.0,153000.0,145000.0,145000.0,145000.0,0
2016-03-17,145000.0,161000.0,145000.0,145000.0,145000.0,0
2016-03-18,145000.0,158000.0,136000.0,136000.0,136000.0,0
2016-03-21,144000.0,156000.0,144000.0,156000.0,156000.0,0
2016-03-22,158000.0,158500.0,139900.0,157300.0,157300.0,0
2016-03-23,160000.0,162300.0,157000.0,157000.0,157000.0,0
2016-03-24,157000.0,157000.0,153000.0,153000.0,153000.0,0
2016-03-28,153600.0,156000.0,153000.0,154000.0,154000.0,0
2016-03-29,159000.0,164800.0,152000.0,152000.0,152000.0,0
2016-03-30,170000.0,170000.0,145000.0,149000.0,149000.0,0
2016-03-31,145000.0,146600.0,139900.0,141000.0,141000.0,0
2016-04-01,150000.0,150000.0,143000.0,143000.0,143000.0,0
2016-04-04,145000.0,145000.0,140000.0,140000.0,140000.0,0
2016-04-05,140000.0,145000.0,139000.0,145000.0,145000.0,0
2016-04-06,140000.0,160000.0,140000.0,146000.0,146000.0,0
2016-04-07,150000.0,150000.0,141000.0,142000.0,142000.0,0
2016-04-08,145000.0,154000.0,141000.0,141000.0,141000.0,0
2016-04-11,150000.0,154000.0,143000.0,154000.0,154000.0,0
2016-04-12,152700.0,152700.0,152700.0,152700.0,152700.0,0
2016-04-13,151000.0,155000.0,141000.0,149900.0,149900.0,0
2016-04-14,143400.0,146200.0,142000.0,146200.0,146200.0,0
2016-04-15,143000.0,143000.0,143000.0,143000.0,143000.0,0
2016-04-18,140000.0,148000.0,140000.0,147300.0,147300.0,0
2016-04-19,140000.0,140000.0,140000.0,140000.0,140000.0,0
2016-04-20,141200.0,144800.0,140000.0,140000.0,140000.0,0
2016-04-21,146000.0,146000.0,136000.0,136000.0,136000.0,0
2016-04-22,138000.0,141100.0,133000.0,133000.0,133000.0,0
2016-04-25,134000.0,134000.0,134000.0,134000.0,134000.0,0
2016-04-26,134000.0,134000.0,134000.0,134000.0,134000.0,0
2016-04-27,134900.0,134900.0,134900.0,134900.0,134900.0,0
2016-04-28,135100.0,135100.0,135100.0,135100.0,135100.0,0
2016-04-29,133000.0,133500.0,133000.0,133400.0,133400.0,0
2016-05-02,134300.0,134300.0,133000.0,133000.0,133000.0,0
2016-05-03,134400.0,134500.0,128900.0,128900.0,128900.0,0
2016-05-04,135000.0,135000.0,122500.0,124400.0,124400.0,0
2016-05-05,129200.0,129200.0,122000.0,123200.0,123200.0,0
2016-05-06,122400.0,124600.0,114000.0,114000.0,114000.0,0
2016-05-09,115000.0,120900.0,115000.0,115000.0,115000.0,0
2016-05-10,114000.0,115100.0,106000.0,110000.0,110000.0,0
2016-05-11,106000.0,110000.0,104000.0,104000.0,104000.0,0
2016-05-12,109000.0,117000.0,102000.0,103000.0,103000.0,0
2016-05-13,113000.0,115000.0,103500.0,114000.0,114000.0,0
2016-05-16,105900.0,105900.0,105000.0,105000.0,105000.0,0
2016-05-17,108000.0,116000.0,107400.0,110000.0,110000.0,0
2016-05-18,115000.0,115000.0,110000.0,110000.0,110000.0,0
2016-05-19,123000.0,135000.0,123000.0,125400.0,125400.0,0
2016-05-20,132000.0,132500.0,117500.0,123000.0,123000.0,0
2016-05-23,112000.0,129000.0,110000.0,129000.0,129000.0,0
2016-05-24,129000.0,129000.0,121500.0,123000.0,123000.0,0
2016-05-25,117000.0,135000.0,117000.0,130600.0,130600.0,0
2016-05-26,125000.0,131000.0,116000.0,122000.0,122000.0,0
2016-05-27,125200.0,135000.0,118000.0,118000.0,118000.0,0
2016-05-31,128000.0,218000.0,128000.0,178000.0,178000.0,9
2016-06-01,161000.0,180000.0,143000.0,167000.0,167000.0,3
2016-06-02,168000.0,210000.0,145000.0,158000.0,158000.0,7
2016-06-03,170000.0,170000.0,153000.0,154000.0,154000.0,0
2016-06-06,155000.0,162000.0,153000.0,155000.0,155000.0,1
2016-06-07,160000.0,165000.0,144000.0,146000.0,146000.0,0
2016-06-08,146000.0,150500.0,140000.0,141000.0,141000.0,0
2016-06-09,143000.0,162000.0,141000.0,144000.0,144000.0,0
2016-06-10,144000.0,177000.0,141000.0,152200.0,152200.0,3
2016-06-13,151000.0,161000.0,146000.0,155000.0,155000.0,0
2016-06-14,155000.0,155000.0,145000.0,145000.0,145000.0,0
2016-06-15,147000.0,155000.0,145000.0,150000.0,150000.0,0
2016-06-16,154000.0,155000.0,143000.0,145000.0,145000.0,0
2016-06-17,145000.0,152000.0,143000.0,152000.0,152000.0,0
2016-06-20,151000.0,171000.0,143000.0,152300.0,152300.0,2
2016-06-21,157000.0,157000.0,143000.0,149000.0,149000.0,0
2016-06-22,146000.0,147700.0,133000.0,135000.0,135000.0,1
2016-06-23,135000.0,145000.0,135000.0,138000.0,138000.0,1
2016-06-24,130100.0,142000.0,124000.0,142000.0,142000.0,1
2016-06-27,130900.0,140000.0,124000.0,140000.0,140000.0,0
2016-06-28,141000.0,156000.0,131000.0,156000.0,156000.0,1
2016-06-29,156000.0,167000.0,150000.0,158000.0,158000.0,2
2016-06-30,165000.0,165000.0,150000.0,152000.0,152000.0,0
2016-07-01,151000.0,162900.0,151000.0,158000.0,158000.0,1
2016-07-05,160000.0,161000.0,155000.0,160000.0,160000.0,0
2016-07-06,160000.0,160000.0,152500.0,156000.0,156000.0,0
2016-07-07,156500.0,156500.0,140000.0,149200.0,149200.0,0
2016-07-08,156000.0,156000.0,150000.0,156000.0,156000.0,0
2016-07-11,150000.0,154500.0,144000.0,148000.0,148000.0,0
2016-07-12,151000.0,158000.0,148000.0,148000.0,148000.0,0
2016-07-13,143000.0,143000.0,136000.0,136000.0,136000.0,0
2016-07-14,140000.0,147200.0,136000.0,138000.0,138000.0,0
2016-07-15,137300.0,137300.0,137300.0,137300.0,137300.0,0
2016-07-18,139000.0,143200.0,136000.0,139900.0,139900.0,0
2016-07-19,141000.0,165000.0,140900.0,157000.0,157000.0,0
2016-07-20,175000.0,465000.0,163400.0,370000.0,370000.0,214
2016-07-21,342000.0,375000.0,278000.0,300000.0,300000.0,50
2016-07-22,292000.0,371000.0,286000.0,292000.0,292000.0,26
2016-07-25,290000.0,310000.0,273000.0,284000.0,284000.0,7
2016-07-26,282000.0,285200.0,224000.0,240000.0,240000.0,8
2016-07-27,237000.0,264000.0,225000.0,238000.0,238000.0,9
2016-07-28,235000.0,258000.0,228000.0,233000.0,233000.0,5
2016-07-29,233000.0,245000.0,224000.0,233000.0,233000.0,3
2016-08-01,233000.0,233000.0,210000.0,224900.0,224900.0,2
2016-08-02,205000.0,235000.0,205000.0,217000.0,217000.0,3
2016-08-03,214000.0,239000.0,213000.0,226000.0,226000.0,3
2016-08-04,244000.0,258000.0,224000.0,224000.0,224000.0,5
2016-08-05,227000.0,229000.0,210100.0,221000.0,221000.0,3
2016-08-08,223000.0,240000.0,215000.0,218000.0,218000.0,4
2016-08-09,216000.0,224100.0,203000.0,208000.0,208000.0,2
2016-08-10,240000.0,274000.0,210000.0,222000.0,222000.0,63
2016-08-11,217000.0,218400.0,190000.0,193000.0,193000.0,10
2016-08-12,191000.0,198000.0,178000.0,198000.0,198000.0,7
2016-08-15,197000.0,210000.0,192000.0,197000.0,197000.0,4
2016-08-16,195000.0,209000.0,187000.0,187000.0,187000.0,3
2016-08-17,187000.0,194000.0,178800.0,184000.0,184000.0,2
2016-08-18,185000.0,192000.0,181000.0,184000.0,184000.0,1
2016-08-19,185000.0,187300.0,175200.0,180000.0,180000.0,1
2016-08-22,185000.0,190000.0,171000.0,183000.0,183000.0,2
2016-08-23,179000.0,188900.0,172000.0,173000.0,173000.0,3
2016-08-24,172000.0,180000.0,162100.0,169000.0,169000.0,3
2016-08-25,166000.0,175000.0,163000.0,170000.0,170000.0,1
2016-08-26,167200.0,174000.0,165000.0,168000.0,168000.0,1
2016-08-29,167000.0,170000.0,159000.0,166000.0,166000.0,2
2016-08-30,165000.0,197000.0,162000.0,167000.0,167000.0,8
2016-08-31,167000.0,170000.0,152000.0,160000.0,160000.0,3
2016-09-01,159000.0,169000.0,157000.0,161000.0,161000.0,2
2016-09-02,165000.0,173000.0,162000.0,167000.0,167000.0,1
2016-09-06,170000.0,175000.0,162000.0,163000.0,163000.0,2
2016-09-07,166000.0,181300.0,166000.0,169000.0,169000.0,4
2016-09-08,170000.0,172000.0,165000.0,169000.0,169000.0,2
2016-09-09,169000.0,173000.0,166000.0,166000.0,166000.0,2
2016-09-12,167000.0,170000.0,162000.0,169000.0,169000.0,1
2016-09-13,166300.0,169000.0,163000.0,167000.0,167000.0,1
2016-09-14,164100.0,173000.0,164100.0,169000.0,169000.0,1
2016-09-15,170000.0,179000.0,166000.0,167000.0,167000.0,3
2016-09-16,170000.0,172300.0,164000.0,165000.0,165000.0,1
2016-09-19,166000.0,175000.0,166000.0,169000.0,169000.0,1
2016-09-20,172700.0,172700.0,166000.0,167000.0,167000.0,1
2016-09-21,168000.0,170000.0,166000.0,167000.0,167000.0,1
2016-09-22,166000.0,170000.0,160000.0,166000.0,166000.0,2
2016-09-23,160000.0,169000.0,160000.0,167000.0,167000.0,0
2016-09-26,168000.0,169000.0,162100.0,165000.0,165000.0,0
2016-09-27,166000.0,166000.0,165000.0,166000.0,166000.0,1
2016-09-28,166000.0,173000.0,166000.0,169000.0,169000.0,1
2016-09-29,170000.0,170000.0,155100.0,160000.0,160000.0,2
2016-09-30,170000.0,170000.0,160000.0,164000.0,164000.0,1
2016-10-03,162000.0,166900.0,161000.0,161000.0,161000.0,0
2016-10-04,165000.0,165000.0,160000.0,160000.0,160000.0,1
2016-10-05,163000.0,169000.0,159000.0,166900.0,166900.0,1
2016-10-06,162000.0,166000.0,162000.0,165000.0,165000.0,0
2016-10-07,166600.0,167000.0,162000.0,166000.0,166000.0,0
2016-10-10,165000.0,165000.0,157000.0,160000.0,160000.0,1
2016-10-11,160000.0,165000.0,156000.0,161000.0,161000.0,3
2016-10-12,159000.0,159300.0,156000.0,156000.0,156000.0,0
2016-10-13,157000.0,157000.0,150000.0,152000.0,152000.0,1
2016-10-14,151000.0,155000.0,142000.0,145000.0,145000.0,1
2016-10-17,148000.0,148000.0,140000.0,141000.0,141000.0,0
2016-10-18,142200.0,143000.0,136000.0,140500.0,140500.0,1
2016-10-19,140000.0,142000.0,135000.0,138000.0,138000.0,1
2016-10-20,136000.0,138900.0,133500.0,136000.0,136000.0,1
2016-10-21,136000.0,190000.0,136000.0,170100.0,170100.0,33
2016-10-24,189000.0,195000.0,172000.0,176000.0,176000.0,26
2016-10-25,154000.0,154000.0,130000.0,137000.0,137000.0,8
2016-10-26,141000.0,141000.0,103000.0,129000.0,129000.0,14
2016-10-27,128000.0,128000.0,114000.0,115000.0,115000.0,3
2016-10-28,117000.0,117900.0,113000.0,113700.0,113700.0,1
2016-10-31,113000.0,114400.0,102000.0,105000.0,105000.0,3
2016-11-01,107000.0,108000.0,100000.0,100000.0,100000.0,2
2016-11-02,124000.0,124000.0,100000.0,103000.0,103000.0,4
2016-11-03,101000.0,104000.0,91000.0,98000.0,98000.0,2
2016-11-04,98000.0,100000.0,92000.0,98000.0,98000.0,1
2016-11-07,98000.0,99000.0,91000.0,96000.0,96000.0,3
2016-11-08,87000.0,94000.0,87000.0,89000.0,89000.0,1
2016-11-09,89000.0,105000.0,89000.0,95500.0,95500.0,1
2016-11-10,100000.0,111000.0,93000.0,110000.0,110000.0,1
2016-11-11,111300.0,117800.0,102000.0,111000.0,111000.0,1
2016-11-14,117000.0,117000.0,105000.0,116000.0,116000.0,2
2016-11-15,116000.0,118500.0,103000.0,111000.0,111000.0,2
2016-11-16,111000.0,123000.0,106000.0,111000.0,111000.0,2
2016-11-17,116000.0,120000.0,110000.0,116000.0,116000.0,3
2016-11-18,119000.0,139000.0,116000.0,134000.0,134000.0,8
2016-11-21,130000.0,146000.0,126000.0,131000.0,131000.0,3
2016-11-22,131000.0,134500.0,126000.0,130000.0,130000.0,2
2016-11-23,129000.0,131000.0,126000.0,128000.0,128000.0,1
2016-11-25,125000.0,135000.0,121200.0,127000.0,127000.0,1
2016-11-28,126000.0,126900.0,118000.0,121000.0,121000.0,1
2016-11-29,121000.0,121000.0,108000.0,114000.0,114000.0,1
2016-11-30,115000.0,115000.0,109000.0,111000.0,111000.0,1
2016-12-01,115700.0,119000.0,112000.0,112000.0,112000.0,0
2016-12-02,111000.0,115000.0,103000.0,112000.0,112000.0,1
2016-12-05,111000.0,121000.0,110000.0,117000.0,117000.0,1
2016-12-06,114000.0,118000.0,107000.0,116000.0,116000.0,1
2016-12-07,117000.0,117000.0,108100.0,109000.0,109000.0,1
2016-12-08,110000.0,114000.0,110000.0,110000.0,110000.0,1
2016-12-09,110000.0,118800.0,110000.0,113000.0,113000.0,1
2016-12-12,112000.0,119000.0,104000.0,109000.0,109000.0,7
2016-12-13,120000.0,310000.0,110000.0,119000.0,119000.0,291
2016-12-14,120000.0,123000.0,101000.0,105000.0,105000.0,31
2016-12-15,105000.0,105000.0,98000.0,100000.0,100000.0,12
2016-12-16,100000.0,133000.0,99000.0,114000.0,114000.0,87
2016-12-19,111000.0,120000.0,105000.0,106000.0,106000.0,16
2016-12-20,104000.0,117000.0,104000.0,113000.0,113000.0,12
2016-12-21,125000.0,144000.0,111000.0,111000.0,111000.0,46
2016-12-22,111000.0,115000.0,107000.0,112000.0,112000.0,8
2016-12-23,119000.0,121000.0,113000.0,119000.0,119000.0,5
2016-12-27,118000.0,120000.0,115000.0,115000.0,115000.0,4
2016-12-28,121000.0,121000.0,112000.0,114000.0,114000.0,5
2016-12-29,120000.0,120000.0,113000.0,115100.0,115100.0,5
2016-12-30,120000.0,120000.0,110000.0,115000.0,115000.0,3
2017-01-03,116000.0,120000.0,110000.0,120000.0,120000.0,4
2017-01-04,119000.0,125000.0,117200.0,120000.0,120000.0,5
2017-01-05,124000.0,124000.0,117000.0,118000.0,118000.0,2
2017-01-06,119000.0,122000.0,115000.0,117000.0,117000.0,1
2017-01-09,117000.0,120000.0,115000.0,119000.0,119000.0,2
2017-01-10,119000.0,129000.0,115000.0,127000.0,127000.0,8
2017-01-11,130000.0,167000.0,127000.0,150000.0,150000.0,84
2017-01-12,169000.0,185000.0,136000.0,141000.0,141000.0,41
2017-01-13,136000.0,138000.0,123200.0,136000.0,136000.0,10
2017-01-17,131000.0,138000.0,125000.0,129000.0,129000.0,4
2017-01-18,127000.0,130000.0,122000.0,122000.0,122000.0,3
2017-01-19,120000.0,122000.0,115000.0,116500.0,116500.0,4
2017-01-20,117000.0,119000.0,115000.0,118000.0,118000.0,2
2017-01-23,119000.0,119000.0,115000.0,118000.0,118000.0,2
2017-01-24,116000.0,133000.0,116000.0,128000.0,128000.0,5
2017-01-25,132000.0,132000.0,120000.0,128000.0,128000.0,2
2017-01-26,127000.0,128000.0,121000.0,123000.0,123000.0,2
2017-01-27,122000.0,129000.0,116000.0,119000.0,119000.0,3
2017-01-30,116000.0,118500.0,115000.0,118000.0,118000.0,2
2017-01-31,117000.0,118000.0,110000.0,114000.0,114000.0,3
2017-02-01,113000.0,116000.0,109000.0,110000.0,110000.0,2
2017-02-02,109000.0,115000.0,107000.0,110000.0,110000.0,3
2017-02-03,109000.0,112000.0,109000.0,112000.0,112000.0,2
2017-02-06,114000.0,114000.0,110000.0,112000.0,112000.0,1
2017-02-07,111000.0,112000.0,109000.0,111000.0,111000.0,2
2017-02-08,111000.0,119000.0,111000.0,113000.0,113000.0,2
2017-02-09,115000.0,115000.0,110000.0,110500.0,110500.0,2
2017-02-10,110000.0,111800.0,108000.0,109000.0,109000.0,2
2017-02-13,109000.0,111000.0,107000.0,110000.0,110000.0,2
2017-02-14,106000.0,130000.0,106000.0,113000.0,113000.0,20
2017-02-15,114000.0,115000.0,106000.0,107000.0,107000.0,9
2017-02-16,108000.0,108000.0,103000.0,104000.0,104000.0,4
2017-02-17,104000.0,110000.0,104000.0,106000.0,106000.0,3
2017-02-21,107000.0,107000.0,103000.0,105000.0,105000.0,5
2017-02-22,110000.0,110000.0,103000.0,103000.0,103000.0,4
2017-02-23,103000.0,104000.0,101000.0,103000.0,103000.0,2
2017-02-24,103000.0,104800.0,98000.0,103000.0,103000.0,4
2017-02-27,103000.0,105000.0,100000.0,102000.0,102000.0,2
2017-02-28,102000.0,105000.0,102000.0,102000.0,102000.0,2
2017-03-01,104000.0,108000.0,103000.0,104000.0,104000.0,2
2017-03-02,103000.0,107000.0,103000.0,103400.0,103400.0,1
2017-03-03,109000.0,109000.0,103000.0,103000.0,103000.0,8
2017-03-06,104000.0,104000.0,99100.0,100000.0,100000.0,2
2017-03-07,100000.0,108000.0,99000.0,103000.0,103000.0,4
2017-03-08,105000.0,105000.0,103000.0,103000.0,103000.0,1
2017-03-09,103000.0,108000.0,103000.0,103000.0,103000.0,4
2017-03-10,105000.0,105000.0,101000.0,102000.0,102000.0,1
2017-03-13,105000.0,105000.0,100000.0,101000.0,101000.0,4
2017-03-14,100000.0,105000.0,99000.0,104000.0,104000.0,2
2017-03-15,103000.0,104000.0,99000.0,99000.0,99000.0,7
2017-03-16,101000.0,105000.0,100000.0,103000.0,103000.0,3
2017-03-17,104000.0,111000.0,102000.0,103000.0,103000.0,6
2017-03-20,104000.0,105000.0,100000.0,103000.0,103000.0,2
2017-03-21,102000.0,105000.0,100000.0,104000.0,104000.0,2
2017-03-22,104000.0,116000.0,104000.0,113000.0,113000.0,14
2017-03-23,117000.0,119000.0,106000.0,112000.0,112000.0,9
2017-03-24,103000.0,110000.0,101000.0,107000.0,107000.0,4
2017-03-27,107000.0,115000.0,107000.0,114000.0,114000.0,4
2017-03-28,114000.0,118000.0,111000.0,112000.0,112000.0,5
2017-03-29,112000.0,117000.0,112000.0,115000.0,115000.0,2
2017-03-30,114000.0,116000.0,111000.0,115000.0,115000.0,3
2017-03-31,114000.0,116000.0,112000.0,115000.0,115000.0,1
2017-04-03,114000.0,117000.0,111000.0,112000.0,112000.0,1
2017-04-04,112000.0,116000.0,112000.0,113000.0,113000.0,3
2017-04-05,113000.0,114000.0,111000.0,111000.0,111000.0,2
2017-04-06,111000.0,112000.0,104000.0,106000.0,106000.0,2
2017-04-07,106000.0,109000.0,104000.0,106000.0,106000.0,1
2017-04-10,106000.0,123000.0,106000.0,112000.0,112000.0,8
2017-04-11,110000.0,113000.0,110000.0,111000.0,111000.0,1
2017-04-12,111000.0,119000.0,110000.0,116000.0,116000.0,3
2017-04-13,118000.0,125000.0,112400.0,117500.0,117500.0,9
2017-04-17,117000.0,117800.0,111000.0,111000.0,111000.0,2
2017-04-18,111100.0,113800.0,108000.0,110000.0,110000.0,2
2017-04-19,109000.0,110600.0,106000.0,108000.0,108000.0,2
2017-04-20,107000.0,112800.0,106000.0,107000.0,107000.0,1
2017-04-21,107000.0,112000.0,106000.0,106000.0,106000.0,2
2017-04-24,107000.0,110000.0,105000.0,105000.0,105000.0,1
2017-04-25,108000.0,113000.0,105000.0,112000.0,112000.0,4
2017-04-26,111000.0,113000.0,107000.0,109000.0,109000.0,3
2017-04-27,105000.0,106000.0,100000.0,103000.0,103000.0,4
2017-04-28,104000.0,104000.0,100000.0,101000.0,101000.0,2
2017-05-01,101000.0,104000.0,99000.0,99500.0,99500.0,2
2017-05-02,99000.0,101000.0,92000.0,95000.0,95000.0,5
2017-05-03,95000.0,98400.0,90200.0,96600.0,96600.0,2
2017-05-04,97000.0,99200.0,89200.0,91000.0,91000.0,4
2017-05-05,90000.0,90000.0,70000.0,80700.0,80700.0,9
2017-05-08,84700.0,85000.0,82500.0,83800.0,83800.0,1
2017-05-09,83000.0,83800.0,71100.0,79700.0,79700.0,5
2017-05-10,79000.0,90000.0,79000.0,84600.0,84600.0,3
2017-05-11,84000.0,87000.0,82000.0,83500.0,83500.0,4
2017-05-12,85000.0,85000.0,80000.0,80000.0,80000.0,2
2017-05-15,81000.0,83000.0,81000.0,82000.0,82000.0,1
2017-05-16,83000.0,83100.0,77500.0,78000.0,78000.0,4
2017-05-17,78000.0,82000.0,77300.0,80000.0,80000.0,2
2017-05-18,79000.0,81000.0,72000.0,75700.0,75700.0,1
2017-05-19,75000.0,77000.0,75000.0,77000.0,77000.0,0
2017-05-22,78000.0,78000.0,65800.0,66000.0,66000.0,3
2017-05-23,61000.0,64900.0,52000.0,54000.0,54000.0,7
2017-05-24,56000.0,60000.0,52500.0,54000.0,54000.0,8
2017-05-25,55000.0,79500.0,55000.0,74000.0,74000.0,8
2017-05-26,74600.0,75000.0,63000.0,69200.0,69200.0,7
2017-05-30,72600.0,72600.0,58000.0,66800.0,66800.0,1
2017-05-31,65000.0,70000.0,65000.0,66100.0,66100.0,1
2017-06-01,66000.0,75000.0,66000.0,71000.0,71000.0,2
2017-06-02,68000.0,72000.0,68000.0,71000.0,71000.0,0
2017-06-05,72400.0,72400.0,68000.0,70000.0,70000.0,0
2017-06-06,70000.0,72000.0,66200.0,69900.0,69900.0,1
2017-06-07,68100.0,70000.0,65000.0,65500.0,65500.0,1
2017-06-08,65200.0,68800.0,65000.0,66000.0,66000.0,0
2017-06-09,65000.0,70500.0,65000.0,67000.0,67000.0,1
2017-06-12,67000.0,70000.0,61000.0,65000.0,65000.0,2
2017-06-13,65000.0,70000.0,65000.0,70000.0,70000.0,4
2017-06-14,68000.0,69000.0,65000.0,67000.0,67000.0,1
2017-06-15,66000.0,68000.0,62000.0,63100.0,63100.0,2
2017-06-16,64000.0,65000.0,58200.0,59000.0,59000.0,2
2017-06-19,63000.0,69000.0,59000.0,63000.0,63000.0,1
2017-06-20,66000.0,66000.0,60100.0,62000.0,62000.0,0
2017-06-21,62000.0,68900.0,61400.0,66000.0,66000.0,1
2017-06-22,66400.0,78000.0,65600.0,73900.0,73900.0,3
2017-06-23,77000.0,77400.0,73000.0,74000.0,74000.0,3
2017-06-26,77000.0,77900.0,68000.0,72000.0,72000.0,1
2017-06-27,69000.0,73000.0,69000.0,71000.0,71000.0,0
2017-06-28,69000.0,74300.0,69000.0,74000.0,74000.0,0
2017-06-29,74000.0,77000.0,61000.0,66500.0,66500.0,2
2017-06-30,65000.0,67000.0,63000.0,64000.0,64000.0,1
2017-07-03,62000.0,65000.0,62000.0,63000.0,63000.0,0
2017-07-05,63000.0,67000.0,60000.0,62000.0,62000.0,3
2017-07-06,62000.0,63100.0,58000.0,60000.0,60000.0,2
2017-07-07,58000.0,60000.0,54900.0,55000.0,55000.0,4
2017-07-10,55000.0,57000.0,45200.0,46000.0,46000.0,7
2017-07-11,47000.0,49000.0,42000.0,44800.0,44800.0,3
2017-07-12,46500.0,56400.0,38000.0,41900.0,41900.0,94
2017-07-13,33000.0,36100.0,30200.0,32000.0,32000.0,54
2017-07-14,33000.0,33500.0,31000.0,31100.0,31100.0,13
2017-07-17,32000.0,32000.0,29000.0,30500.0,30500.0,16
2017-07-18,31000.0,33000.0,29200.0,30200.0,30200.0,26
2017-07-19,34000.0,35000.0,30500.0,32000.0,32000.0,56
2017-07-20,34000.0,41500.0,33100.0,38000.0,38000.0,191
2017-07-21,41000.0,41900.0,34000.0,34500.0,34500.0,104
2017-07-24,36500.0,36700.0,32500.0,35500.0,35500.0,32
2017-07-25,35900.0,36500.0,33200.0,33500.0,33500.0,17
2017-07-26,33000.0,36500.0,33000.0,34500.0,34500.0,27
2017-07-27,34600.0,34900.0,32000.0,33400.0,33400.0,22
2017-07-28,32000.0,33700.0,31600.0,32900.0,32900.0,16
2017-07-31,32000.0,33100.0,28300.0,30500.0,30500.0,22
2017-08-01,30000.0,33000.0,30000.0,32100.0,32100.0,13
2017-08-02,32900.0,34500.0,32100.0,32400.0,32400.0,13
2017-08-03,33000.0,33000.0,30000.0,30700.0,30700.0,10
2017-08-04,30500.0,31900.0,30000.0,31000.0,31000.0,9
2017-08-07,32500.0,32800.0,31000.0,32000.0,32000.0,7
2017-08-08,33000.0,34600.0,30500.0,32000.0,32000.0,17
2017-08-09,30100.0,32000.0,29000.0,29500.0,29500.0,16
2017-08-10,29500.0,30000.0,26500.0,26500.0,26500.0,23
2017-08-11,27800.0,28000.0,26200.0,27200.0,27200.0,7
2017-08-14,27600.0,27900.0,24000.0,25800.0,25800.0,12
2017-08-15,25000.0,26700.0,24500.0,25000.0,25000.0,6
2017-08-16,25000.0,25800.0,21200.0,24500.0,24500.0,14
2017-08-17,25000.0,25000.0,23100.0,23400.0,23400.0,10
2017-08-18,24500.0,24700.0,22800.0,24400.0,24400.0,15
2017-08-21,24500.0,29400.0,24000.0,27100.0,27100.0,39
2017-08-22,26000.0,26900.0,25000.0,26000.0,26000.0,9
2017-08-23,26600.0,26600.0,25000.0,25600.0,25600.0,7
2017-08-24,26000.0,26500.0,25000.0,26000.0,26000.0,7
2017-08-25,26000.0,26100.0,24600.0,25500.0,25500.0,4
2017-08-28,26000.0,26000.0,25000.0,25200.0,25200.0,4
2017-08-29,25300.0,25800.0,25000.0,25400.0,25400.0,4
2017-08-30,25200.0,26000.0,25000.0,25900.0,25900.0,7
2017-08-31,27000.0,28500.0,25800.0,26700.0,26700.0,15
2017-09-01,28500.0,30500.0,26900.0,29000.0,29000.0,18
2017-09-05,29000.0,32000.0,29000.0,29700.0,29700.0,15
2017-09-06,31100.0,31100.0,26300.0,27700.0,27700.0,10
2017-09-07,28900.0,31000.0,27700.0,30000.0,30000.0,14
2017-09-08,32900.0,33000.0,30100.0,30400.0,30400.0,20
2017-09-11,32000.0,33000.0,30400.0,32200.0,32200.0,13
2017-09-12,34000.0,35000.0,30600.0,32000.0,32000.0,22
2017-09-13,33000.0,33000.0,30000.0,30000.0,30000.0,10
2017-09-14,30000.0,31900.0,29100.0,29100.0,29100.0,11
2017-09-15,29900.0,29900.0,27000.0,28300.0,28300.0,9
2017-09-18,29000.0,29500.0,27000.0,27000.0,27000.0,7
2017-09-19,28000.0,28000.0,26100.0,26700.0,26700.0,9
2017-09-20,26000.0,27400.0,25000.0,26600.0,26600.0,6
2017-09-21,27200.0,28000.0,25500.0,28000.0,28000.0,7
2017-09-22,29000.0,31000.0,27500.0,29300.0,29300.0,11
2017-09-25,30000.0,30500.0,27300.0,28700.0,28700.0,6
2017-09-26,29500.0,30000.0,28200.0,29000.0,29000.0,9
2017-09-27,29900.0,33200.0,29000.0,32900.0,32900.0,36
2017-09-28,35500.0,37000.0,32000.0,32100.0,32100.0,49
2017-09-29,33500.0,33500.0,29000.0,31000.0,31000.0,13
2017-10-02,31000.0,33000.0,30000.0,31100.0,31100.0,9
2017-10-03,31900.0,32400.0,30500.0,30600.0,30600.0,8
2017-10-04,30500.0,31500.0,30200.0,30200.0,30200.0,10
2017-10-05,30200.0,30500.0,27500.0,29000.0,29000.0,23
2017-10-06,28300.0,31900.0,28000.0,29500.0,29500.0,22
2017-10-09,30000.0,32900.0,29100.0,30500.0,30500.0,19
2017-10-10,30200.0,30500.0,29000.0,29500.0,29500.0,9
2017-10-11,29500.0,35900.0,29300.0,33100.0,33100.0,66
2017-10-12,35000.0,35000.0,31000.0,31600.0,31600.0,24
2017-10-13,31500.0,32000.0,30000.0,30900.0,30900.0,10
2017-10-16,31900.0,32900.0,30000.0,31900.0,31900.0,11
2017-10-17,30900.0,38000.0,30100.0,36900.0,36900.0,81
2017-10-18,37000.0,41000.0,33100.0,35800.0,35800.0,80
2017-10-19,35800.0,37500.0,32600.0,36600.0,36600.0,29
2017-10-20,37000.0,37000.0,35000.0,36500.0,36500.0,22
2017-10-23,36000.0,41000.0,33500.0,36000.0,36000.0,84
2017-10-24,36500.0,36500.0,32500.0,33400.0,33400.0,32
2017-10-25,33000.0,33000.0,30500.0,32500.0,32500.0,20
2017-10-26,32100.0,32400.0,30100.0,31400.0,31400.0,11
2017-10-27,31000.0,31200.0,29500.0,30000.0,30000.0,12
2017-10-30,30600.0,30600.0,29500.0,29700.0,29700.0,8
2017-10-31,30000.0,30300.0,28000.0,28800.0,28800.0,11
2017-11-01,28000.0,29000.0,27100.0,28500.0,28500.0,10
2017-11-02,29800.0,30200.0,28200.0,28800.0,28800.0,16
2017-11-03,28500.0,31000.0,28500.0,30300.0,30300.0,11
2017-11-06,33000.0,33200.0,30300.0,31100.0,31100.0,13
2017-11-07,30800.0,31700.0,28700.0,31000.0,31000.0,14
2017-11-08,29000.0,31000.0,28000.0,28400.0,28400.0,15
2017-11-09,28400.0,29900.0,28000.0,28300.0,28300.0,8
2017-11-10,28800.0,28800.0,26500.0,27200.0,27200.0,12
2017-11-13,28500.0,28500.0,27100.0,27800.0,27800.0,4
2017-11-14,27000.0,28300.0,26200.0,27400.0,27400.0,10
2017-11-15,26500.0,27500.0,25500.0,25800.0,25800.0,12
2017-11-16,26000.0,26900.0,26000.0,26200.0,26200.0,4
2017-11-17,27000.0,28500.0,26500.0,27700.0,27700.0,7
2017-11-20,28000.0,28500.0,26500.0,27000.0,27000.0,7
2017-11-21,26500.0,27900.0,24500.0,25100.0,25100.0,18
2017-11-22,24500.0,26000.0,24400.0,24600.0,24600.0,9
2017-11-24,26000.0,26000.0,24200.0,24900.0,24900.0,6
2017-11-27,24500.0,25900.0,20000.0,24400.0,24400.0,10
2017-11-28,23500.0,25000.0,22000.0,25000.0,25000.0,11
2017-11-29,24900.0,26500.0,24200.0,26000.0,26000.0,25
2017-11-30,27000.0,27000.0,23100.0,25000.0,25000.0,22
2017-12-01,23100.0,24700.0,23100.0,23500.0,23500.0,9
2017-12-04,24900.0,25000.0,23200.0,24800.0,24800.0,9
2017-12-05,25000.0,25000.0,23200.0,24000.0,24000.0,10
2017-12-06,24000.0,24500.0,22000.0,23000.0,23000.0,15
2017-12-07,22300.0,23100.0,21500.0,21900.0,21900.0,11
2017-12-08,22100.0,22900.0,21700.0,22500.0,22500.0,10
2017-12-11,21900.0,24500.0,21700.0,23000.0,23000.0,7
2017-12-12,23000.0,23000.0,21700.0,22200.0,22200.0,5
2017-12-13,22200.0,23000.0,17900.0,20000.0,20000.0,15
2017-12-14,19900.0,21500.0,19500.0,20100.0,20100.0,7
2017-12-15,20900.0,20900.0,19500.0,19500.0,19500.0,11
2017-12-18,20800.0,21000.0,18000.0,19500.0,19500.0,9
2017-12-19,17200.0,18400.0,17200.0,17700.0,17700.0,21
2017-12-20,19000.0,19000.0,16500.0,17200.0,17200.0,12
2017-12-21,19000.0,19000.0,16700.0,16700.0,16700.0,11
2017-12-22,17600.0,17600.0,15600.0,16800.0,16800.0,14
2017-12-26,16000.0,16500.0,15600.0,15800.0,15800.0,11
2017-12-27,16000.0,16900.0,15100.0,16000.0,16000.0,24
2017-12-28,16000.0,21000.0,16000.0,19000.0,19000.0,35
2017-12-29,19000.0,20000.0,17500.0,18700.0,18700.0,21
2018-01-02,19600.0,20000.0,18100.0,18700.0,18700.0,7
2018-01-03,19000.0,21000.0,18200.0,19000.0,19000.0,26
2018-01-04,18100.0,19300.0,18100.0,18800.0,18800.0,6
2018-01-05,19800.0,20900.0,18900.0,19900.0,19900.0,14
2018-01-08,22000.0,23000.0,20000.0,21300.0,21300.0,24
2018-01-09,21800.0,21900.0,18200.0,19100.0,19100.0,15
2018-01-10,18300.0,19800.0,18000.0,19000.0,19000.0,6
2018-01-11,18800.0,20000.0,18400.0,19500.0,19500.0,5
2018-01-12,19500.0,19500.0,16900.0,17300.0,17300.0,14
2018-01-16,17300.0,21500.0,16800.0,18700.0,18700.0,20
2018-01-17,18000.0,18700.0,15300.0,17000.0,17000.0,17
2018-01-18,16900.0,17000.0,15400.0,15400.0,15400.0,21
2018-01-19,14960.0,16260.0,13080.0,13240.0,13240.0,74
2018-01-22,13560.0,16788.0,13240.0,16080.0,16080.0,104
2018-01-23,15880.0,17720.0,15440.0,16080.0,16080.0,73
2018-01-24,16320.0,30400.0,16320.0,20840.0,20840.0,853
2018-01-25,20280.0,27956.0,20000.0,26280.0,26280.0,286
2018-01-26,25880.0,27880.0,23400.0,23600.0,23600.0,176
2018-01-29,25040.0,25040.0,19020.0,19420.0,19420.0,157
2018-01-30,20000.0,22716.0,18848.0,20000.0,20000.0,238
2018-01-31,20520.0,22200.0,14880.0,15400.0,15400.0,291
2018-02-01,18800.0,19120.0,14600.0,14600.0,14600.0,278
2018-02-02,11800.0,11852.0,11320.0,11800.0,11800.0,388
2018-02-05,11760.0,11760.0,10800.0,11000.0,11000.0,42
2018-02-06,10800.0,11196.0,10000.0,10040.0,10040.0,58
2018-02-07,10320.0,10944.0,9400.0,9640.0,9640.0,97
2018-02-08,9600.0,10196.0,9280.0,9280.0,9280.0,93
2018-02-09,9400.0,9480.0,8200.0,9156.0,9156.0,85
2018-02-12,9160.0,9280.0,8560.0,8960.0,8960.0,62
2018-02-13,9000.0,10600.0,8200.0,8320.0,8320.0,390
2018-02-14,8360.0,8600.0,7800.0,8400.0,8400.0,112
2018-02-15,8400.0,8560.0,7400.0,7440.0,7440.0,84
2018-02-16,7520.0,8160.0,7520.0,8120.0,8120.0,102
2018-02-20,8120.0,8956.0,8120.0,8200.0,8200.0,159
2018-02-21,8240.0,8560.0,7560.0,7880.0,7880.0,67
2018-02-22,7840.0,8000.0,7120.0,7400.0,7400.0,58
2018-02-23,7360.0,7840.0,7280.0,7680.0,7680.0,22
2018-02-26,7840.0,9280.0,7780.0,9000.0,9000.0,167
2018-02-27,9160.0,9760.0,8440.0,8840.0,8840.0,184
2018-02-28,8760.0,8996.0,8640.0,8840.0,8840.0,33
2018-03-01,8800.0,8956.0,8560.0,8840.0,8840.0,28
2018-03-02,8720.0,8876.0,8480.0,8560.0,8560.0,16
2018-03-05,8560.0,8800.0,8520.0,8600.0,8600.0,16
2018-03-06,8600.0,9560.0,8400.0,9320.0,9320.0,92
2018-03-07,9280.0,10600.0,9040.0,9120.0,9120.0,235
2018-03-08,8960.0,9360.0,8960.0,9120.0,9120.0,38
2018-03-09,9120.0,9596.0,9004.0,9240.0,9240.0,51
2018-03-12,9200.0,9840.0,9040.0,9760.0,9760.0,73
2018-03-13,10000.0,10280.0,9400.0,9600.0,9600.0,102
2018-03-14,9600.0,9796.0,8880.0,9080.0,9080.0,82
2018-03-15,9080.0,9836.0,8844.0,9120.0,9120.0,91
2018-03-16,9640.0,10160.0,9200.0,9280.0,9280.0,97
2018-03-19,9200.0,9200.0,8280.0,8400.0,8400.0,74
2018-03-20,8400.0,8400.0,7800.0,7960.0,7960.0,41
2018-03-21,7920.0,8060.0,7640.0,8000.0,8000.0,21
2018-03-22,7960.0,7960.0,7400.0,7440.0,7440.0,49
2018-03-23,7560.0,7560.0,7440.0,7560.0,7560.0,26
2018-03-26,7600.0,7704.0,7000.0,7000.0,7000.0,43
2018-03-27,7000.0,7520.0,7000.0,7120.0,7120.0,13
2018-03-28,7200.0,7240.0,6520.0,6520.0,6520.0,26
2018-03-29,6600.0,7000.0,6520.0,6720.0,6720.0,17
2018-04-02,6720.0,6960.0,6520.0,6720.0,6720.0,13
2018-04-03,6760.0,6920.0,6520.0,6520.0,6520.0,12
2018-04-04,6520.0,7240.0,6480.0,7160.0,7160.0,26
2018-04-05,7360.0,8040.0,6800.0,7760.0,7760.0,54
2018-04-06,7680.0,8000.0,7240.0,7640.0,7640.0,28
2018-04-09,7760.0,7760.0,7240.0,7400.0,7400.0,8
2018-04-10,7680.0,7680.0,7220.0,7440.0,7440.0,15
2018-04-11,7480.0,7520.0,7000.0,7520.0,7520.0,9
2018-04-12,7680.0,8400.0,7120.0,7480.0,7480.0,59
2018-04-13,7444.0,7640.0,7244.0,7640.0,7640.0,10
2018-04-16,7800.0,7800.0,7540.0,7760.0,7760.0,12
2018-04-17,7920.0,9760.0,7560.0,8280.0,8280.0,197
2018-04-18,8240.0,8480.0,7924.0,8360.0,8360.0,14
2018-04-19,9400.0,11160.0,8324.0,8720.0,8720.0,3632
2018-04-20,8400.0,9032.0,7800.0,8200.0,8200.0,261
2018-04-23,8440.0,8596.0,7880.0,8200.0,8200.0,51
2018-04-24,8160.0,8492.0,7440.0,7600.0,7600.0,172
2018-04-25,7680.0,8200.0,7400.0,8000.0,8000.0,57
2018-04-26,8200.0,8200.0,7680.0,7680.0,7680.0,58
2018-04-27,7640.0,7844.0,7480.0,7520.0,7520.0,52
2018-04-30,7480.0,7720.0,7200.0,7440.0,7440.0,83
2018-05-01,7520.0,7916.0,7120.0,7360.0,7360.0,63
2018-05-02,7360.0,8600.0,7244.0,8480.0,8480.0,183
2018-05-03,8640.0,8640.0,7724.0,8280.0,8280.0,72
2018-05-04,8240.0,8600.0,8000.0,8200.0,8200.0,42
2018-05-07,8160.0,8396.0,7760.0,7960.0,7960.0,38
2018-05-08,8040.0,8040.0,7444.0,7600.0,7600.0,39
2018-05-09,7800.0,7804.0,7160.0,7344.0,7344.0,54
2018-05-10,7320.0,7756.0,7200.0,7480.0,7480.0,53
2018-05-11,7324.0,7372.0,7020.0,7200.0,7200.0,73
2018-05-14,7200.0,7280.0,6920.0,7040.0,7040.0,32
2018-05-15,7040.0,7160.0,6880.0,7080.0,7080.0,18
2018-05-16,7080.0,7520.0,7000.0,7440.0,7440.0,31
2018-05-17,7400.0,7480.0,7200.0,7200.0,7200.0,19
2018-05-18,7240.0,7400.0,7040.0,7080.0,7080.0,24
2018-05-21,7080.0,7200.0,6960.0,7120.0,7120.0,16
2018-05-22,7120.0,7160.0,6960.0,6980.0,6980.0,32
2018-05-23,6960.0,7800.0,6884.0,7320.0,7320.0,220
2018-05-24,7640.0,8080.0,7404.0,7640.0,7640.0,105
2018-05-25,7560.0,9000.0,7480.0,8520.0,8520.0,241
2018-05-29,8400.0,9720.0,8080.0,8960.0,8960.0,285
2018-05-30,9000.0,9316.0,8200.0,8560.0,8560.0,102
2018-05-31,8800.0,9000.0,8400.0,8560.0,8560.0,40
2018-06-01,8560.0,9328.0,8480.0,9080.0,9080.0,54
2018-06-04,9520.0,10160.0,9000.0,9480.0,9480.0,136
2018-06-05,9600.0,10760.0,9600.0,10160.0,10160.0,361
2018-06-06,10080.0,10756.0,9920.0,10320.0,10320.0,98
2018-06-07,10320.0,10600.0,9680.0,9960.0,9960.0,77
2018-06-08,9920.0,10400.0,9920.0,10280.0,10280.0,74
2018-06-11,10440.0,11200.0,10200.0,11200.0,11200.0,213
2018-06-12,11320.0,11600.0,9600.0,9880.0,9880.0,143
2018-06-13,9760.0,9880.0,8840.0,9200.0,9200.0,118
2018-06-14,9280.0,9280.0,8240.0,8640.0,8640.0,112
2018-06-15,8560.0,8968.0,8440.0,8960.0,8960.0,26
2018-06-18,8760.0,9068.0,8440.0,8520.0,8520.0,34
2018-06-19,8520.0,8584.0,8240.0,8320.0,8320.0,29
2018-06-20,8320.0,8636.0,8040.0,8240.0,8240.0,32
2018-06-21,8280.0,8520.0,7840.0,8200.0,8200.0,39
2018-06-22,8120.0,8276.0,7880.0,7880.0,7880.0,29
2018-06-25,7920.0,7960.0,7480.0,7760.0,7760.0,24
2018-06-26,7600.0,7764.0,7320.0,7560.0,7560.0,25
2018-06-27,7640.0,7640.0,6920.0,7040.0,7040.0,35
2018-06-28,6880.0,7040.0,6640.0,6960.0,6960.0,25
2018-06-29,7000.0,7356.0,6920.0,7120.0,7120.0,14
2018-07-02,7080.0,7600.0,6920.0,7520.0,7520.0,29
2018-07-03,7640.0,7680.0,7400.0,7440.0,7440.0,13
2018-07-05,7400.0,7500.0,7120.0,7400.0,7400.0,12
2018-07-06,7400.0,7600.0,7204.0,7520.0,7520.0,7
2018-07-09,7480.0,8188.0,7400.0,7760.0,7760.0,28
2018-07-10,7840.0,8596.0,7800.0,8240.0,8240.0,43
2018-07-11,8480.0,9200.0,8240.0,8800.0,8800.0,134
2018-07-12,8760.0,8824.0,8240.0,8440.0,8440.0,24
2018-07-13,8640.0,8640.0,8200.0,8240.0,8240.0,10
2018-07-16,8440.0,8568.0,7824.0,8120.0,8120.0,14
2018-07-17,8040.0,8600.0,7868.0,8360.0,8360.0,24
2018-07-18,8400.0,8756.0,8280.0,8360.0,8360.0,30
2018-07-19,8160.0,8280.0,7808.0,8040.0,8040.0,12
2018-07-20,8120.0,8240.0,7840.0,7920.0,7920.0,18
2018-07-23,7884.0,8072.0,7840.0,8072.0,8072.0,4
2018-07-24,8040.0,8360.0,7440.0,7600.0,7600.0,22
2018-07-25,7640.0,7900.0,7412.0,7760.0,7760.0,13
2018-07-26,7800.0,7836.0,7040.0,7520.0,7520.0,11
2018-07-27,7488.0,7680.0,7400.0,7400.0,7400.0,10
2018-07-30,7440.0,7720.0,7120.0,7560.0,7560.0,7
2018-07-31,7684.0,7840.0,7400.0,7520.0,7520.0,6
2018-08-01,7520.0,7800.0,7520.0,7640.0,7640.0,6
2018-08-02,7760.0,8116.0,7600.0,7840.0,7840.0,22
2018-08-03,7760.0,8116.0,7120.0,7400.0,7400.0,28
2018-08-06,7360.0,7360.0,7000.0,7080.0,7080.0,17
2018-08-07,7188.0,7560.0,7120.0,7200.0,7200.0,10
2018-08-08,7040.0,7540.0,7040.0,7040.0,7040.0,7
2018-08-09,7104.0,7480.0,7000.0,7360.0,7360.0,19
2018-08-10,7360.0,7360.0,7040.0,7080.0,7080.0,34
2018-08-13,7080.0,7480.0,7080.0,7240.0,7240.0,8
2018-08-14,7440.0,7476.0,7200.0,7200.0,7200.0,9
2018-08-15,7360.0,7400.0,7200.0,7200.0,7200.0,9
2018-08-16,7240.0,7360.0,7040.0,7180.0,7180.0,10
2018-08-17,7348.0,7360.0,7080.0,7120.0,7120.0,17
2018-08-20,7160.0,7320.0,7160.0,7280.0,7280.0,26
2018-08-21,7280.0,7960.0,7280.0,7760.0,7760.0,47
2018-08-22,7920.0,8080.0,7760.0,7800.0,7800.0,36
2018-08-23,7800.0,8156.0,7520.0,7520.0,7520.0,12
2018-08-24,7640.0,7800.0,7560.0,7640.0,7640.0,6
2018-08-27,7640.0,7800.0,7416.0,7440.0,7440.0,13
2018-08-28,7796.0,7796.0,7480.0,7680.0,7680.0,6
2018-08-29,7720.0,7720.0,7560.0,7720.0,7720.0,6
2018-08-30,7720.0,7840.0,7600.0,7680.0,7680.0,10
2018-08-31,7600.0,7960.0,7600.0,7680.0,7680.0,13
2018-09-04,7720.0,7920.0,7600.0,7640.0,7640.0,7
2018-09-05,7760.0,7960.0,7440.0,7720.0,7720.0,21
2018-09-06,7932.0,7960.0,7480.0,7568.0,7568.0,19
2018-09-07,7600.0,7960.0,7472.0,7920.0,7920.0,16
2018-09-10,7748.0,8400.0,7680.0,8000.0,8000.0,46
2018-09-11,8028.0,8188.0,7480.0,7480.0,7480.0,19
2018-09-12,7640.0,7880.0,7440.0,7600.0,7600.0,19
2018-09-13,7720.0,7760.0,7520.0,7560.0,7560.0,5
2018-09-14,7520.0,7680.0,7480.0,7480.0,7480.0,17
2018-09-17,7576.0,7800.0,7576.0,7600.0,7600.0,4
2018-09-18,7800.0,8040.0,7520.0,7920.0,7920.0,29
2018-09-19,8188.0,8400.0,7600.0,7720.0,7720.0,45
2018-09-20,8156.0,8600.0,7640.0,8520.0,8520.0,84
2018-09-21,8400.0,9000.0,8400.0,8640.0,8640.0,96
2018-09-24,9400.0,9640.0,8244.0,8800.0,8800.0,172
2018-09-25,8800.0,8960.0,8400.0,8600.0,8600.0,32
2018-09-26,8600.0,8800.0,8240.0,8400.0,8400.0,29
2018-09-27,8240.0,8560.0,8000.0,8200.0,8200.0,22
2018-09-28,8200.0,8240.0,8000.0,8120.0,8120.0,30
2018-10-01,8120.0,8400.0,7800.0,7960.0,7960.0,38
2018-10-02,8000.0,8240.0,7760.0,7920.0,7920.0,33
2018-10-03,8000.0,8000.0,7600.0,7960.0,7960.0,26
2018-10-04,7920.0,8120.0,7720.0,8040.0,8040.0,15
2018-10-05,8000.0,8160.0,7780.0,8080.0,8080.0,15
2018-10-08,7840.0,8200.0,7684.0,7920.0,7920.0,20
2018-10-09,7880.0,8000.0,7680.0,7960.0,7960.0,5
2018-10-10,8000.0,8164.0,7680.0,7680.0,7680.0,28
2018-10-11,7720.0,7956.0,7680.0,7760.0,7760.0,11
2018-10-12,7800.0,8080.0,7520.0,7800.0,7800.0,26
2018-10-15,7640.0,7800.0,7400.0,7560.0,7560.0,15
2018-10-16,7464.0,7920.0,7400.0,7440.0,7440.0,22
2018-10-17,7424.0,7424.0,6720.0,6760.0,6760.0,81
2018-10-18,5680.0,5800.0,5224.0,5320.0,5320.0,316
2018-10-19,5400.0,5560.0,5360.0,5520.0,5520.0,95
2018-10-22,5520.0,5704.0,5400.0,5400.0,5400.0,40
2018-10-23,5400.0,5540.0,5320.0,5360.0,5360.0,33
2018-10-24,5360.0,5360.0,5080.0,5120.0,5120.0,32
2018-10-25,5120.0,5336.0,5080.0,5160.0,5160.0,10
2018-10-26,5160.0,5160.0,4920.0,4960.0,4960.0,32
2018-10-29,5040.0,5096.0,4760.0,4880.0,4880.0,42
2018-10-30,4760.0,4880.0,4720.0,4740.0,4740.0,11
2018-10-31,4840.0,5200.0,4760.0,4880.0,4880.0,33
2018-11-01,4880.0,5480.0,4800.0,5360.0,5360.0,19
2018-11-02,5440.0,5548.0,5160.0,5360.0,5360.0,21
2018-11-05,5520.0,5580.0,5120.0,5360.0,5360.0,15
2018-11-06,5320.0,5480.0,5200.0,5440.0,5440.0,7
2018-11-07,5400.0,5504.0,5280.0,5280.0,5280.0,5
2018-11-08,5280.0,5480.0,5200.0,5296.0,5296.0,14
2018-11-09,5200.0,5340.0,5040.0,5320.0,5320.0,19
2018-11-12,5200.0,5400.0,5120.0,5120.0,5120.0,13
2018-11-13,5200.0,5480.0,5160.0,5160.0,5160.0,11
2018-11-14,5320.0,5440.0,5120.0,5160.0,5160.0,27
2018-11-15,5160.0,5280.0,5000.0,5080.0,5080.0,17
2018-11-16,5080.0,5236.0,4800.0,4980.0,4980.0,8
2018-11-19,4960.0,4960.0,4520.0,4600.0,4600.0,17
2018-11-20,4560.0,4956.0,4240.0,4260.0,4260.0,15
2018-11-21,4360.0,5120.0,4360.0,5000.0,5000.0,10
2018-11-23,4840.0,4920.0,4560.0,4640.0,4640.0,4
2018-11-26,4720.0,4800.0,4464.0,4600.0,4600.0,7
2018-11-27,4600.0,4600.0,4400.0,4600.0,4600.0,6
2018-11-28,4560.0,4560.0,4240.0,4400.0,4400.0,8
2018-11-29,4240.0,4600.0,4240.0,4400.0,4400.0,8
2018-11-30,4440.0,4620.0,4320.0,4360.0,4360.0,18
2018-12-03,4368.0,4460.0,4360.0,4380.0,4380.0,7
2018-12-04,4400.0,5360.0,4240.0,4340.0,4340.0,230
2018-12-06,4360.0,4480.0,4080.0,4200.0,4200.0,18
2018-12-07,4200.0,4600.0,4168.0,4200.0,4200.0,17
2018-12-10,4240.0,4304.0,3880.0,3920.0,3920.0,32
2018-12-11,4000.0,4120.0,3664.0,4000.0,4000.0,13
2018-12-12,3880.0,4000.0,3652.0,3788.0,3788.0,26
2018-12-13,3840.0,4060.0,3740.0,3760.0,3760.0,14
2018-12-14,3740.0,4320.0,3720.0,3840.0,3840.0,62
2018-12-17,4000.0,4360.0,3800.0,4360.0,4360.0,56
2018-12-18,4360.0,4400.0,3040.0,3600.0,3600.0,87
2018-12-19,3780.0,3880.0,3120.0,3668.0,3668.0,99
2018-12-20,3720.0,4280.0,3364.0,3784.0,3784.0,66
2018-12-21,3600.0,4120.0,3520.0,4120.0,4120.0,41
2018-12-24,3840.0,4200.0,3600.0,4200.0,4200.0,22
2018-12-26,4200.0,4240.0,3920.0,4160.0,4160.0,12
2018-12-27,4160.0,4240.0,4120.0,4160.0,4160.0,28
2018-12-28,4200.0,5200.0,4120.0,5040.0,5040.0,118
2018-12-31,5120.0,5320.0,4948.0,5200.0,5200.0,65
2019-01-02,5200.0,5840.0,5120.0,5736.0,5736.0,29
2019-01-03,5720.0,5720.0,5240.0,5520.0,5520.0,12
2019-01-04,5640.0,5800.0,5240.0,5708.0,5708.0,21
2019-01-07,5800.0,5840.0,5640.0,5840.0,5840.0,21
2019-01-08,6000.0,6000.0,5640.0,5840.0,5840.0,42
2019-01-09,5840.0,8120.0,5840.0,6840.0,6840.0,264
2019-01-10,6680.0,7588.0,6600.0,7200.0,7200.0,71
2019-01-11,7160.0,7200.0,6892.0,6920.0,6920.0,21
2019-01-14,6972.0,7160.0,6520.0,6700.0,6700.0,39
2019-01-15,7040.0,7240.0,6560.0,7000.0,7000.0,65
2019-01-16,6880.0,6980.0,6800.0,6840.0,6840.0,21
2019-01-17,6880.0,7040.0,6760.0,6760.0,6760.0,25
2019-01-18,6760.0,6904.0,6600.0,6800.0,6800.0,8
2019-01-22,6640.0,6640.0,6320.0,6320.0,6320.0,16
2019-01-23,6520.0,6600.0,6200.0,6320.0,6320.0,16
2019-01-24,6640.0,6640.0,6280.0,6360.0,6360.0,13
2019-01-25,6360.0,6600.0,5760.0,6160.0,6160.0,136
2019-01-28,6408.0,6408.0,6000.0,6120.0,6120.0,75
2019-01-29,6080.0,6080.0,6000.0,6040.0,6040.0,28
2019-01-30,6200.0,6200.0,5960.0,5996.0,5996.0,27
2019-01-31,6048.0,6320.0,5600.0,5720.0,5720.0,43
2019-02-01,5840.0,6060.0,5800.0,5800.0,5800.0,6
2019-02-04,5880.0,5880.0,5600.0,5640.0,5640.0,10
2019-02-05,6200.0,6280.0,5800.0,5960.0,5960.0,48
2019-02-06,5960.0,5960.0,5492.0,5692.0,5692.0,27
2019-02-07,5640.0,5804.0,5640.0,5760.0,5760.0,5
2019-02-08,5800.0,5800.0,5600.0,5680.0,5680.0,15
2019-02-11,5600.0,5652.0,5388.0,5520.0,5520.0,10
2019-02-12,5520.0,5640.0,5496.0,5540.0,5540.0,5
2019-02-13,5532.0,5800.0,5480.0,5560.0,5560.0,8
2019-02-14,5680.0,6004.0,5520.0,5760.0,5760.0,71
2019-02-15,5720.0,5760.0,5648.0,5720.0,5720.0,7
2019-02-19,5840.0,5920.0,5720.0,5920.0,5920.0,25
2019-02-20,5680.0,6040.0,5680.0,5760.0,5760.0,19
2019-02-21,5800.0,5876.0,5656.0,5840.0,5840.0,8
2019-02-22,5920.0,5920.0,5680.0,5820.0,5820.0,8
2019-02-25,5920.0,6360.0,5720.0,6000.0,6000.0,27
2019-02-26,6160.0,6160.0,5720.0,5760.0,5760.0,20
2019-02-27,5720.0,5952.0,5624.0,5840.0,5840.0,27
2019-02-28,5760.0,5880.0,5648.0,5720.0,5720.0,5
2019-03-01,5760.0,5920.0,5520.0,5920.0,5920.0,12
2019-03-04,5520.0,5600.0,5100.0,5360.0,5360.0,16
2019-03-05,5400.0,5560.0,5400.0,5404.0,5404.0,6
2019-03-06,5440.0,5600.0,5240.0,5240.0,5240.0,7
2019-03-07,5280.0,5432.0,4800.0,4832.0,4832.0,19
2019-03-08,4800.0,5160.0,4680.0,5080.0,5080.0,7
2019-03-11,4880.0,5080.0,4760.0,5080.0,5080.0,5
2019-03-12,4920.0,5160.0,4920.0,5160.0,5160.0,11
2019-03-13,5080.0,5136.0,4712.0,4880.0,4880.0,17
2019-03-14,4880.0,4900.0,4680.0,4760.0,4760.0,10
2019-03-15,4760.0,4996.0,4760.0,4800.0,4800.0,4
2019-03-18,5000.0,5076.0,4760.0,4840.0,4840.0,7
2019-03-19,4840.0,5020.0,4320.0,4400.0,4400.0,27
2019-03-20,4396.0,4400.0,4200.0,4200.0,4200.0,18
2019-03-21,3800.0,4200.0,3720.0,3920.0,3920.0,32
2019-03-22,3920.0,3920.0,3440.0,3440.0,3440.0,34
2019-03-25,3620.0,4160.0,3520.0,3520.0,3520.0,231
2019-03-26,2160.0,2320.0,2120.0,2296.0,2296.0,1189
2019-03-27,2256.0,2328.0,2180.0,2260.0,2260.0,407
2019-03-28,2280.0,2432.0,2248.0,2388.0,2388.0,166
2019-03-29,2440.0,2476.0,2400.0,2416.0,2416.0,202
2019-04-01,2556.0,2556.0,2404.0,2460.0,2460.0,130
2019-04-02,2480.0,2480.0,2360.0,2400.0,2400.0,150
2019-04-03,2480.0,2480.0,2300.0,2356.0,2356.0,261
2019-04-04,2372.0,2388.0,2284.0,2352.0,2352.0,65
2019-04-05,2336.0,2356.0,2288.0,2312.0,2312.0,67
2019-04-08,2432.0,2432.0,2320.0,2400.0,2400.0,104
2019-04-09,2400.0,2420.0,2296.0,2332.0,2332.0,68
2019-04-10,2328.0,2400.0,2300.0,2368.0,2368.0,118
2019-04-11,2400.0,2400.0,2360.0,2400.0,2400.0,61
2019-04-12,2400.0,2400.0,2340.0,2340.0,2340.0,40
2019-04-15,2384.0,2420.0,2220.0,2280.0,2280.0,88
2019-04-16,2276.0,2352.0,2240.0,2336.0,2336.0,70
2019-04-17,2336.0,2380.0,2240.0,2240.0,2240.0,46
2019-04-18,2280.0,2300.0,2200.0,2248.0,2248.0,28
2019-04-22,2248.0,2324.0,2204.0,2212.0,2212.0,29
2019-04-23,2224.0,2272.0,2164.0,2192.0,2192.0,42
2019-04-24,2200.0,2200.0,2160.0,2168.0,2168.0,37
2019-04-25,2160.0,2200.0,2080.0,2120.0,2120.0,85
2019-04-26,2120.0,2172.0,2104.0,2128.0,2128.0,17
2019-04-29,2120.0,2136.0,1440.0,2000.0,2000.0,166
2019-04-30,2120.0,2120.0,1952.0,2040.0,2040.0,13
2019-05-01,2000.0,2040.0,1840.0,1916.0,1916.0,24
2019-05-02,1912.0,1996.0,1612.0,1936.0,1936.0,45
2019-05-03,1880.0,2016.0,1880.0,1972.0,1972.0,13
2019-05-06,1880.0,2016.0,1880.0,1960.0,1960.0,15
2019-05-07,1960.0,2120.0,1956.0,2072.0,2072.0,11
2019-05-08,2080.0,2124.0,1984.0,2040.0,2040.0,15
2019-05-09,2056.0,2060.0,2000.0,2040.0,2040.0,14
2019-05-10,2116.0,2116.0,1820.0,2000.0,2000.0,27
2019-05-13,1940.0,2112.0,1920.0,1944.0,1944.0,22
2019-05-14,2120.0,2120.0,1680.0,1720.0,1720.0,175
2019-05-15,1676.0,1816.0,1640.0,1640.0,1640.0,37
2019-05-16,1684.0,1800.0,1640.0,1680.0,1680.0,58
2019-05-17,1720.0,1792.0,1640.0,1768.0,1768.0,20
2019-05-20,1720.0,2000.0,1648.0,2000.0,2000.0,44
2019-05-21,1988.0,2000.0,1672.0,1956.0,1956.0,30
2019-05-22,1996.0,1996.0,1712.0,1836.0,1836.0,35
2019-05-23,1880.0,1880.0,1712.0,1808.0,1808.0,15
2019-05-24,1804.0,1808.0,1728.0,1780.0,1780.0,5
2019-05-28,1780.0,1780.0,1752.0,1756.0,1756.0,13
2019-05-29,1752.0,1780.0,1732.0,1740.0,1740.0,9
2019-05-30,1756.0,1800.0,1644.0,1760.0,1760.0,55
2019-05-31,1740.0,1804.0,1672.0,1804.0,1804.0,8
2019-06-03,1704.0,1800.0,1692.0,1796.0,1796.0,13
2019-06-04,1796.0,1800.0,1760.0,1792.0,1792.0,17
2019-06-05,1800.0,1800.0,1732.0,1748.0,1748.0,25
2019-06-06,1740.0,1768.0,1604.0,1652.0,1652.0,18
2019-06-07,1680.0,1820.0,1660.0,1684.0,1684.0,16
2019-06-10,1740.0,1768.0,1640.0,1728.0,1728.0,12
2019-06-11,1760.0,1812.0,1600.0,1736.0,1736.0,14
2019-06-12,1756.0,1780.0,1604.0,1692.0,1692.0,32
2019-06-13,2720.0,3040.0,1780.0,1960.0,1960.0,4032
2019-06-14,1728.0,1840.0,1600.0,1840.0,1840.0,371
2019-06-17,1700.0,1736.0,1640.0,1680.0,1680.0,119
2019-06-18,1640.0,1640.0,1480.0,1588.0,1588.0,84
2019-06-19,1600.0,1600.0,1524.0,1592.0,1592.0,85
2019-06-20,1668.0,1892.0,1600.0,1752.0,1752.0,322
2019-06-21,1720.0,1880.0,1680.0,1820.0,1820.0,195
2019-06-24,1820.0,1820.0,1680.0,1756.0,1756.0,102
2019-06-25,1684.0,1716.0,1608.0,1672.0,1672.0,42
2019-06-26,1680.0,1720.0,1560.0,1612.0,1612.0,81
2019-06-27,1640.0,1720.0,1616.0,1640.0,1640.0,83
2019-06-28,1624.0,1636.0,1540.0,1572.0,1572.0,105
2019-07-01,1616.0,1672.0,1532.0,1580.0,1580.0,59
2019-07-02,1616.0,1640.0,1520.0,1520.0,1520.0,47
2019-07-03,1520.0,1520.0,1380.0,1408.0,1408.0,106
2019-07-05,1400.0,1520.0,1400.0,1508.0,1508.0,103
2019-07-08,1520.0,1520.0,1464.0,1488.0,1488.0,35
2019-07-09,1476.0,1476.0,1440.0,1464.0,1464.0,13
2019-07-10,1400.0,1516.0,1400.0,1472.0,1472.0,28
2019-07-11,1520.0,1520.0,1404.0,1468.0,1468.0,14
2019-07-12,1440.0,1480.0,1440.0,1440.0,1440.0,15
2019-07-15,1472.0,1512.0,1300.0,1392.0,1392.0,41
2019-07-16,1392.0,1392.0,1284.0,1328.0,1328.0,45
2019-07-17,1340.0,1344.0,1276.0,1280.0,1280.0,38
2019-07-18,1288.0,1320.0,1264.0,1316.0,1316.0,34
2019-07-19,1316.0,1396.0,1272.0,1352.0,1352.0,25
2019-07-22,1352.0,1356.0,1280.0,1308.0,1308.0,26
2019-07-23,1288.0,1356.0,1284.0,1332.0,1332.0,14
2019-07-24,1280.0,1320.0,1280.0,1320.0,1320.0,24
2019-07-25,1304.0,1396.0,1292.0,1388.0,1388.0,12
2019-07-26,1396.0,1508.0,1380.0,1472.0,1472.0,40
2019-07-29,1500.0,1560.0,1348.0,1436.0,1436.0,16
2019-07-30,1444.0,1452.0,1380.0,1380.0,1380.0,15
2019-07-31,1508.0,1508.0,1324.0,1400.0,1400.0,26
2019-08-01,1400.0,1432.0,1232.0,1252.0,1252.0,62
2019-08-02,1272.0,1332.0,1240.0,1268.0,1268.0,8
2019-08-05,1268.0,1400.0,1204.0,1320.0,1320.0,42
2019-08-06,1324.0,1324.0,1244.0,1244.0,1244.0,6
2019-08-07,1396.0,1396.0,1240.0,1300.0,1300.0,19
2019-08-08,1260.0,1320.0,840.0,980.0,980.0,175
2019-08-09,996.0,1240.0,980.0,1092.0,1092.0,80
2019-08-12,1096.0,1192.0,1068.0,1152.0,1152.0,31
2019-08-13,1160.0,1160.0,1080.0,1080.0,1080.0,12
2019-08-14,1220.0,1220.0,1068.0,1088.0,1088.0,45
2019-08-15,1076.0,1120.0,1068.0,1072.0,1072.0,15
2019-08-16,1068.0,1156.0,972.0,1056.0,1056.0,70
2019-08-19,1072.0,1072.0,1004.0,1028.0,1028.0,13
2019-08-20,1004.0,1096.0,960.0,1096.0,1096.0,27
2019-08-21,1080.0,1080.0,980.0,1080.0,1080.0,12
2019-08-22,1040.0,1160.0,1040.0,1140.0,1140.0,36
2019-08-23,1080.0,1160.0,1040.0,1148.0,1148.0,6
2019-08-26,1152.0,1152.0,964.0,1060.0,1060.0,13
2019-08-27,1080.0,1100.0,944.0,996.0,996.0,42
2019-08-28,960.0,1160.0,960.0,1120.0,1120.0,86
2019-08-29,1200.0,1365.4000244140625,1052.0,1236.0,1236.0,440
2019-08-30,1264.0,1736.0,1256.0,1460.0,1460.0,8498
2019-09-03,1342.0,1428.0,1290.0,1304.0,1304.0,1092
2019-09-04,2060.0,2560.0,1566.0,1604.0,1604.0,59772
2019-09-05,1580.0,1760.0,1460.0,1536.0,1536.0,4191
2019-09-06,1500.0,1560.0,1342.0,1400.0,1400.0,1449
2019-09-09,1452.0,1470.0,1300.0,1328.0,1328.0,603
2019-09-10,1308.0,1310.0,1200.0,1258.0,1258.0,394
2019-09-11,1250.0,1462.0,1250.0,1436.0,1436.0,381
2019-09-12,1548.0,1548.0,1296.0,1318.0,1318.0,170
2019-09-13,1328.0,1824.0,1328.0,1600.0,1600.0,3007
2019-09-16,1588.0,1692.0,1415.0,1418.0,1418.0,643
2019-09-17,1412.0,1482.0,1358.5999755859375,1412.0,1412.0,168
2019-09-18,1446.0,1520.0,1380.0,1382.0,1382.0,297
2019-09-19,1394.0,1456.0,1334.0,1340.0,1340.0,112
2019-09-20,1346.0,1382.0,1278.0,1376.0,1376.0,538
2019-09-23,1446.0,1544.0,1288.0,1460.0,1460.0,513
2019-09-24,1482.199951171875,1529.800048828125,1366.0,1528.0,1528.0,293
2019-09-25,1400.0,1508.800048828125,1376.800048828125,1450.4000244140625,1450.4000244140625,86
2019-09-26,1478.0,1502.0,1348.0,1378.0,1378.0,94
2019-09-27,1366.0,1532.0,1365.199951171875,1448.0,1448.0,131
2019-09-30,1436.0,1478.0,1406.0,1416.0,1416.0,69
2019-10-01,1404.0,1474.0,1389.199951171875,1404.0,1404.0,22
2019-10-02,1421.800048828125,1440.0,1366.0,1368.0,1368.0,42
2019-10-03,1378.0,1454.0,1378.0,1414.0,1414.0,24
2019-10-04,1328.0,1406.0,1310.0,1380.0,1380.0,24
2019-10-07,1382.0,1458.0,1312.0,1338.0,1338.0,148
2019-10-08,1338.0,1348.0,1288.0,1326.0,1326.0,17
2019-10-09,1320.0,1376.199951171875,1288.0,1309.4000244140625,1309.4000244140625,47
2019-10-10,1302.0,1308.0,1230.4000244140625,1304.0,1304.0,87
2019-10-11,1318.0,1360.0,1202.0,1354.0,1354.0,148
2019-10-14,1342.0,1666.0,1202.0,1437.0,1437.0,455
2019-10-15,1370.0,1460.0,1218.199951171875,1240.0,1240.0,1207
2019-10-16,1262.0,1349.800048828125,1174.0,1198.0,1198.0,393
2019-10-17,1238.0,1256.0,1110.0,1166.0,1166.0,299
2019-10-18,1188.0,1268.0,1170.0,1263.0,1263.0,83
2019-10-21,1278.0,1457.0,1204.0,1250.0,1250.0,557
2019-10-22,1224.0,1354.0,1110.0,1180.0,1180.0,829
2019-10-23,1078.0,1410.0,652.0,732.0,732.0,22693
2019-10-24,330.0,356.0,320.0,328.0,328.0,36265
2019-10-25,334.0,336.0,270.0,309.0,309.0,5429
2019-10-28,310.0,338.0,296.0,322.0,322.0,4853
2019-10-29,322.0,326.0,286.0,297.0,297.0,3420
2019-10-30,290.0,298.0,270.0,272.0,272.0,2693
2019-10-31,272.0,294.79998779296875,252.0,264.0,264.0,3856
2019-11-01,274.0,286.0,264.0,272.0,272.0,2010
2019-11-04,280.0,284.0,266.0,272.0,272.0,1987
2019-11-05,270.0,270.0,252.0,254.0,254.0,2155
2019-11-06,256.0,266.0,250.0,264.0,264.0,1690
2019-11-07,238.0,276.0,230.0,264.0,264.0,4849
2019-11-08,246.0,264.20001220703125,246.0,252.0,252.0,977
2019-11-11,252.0,284.0,240.0,264.0,264.0,3944
2019-11-12,264.0,290.0,242.0,246.0,246.0,4777
2019-11-13,236.0,242.0,221.0,224.0,224.0,1839
2019-11-14,224.0,224.0,200.0,206.0,206.0,1990
2019-11-15,210.0,214.0,184.0,214.0,214.0,3151
2019-11-18,218.0,230.0,208.0,221.0,221.0,1918
2019-11-19,226.0,226.0,204.0,212.0,212.0,1152
2019-11-20,200.0,212.0,194.0,204.0,204.0,913
2019-11-21,200.0,214.0,192.0,208.0,208.0,702
2019-11-22,208.39999389648438,262.0,205.0,254.0,254.0,6172
2019-11-25,258.0,258.0,232.0,248.0,248.0,2032
2019-11-26,250.0,250.0,228.0,230.0,230.0,932
2019-11-27,230.0,252.0,228.0,244.0,244.0,1892
2019-11-29,240.0,248.0,232.1999969482422,242.0,242.0,642
2019-12-02,250.0,254.1999969482422,238.0,250.0,250.0,1907
2019-12-03,248.0,250.0,231.60000610351562,246.0,246.0,863
2019-12-04,250.0,268.0,230.0,252.0,252.0,2476
2019-12-05,254.0,266.0,232.0,238.0,238.0,1077
2019-12-06,240.0,244.0,220.0,234.0,234.0,1032
2019-12-09,238.0,238.8000030517578,220.0,234.0,234.0,561
2019-12-10,228.0,234.0,228.0,228.0,228.0,277
2019-12-11,230.1999969482422,240.0,230.1999969482422,234.0,234.0,317
2019-12-12,234.0,238.0,232.0,235.39999389648438,235.39999389648438,340
2019-12-13,240.0,250.0,226.0,246.0,246.0,792
2019-12-16,250.0,250.0,236.0,238.0,238.0,730
2019-12-17,242.0,268.0,236.0,264.0,264.0,3814
2019-12-18,262.0,286.6000061035156,252.0,280.0,280.0,4567
2019-12-19,288.0,292.0,272.0,280.0,280.0,3127
2019-12-20,282.0,288.0,274.0,288.0,288.0,1280
2019-12-23,278.0,316.0,278.0,278.6000061035156,278.6000061035156,9834
2019-12-24,272.0,278.0,260.0,266.0,266.0,1452
2019-12-26,266.0,274.0,252.0,264.0,264.0,1162
2019-12-27,262.0,264.0,246.0,262.0,262.0,1311
2019-12-30,258.0,262.0,212.0,235.0,235.0,6789
2019-12-31,232.0,232.0,204.0,226.0,226.0,4661
2020-01-02,230.0,238.8000030517578,224.0,231.39999389648438,231.39999389648438,1310
2020-01-03,230.0,234.0,222.0,228.0,228.0,1151
2020-01-06,226.0,260.0,226.0,254.0,254.0,2708
2020-01-07,254.0,256.0,240.0,246.0,246.0,913
2020-01-08,240.0,268.0,234.0,264.0,264.0,4117
2020-01-09,270.0,280.0,256.0,260.0,260.0,2772
2020-01-10,256.0,275.0,250.0,272.0,272.0,2993
2020-01-13,272.0,340.0,268.0,304.0,304.0,20153
2020-01-14,286.0,326.0,272.0,324.0,324.0,7525
2020-01-15,334.0,338.0,306.0,312.0,312.0,2821
2020-01-16,312.0,340.0,300.0,330.0,330.0,10308
2020-01-17,360.0,426.0,334.0,382.0,382.0,25218
2020-01-21,392.0,410.20001220703125,314.0,352.0,352.0,10945
2020-01-22,350.0,358.0,328.0,340.0,340.0,2659
2020-01-23,326.0,330.0,306.0,308.0,308.0,3961
2020-01-24,308.0,350.0,302.0,342.0,342.0,3688
2020-01-27,360.0,363.20001220703125,320.0,334.0,334.0,2193
2020-01-28,308.0,308.0,284.0,300.0,300.0,5654
2020-01-29,296.0,298.0,278.0,284.0,284.0,1150
2020-01-30,308.0,324.0,282.0,304.0,304.0,6911
2020-01-31,330.0,336.0,306.0,314.0,314.0,3840
2020-02-03,332.0,566.0,320.0,454.0,454.0,76183
2020-02-04,438.0,446.0,354.0,360.0,360.0,13301
2020-02-05,362.0,405.79998779296875,362.0,382.0,382.0,5301
2020-02-06,360.0,366.0,340.0,344.0,344.0,3499
2020-02-07,344.0,374.0,340.0,364.0,364.0,2870
2020-02-10,376.0,380.0,348.0,352.0,352.0,1754
2020-02-11,354.0,370.0,352.0,356.0,356.0,1071
2020-02-12,352.0,360.0,334.0,340.0,340.0,2914
2020-02-13,334.0,344.0,330.0,334.0,334.0,983
2020-02-14,334.0,336.79998779296875,322.0,326.0,326.0,1015
2020-02-18,348.0,348.0,322.0,340.0,340.0,1074
2020-02-19,340.0,354.0,332.0,350.0,350.0,7844
2020-02-20,372.0,380.0,328.0,340.0,340.0,7483
2020-02-21,362.0,362.0,310.0,324.0,324.0,2789
2020-02-24,320.0,344.0,308.0,328.0,328.0,3115
2020-02-25,330.0,330.0,290.0,298.0,298.0,2275
2020-02-26,292.0,312.0,290.0,297.20001220703125,297.20001220703125,1725
2020-02-27,350.0,420.0,304.0,408.0,408.0,40030
2020-02-28,630.0,840.0,530.0,678.0,678.0,88611
2020-03-02,726.0,766.0,612.0,682.0,682.0,22665
2020-03-03,658.0,800.0,492.0,784.0,784.0,23423
2020-03-04,730.0,760.0,623.0,642.0,642.0,15598
2020-03-05,662.0,668.0,614.0,630.0,630.0,9114
2020-03-06,630.0,638.0,554.0,608.0,608.0,9681
2020-03-09,630.0,630.0,498.0,536.0,536.0,7143
2020-03-10,630.0,718.0,416.0,456.0,456.0,27688
2020-03-11,430.0,459.6000061035156,410.0,414.0,414.0,6611
2020-03-12,350.0,402.0,304.0,382.0,382.0,6612
2020-03-13,396.0,430.0,350.0,402.0,402.0,4847
2020-03-16,684.0,1152.0,586.0,808.0,808.0,259597
2020-03-17,776.0,976.0,566.0,638.0,638.0,56567
2020-03-18,594.0,624.0,480.0,532.0,532.0,16415
2020-03-19,540.0,660.0,540.0,571.0,571.0,10131
2020-03-20,596.0,644.0,544.0,596.0,596.0,9992
2020-03-23,594.0,640.0,580.0,626.0,626.0,7346
2020-03-24,638.0,650.0,560.0,598.0,598.0,8273
2020-03-25,618.0,618.0,532.0,544.0,544.0,6714
2020-03-26,540.0,610.0,532.0,552.0,552.0,9849
2020-03-27,574.0,598.0,558.0,588.0,588.0,6680
2020-03-30,604.0,657.7999877929688,532.0,540.0,540.0,13843
2020-03-31,540.0,540.0,470.0,510.0,510.0,5696
2020-04-01,474.0,490.0,466.0,478.0,478.0,2479
2020-04-02,500.0,538.0,488.0,514.0,514.0,6325
2020-04-03,510.0,534.0,496.0,496.0,496.0,4449
2020-04-06,494.0,500.0,448.0,464.0,464.0,3473
2020-04-07,460.0,460.0,410.0,432.0,432.0,4318
2020-04-08,430.0,448.0,420.20001220703125,442.0,442.0,2154
2020-04-09,442.0,448.0,412.0,438.0,438.0,3497
2020-04-13,426.0,516.0,426.0,478.0,478.0,4641
2020-04-14,478.0,492.0,440.0,468.0,468.0,4690
2020-04-15,460.0,476.0,432.0,460.0,460.0,2102
2020-04-16,478.0,556.0,460.0,518.0,518.0,10428
2020-04-17,508.0,523.0,472.0,488.0,488.0,7689
2020-04-20,498.0,504.0,440.0,460.0,460.0,6074
2020-04-21,468.0,478.0,432.0,450.0,450.0,4415
2020-04-22,454.0,458.0,440.0,442.0,442.0,2091
2020-04-23,450.0,453.79998779296875,418.0,430.0,430.0,4683
2020-04-24,430.0,452.0,412.0,442.0,442.0,4546
2020-04-27,446.0,498.0,446.0,478.0,478.0,4933
2020-04-28,490.0,490.0,450.0,462.0,462.0,2006
2020-04-29,456.0,468.0,450.0,456.0,456.0,1811
2020-04-30,448.0,462.0,442.0,458.0,458.0,1474
2020-05-01,442.0,460.0,430.0,444.0,444.0,2693
2020-05-04,438.0,470.0,436.0,462.0,462.0,2154
2020-05-05,464.0,480.0,458.0,462.0,462.0,2321
2020-05-06,462.0,470.0,442.0,450.0,450.0,2285
2020-05-07,452.0,460.0,426.0,448.0,448.0,3027
2020-05-08,414.0,420.0,378.0,408.0,408.0,6085
2020-05-11,400.0,428.0,398.0,416.0,416.0,3237
2020-05-12,420.0,425.6000061035156,402.0,406.0,406.0,3105
2020-05-13,414.0,416.0,368.0,388.0,388.0,3470
2020-05-14,388.0,418.0,362.0,412.0,412.0,5731
2020-05-15,416.0,416.0,386.0,394.0,394.0,1626
2020-05-18,400.0,406.20001220703125,384.0,392.0,392.0,2678
2020-05-19,386.0,428.0,382.0,416.0,416.0,7367
2020-05-20,414.0,415.3999938964844,398.0,402.0,402.0,2327
2020-05-21,398.0,406.0,384.0,386.0,386.0,2115
2020-05-22,388.0,416.0,382.0,408.0,408.0,4411
2020-05-26,418.0,438.0,400.0,420.0,420.0,8265
2020-05-27,420.0,424.3999938964844,392.0,398.0,398.0,3059
2020-05-28,410.0,434.0,390.0,398.0,398.0,6018
2020-05-29,392.0,396.0,376.0,388.0,388.0,3411
2020-06-01,386.0,396.0,374.0,394.0,394.0,1849
2020-06-02,390.0,398.0,383.0,394.0,394.0,1761
2020-06-03,414.0,414.0,390.0,396.0,396.0,5281
2020-06-04,390.0,392.0,380.0,390.0,390.0,2302
2020-06-05,386.0,390.0,372.0,390.0,390.0,3278
2020-06-08,394.0,412.0,380.0,398.0,398.0,4730
2020-06-09,448.0,453.79998779296875,400.0,444.0,444.0,40399
2020-06-10,438.0,440.0,398.0,416.0,416.0,7163
2020-06-11,400.0,404.0,374.0,376.0,376.0,5850
2020-06-12,414.0,414.0,382.0,400.0,400.0,5432
2020-06-15,390.0,410.0,374.0,400.0,400.0,6833
2020-06-16,400.0,414.0,394.0,400.0,400.0,5892
2020-06-17,400.0,406.0,394.0,406.0,406.0,3533
2020-06-18,390.0,418.0,388.0,402.0,402.0,7386
2020-06-19,404.0,446.0,404.0,412.0,412.0,18676
2020-06-22,412.0,424.0,402.0,406.0,406.0,4537
2020-06-23,400.0,404.0,388.0,398.0,398.0,3984
2020-06-24,390.0,400.0,384.0,398.0,398.0,4230
2020-06-25,398.0,410.0,390.0,402.0,402.0,6102
2020-06-26,414.0,450.0,396.0,422.0,422.0,26658
2020-06-29,428.0,428.0,390.0,408.0,408.0,9933
2020-06-30,400.0,416.0,392.0,408.0,408.0,10904
2020-07-01,412.0,426.0,396.0,422.0,422.0,12169
2020-07-02,426.0,428.3999938964844,404.0,414.0,414.0,4513
2020-07-06,406.0,416.0,402.0,410.0,410.0,4208
2020-07-07,406.0,428.0,402.0,414.0,414.0,6055
2020-07-08,414.0,450.0,406.0,430.0,430.0,11875
2020-07-09,432.0,456.0,410.0,420.0,420.0,14550
2020-07-10,420.0,434.0,414.0,430.0,430.0,4389
2020-07-13,436.0,448.0,410.0,412.0,412.0,7382
2020-07-14,412.0,412.0,380.0,396.0,396.0,7274
2020-07-15,398.0,416.0,376.0,406.0,406.0,12723
2020-07-16,404.0,458.0,395.79998779296875,438.0,438.0,24873
2020-07-17,438.0,450.0,424.0,432.0,432.0,6365
2020-07-20,438.0,491.0,432.0,470.0,470.0,15718
2020-07-21,484.0,506.0,454.0,488.0,488.0,17612
2020-07-22,476.0,496.0,443.0,452.0,452.0,8714
2020-07-23,446.0,453.20001220703125,408.0,434.0,434.0,8823
2020-07-24,418.0,428.0,406.0,420.0,420.0,7047
2020-07-27,426.0,438.0,412.0,434.0,434.0,7522
2020-07-28,430.0,446.0,414.0,420.0,420.0,10286
2020-07-29,420.0,448.0,416.0,432.0,432.0,9545
2020-07-30,432.0,464.0,416.0,452.0,452.0,10145
2020-07-31,452.0,452.0,430.0,432.0,432.0,5944
2020-08-03,436.0,466.0,428.0,432.0,432.0,10470
2020-08-04,434.0,448.0,431.0,444.0,444.0,5848
2020-08-05,450.0,478.0,448.0,470.0,470.0,6437
2020-08-06,470.0,476.0,440.0,442.0,442.0,4905
2020-08-07,498.6000061035156,888.0,430.0,674.0,674.0,1049765
2020-08-10,748.0,752.0,622.0,628.0,628.0,80331
2020-08-11,636.0,638.0,508.0,512.0,512.0,32395
2020-08-12,504.0,572.0,494.0,522.0,522.0,22905
2020-08-13,492.0,498.0,440.0,458.0,458.0,21994
2020-08-14,454.0,476.0,440.0,442.0,442.0,9713
2020-08-17,444.0,444.0,418.0,424.0,424.0,10289
2020-08-18,424.0,433.3999938964844,402.0,414.0,414.0,9078
2020-08-19,418.0,436.0,406.0,410.0,410.0,11939
2020-08-20,710.0,710.0,506.0,534.0,534.0,523318
2020-08-21,502.0,546.0,468.0,520.0,520.0,32129
2020-08-24,500.0,502.79998779296875,440.0,448.0,448.0,15788
2020-08-25,446.0,468.0,438.0,462.0,462.0,4938
2020-08-26,454.0,472.0,454.0,460.0,460.0,3828
2020-08-27,456.0,458.0,434.0,452.0,452.0,6004
2020-08-28,448.0,466.0,438.0,442.0,442.0,4171
2020-08-31,442.0,448.0,424.0,426.0,426.0,4619
2020-09-01,424.0,438.0,420.0,422.0,422.0,3842
2020-09-02,426.0,450.0,420.0,442.0,442.0,5631
2020-09-03,434.0,446.0,422.0,430.0,430.0,4452
2020-09-04,422.0,448.0,420.0,444.0,444.0,7247
2020-09-08,438.0,438.0,422.0,428.0,428.0,4360
2020-09-09,432.0,438.0,426.0,432.0,432.0,3097
2020-09-10,430.0,458.0,424.0,442.0,442.0,9667
2020-09-11,442.0,442.0,424.0,434.0,434.0,3470
2020-09-14,432.0,440.0,424.0,436.0,436.0,3553
2020-09-15,432.0,438.0,427.0,436.0,436.0,3004
2020-09-16,438.0,441.0,432.0,436.0,436.0,2417
2020-09-17,432.0,448.0,426.0,428.0,428.0,6398
2020-09-18,430.0,440.0,428.0,434.0,434.0,2152
2020-09-21,428.0,438.0,422.0,430.0,430.0,3451
2020-09-22,430.0,432.0,412.0,424.0,424.0,4089
2020-09-23,428.0,428.0,402.0,406.0,406.0,3483
2020-09-24,394.0,418.20001220703125,380.20001220703125,414.0,414.0,5328
2020-09-25,414.0,418.0,404.0,412.0,412.0,1550
2020-09-28,432.20001220703125,456.0,418.0,440.0,440.0,18967
2020-09-29,422.0,430.0,412.0,424.0,424.0,3553
2020-09-30,432.0,438.0,418.0,424.0,424.0,6952
2020-10-01,416.0,432.0,414.0,430.0,430.0,2543
2020-10-02,420.0,434.0,418.0,430.0,430.0,2465
2020-10-05,434.0,446.0,430.6000061035156,436.0,436.0,3349
2020-10-06,442.0,480.0,434.0,464.0,464.0,10458
2020-10-07,460.0,480.0,448.0,460.0,460.0,9227
2020-10-08,456.0,464.0,446.0,464.0,464.0,2671
2020-10-09,466.0,508.0,463.0,494.0,494.0,12301
2020-10-12,496.0,496.0,474.0,482.0,482.0,2784
2020-10-13,472.0,488.0,460.0,472.0,472.0,4088
2020-10-14,498.0,504.0,481.3999938964844,494.0,494.0,4036
2020-10-15,500.0,500.0,472.0,478.0,478.0,3091
2020-10-16,478.0,484.0,466.0,474.0,474.0,1923
2020-10-19,480.0,484.0,452.0,464.0,464.0,2810
2020-10-20,466.0,484.0,454.6000061035156,480.0,480.0,2562
2020-10-21,480.0,490.0,464.0,474.0,474.0,1621
2020-10-22,476.0,488.0,470.0,480.0,480.0,1549
2020-10-23,476.0,510.0,470.0,494.0,494.0,4379
2020-10-26,482.0,494.0,466.0,470.0,470.0,1885
2020-10-27,472.0,479.0,444.0,448.0,448.0,2152
2020-10-28,444.0,450.0,430.0,438.0,438.0,2542
2020-10-29,434.0,440.0,426.0,432.0,432.0,1408
2020-10-30,426.0,442.0,418.0,426.0,426.0,2715
2020-11-02,428.0,435.3999938964844,412.0,414.0,414.0,1682
2020-11-03,418.0,426.0,414.0,422.0,422.0,1245
2020-11-04,438.0,438.0,420.0,428.0,428.0,1216
2020-11-05,428.0,442.0,424.0,426.0,426.0,2007
2020-11-06,428.0,432.0,416.0,424.0,424.0,1931
2020-11-09,430.0,430.0,420.0,422.0,422.0,1937
2020-11-10,426.0,430.0,416.0,428.0,428.0,1468
2020-11-11,428.0,470.0,424.0,458.0,458.0,5575
2020-11-12,436.0,438.0,386.0,398.0,398.0,5558
2020-11-13,406.0,416.0,400.0,410.0,410.0,1682
2020-11-16,410.0,410.0,390.0,398.0,398.0,2899
2020-11-17,400.0,405.3999938964844,392.0,394.0,394.0,2250
2020-11-18,400.0,400.0,384.0,394.0,394.0,2459
2020-11-19,396.0,398.0,390.0,392.0,392.0,1558
2020-11-20,392.0,394.0,380.0,388.0,388.0,2217
2020-11-23,392.0,400.0,387.0,396.0,396.0,1594
2020-11-24,396.0,420.0,378.0,392.0,392.0,5107
2020-11-25,398.0,400.0,384.0,400.0,400.0,2240
2020-11-27,394.0,405.79998779296875,388.0,404.0,404.0,2087
2020-11-30,400.0,414.0,392.20001220703125,398.0,398.0,2469
2020-12-01,406.3999938964844,406.3999938964844,382.0,394.0,394.0,2285
2020-12-02,390.0,400.0,384.0,398.0,398.0,1832
2020-12-03,396.0,408.0,387.0,394.0,394.0,2259
2020-12-04,390.0,398.0,389.0,392.0,392.0,1721
2020-12-07,390.0,400.0,390.0,394.0,394.0,2420
2020-12-08,396.0,434.0,392.0,414.0,414.0,11742
2020-12-09,418.0,418.0,386.0,388.0,388.0,9486
2020-12-10,392.0,398.0,372.0,384.0,384.0,5859
2020-12-11,384.0,386.0,364.0,374.0,374.0,6846
2020-12-14,374.0,378.0,370.0,372.0,372.0,3209
2020-12-15,366.0,372.0,348.0,356.0,356.0,4693
2020-12-16,354.0,358.0,346.0,348.0,348.0,4602
2020-12-17,352.0,354.0,346.0,348.0,348.0,3056
2020-12-18,352.0,366.0,344.0,344.0,344.0,5215
2020-12-21,350.0,353.0,338.0,340.0,340.0,4488
2020-12-22,342.0,343.0,334.0,340.0,340.0,5575
2020-12-23,338.0,358.0,330.0,350.0,350.0,5593
2020-12-24,354.0,356.0,345.20001220703125,346.0,346.0,2175
2020-12-28,346.0,348.0,335.0,340.0,340.0,4260
2020-12-29,346.0,354.0,334.0,340.0,340.0,21221
2020-12-30,346.20001220703125,404.0,346.0,380.0,380.0,40089
2020-12-31,380.0,420.0,356.0,408.0,408.0,16365
2021-01-04,421.20001220703125,486.0,402.0,430.0,430.0,23389
2021-01-05,434.0,468.0,402.0,452.0,452.0,20465
2021-01-06,458.0,478.0,400.0,426.0,426.0,18908
2021-01-07,422.0,442.0,412.0,434.0,434.0,7936
2021-01-08,432.0,434.0,416.0,424.0,424.0,4434
2021-01-11,420.6000061035156,466.0,418.0,452.0,452.0,13049
2021-01-12,450.0,450.0,430.0,440.0,440.0,4503
2021-01-13,424.0,440.0,410.0,412.0,412.0,9889
2021-01-14,414.0,448.0,406.0,424.0,424.0,13664
2021-01-15,420.0,436.0,412.0,414.0,414.0,4704
2021-01-19,420.0,432.79998779296875,407.79998779296875,422.0,422.0,5142
2021-01-20,430.0,454.0,416.0,440.0,440.0,6613
2021-01-21,446.0,498.0,433.20001220703125,458.0,458.0,18423
2021-01-22,462.0,486.0,454.0,464.0,464.0,6514
2021-01-25,456.0,476.0,444.0,458.0,458.0,5584
2021-01-26,455.20001220703125,510.0,450.0,492.0,492.0,10165
2021-01-27,484.0,484.0,445.0,446.0,446.0,6478
2021-01-28,442.0,460.0,430.0,444.0,444.0,4989
2021-01-29,440.0,458.0,426.0,434.0,434.0,4751
2021-02-01,430.0,454.0,430.0,446.0,446.0,3825
2021-02-02,450.0,470.0,438.0,454.0,454.0,4333
2021-02-03,454.0,470.0,452.0,462.0,462.0,3235
2021-02-04,470.0,486.0,464.0,472.0,472.0,5723
2021-02-05,484.0,485.0,460.0,474.0,474.0,5395
2021-02-08,488.0,874.0,484.0,710.0,710.0,442076
2021-02-09,650.0,678.0,600.0,678.0,678.0,41777
2021-02-10,646.0,662.0,571.0,610.0,610.0,24279
2021-02-11,640.0,640.0,574.0,582.0,582.0,15597
2021-02-12,592.0,630.0,566.0,608.0,608.0,14062
2021-02-16,642.0,650.0,600.0,616.0,616.0,16768
2021-02-17,614.0,618.0,582.0,598.0,598.0,9270
2021-02-18,596.0,600.0,562.0,586.0,586.0,9704
2021-02-19,598.0,598.0,564.0,576.0,576.0,8196
2021-02-22,568.0,586.0,552.0,556.0,556.0,6956
2021-02-23,506.0,521.0,466.0,500.0,500.0,9051
2021-02-24,510.0,532.2000122070312,510.0,514.0,514.0,5366
2021-02-25,516.0,524.0,471.79998779296875,474.0,474.0,8242
2021-02-26,474.0,492.0,442.0,458.0,458.0,8203
2021-03-01,498.0,506.0,434.0,438.0,438.0,26395
2021-03-02,438.0,470.0,406.0,412.0,412.0,36535
2021-03-03,424.0,426.0,376.0,382.0,382.0,22330
2021-03-04,392.0,394.79998779296875,342.0,360.0,360.0,32017
2021-03-05,374.0,410.0,326.0,392.0,392.0,30813
2021-03-08,450.0,810.0,442.0,536.0,536.0,1871982
2021-03-09,678.0,736.0,566.0,610.0,610.0,379943
2021-03-10,556.0,584.0,526.0,576.0,576.0,79304
2021-03-11,583.7999877929688,652.0,568.0,612.0,612.0,47299
2021-03-12,578.0,614.0,568.0,588.0,588.0,24210
2021-03-15,594.0,648.0,580.0,598.0,598.0,31061
2021-03-16,602.0,636.0,568.0,578.0,578.0,24476
2021-03-17,570.0,596.0,564.0,584.0,584.0,18413
2021-03-18,576.0,592.0,556.0,566.0,566.0,15127
2021-03-19,570.0,590.0,554.0,588.0,588.0,16203
2021-03-22,580.0,619.7999877929688,570.0,614.0,614.0,23327
2021-03-23,600.0,626.0,570.0,590.0,590.0,20637
2021-03-24,594.0,598.0,530.0,544.0,544.0,13956
2021-03-25,533.2000122070312,558.0,510.0,540.0,540.0,10897
2021-03-26,566.0,582.0,534.0,550.0,550.0,11994
2021-03-29,564.0,570.0,520.0,532.0,532.0,9119
2021-03-30,514.0,520.0,488.0,502.0,502.0,12366
2021-03-31,504.0,524.0,496.0,500.0,500.0,11731
2021-04-01,500.0,510.0,488.0,510.0,510.0,7189
2021-04-05,516.2000122070312,562.0,506.0,560.0,560.0,9528
2021-04-06,556.0,556.0,522.0,536.0,536.0,5738
2021-04-07,530.0,553.5999755859375,522.0,536.0,536.0,4954
2021-04-08,544.0,546.0,520.0,544.0,544.0,3164
2021-04-09,530.0,540.0,523.0,534.0,534.0,2745
2021-04-12,534.4000244140625,534.4000244140625,506.0,512.0,512.0,7138
2021-04-13,504.3999938964844,518.0,494.0,512.0,512.0,3685
2021-04-14,514.0,524.0,500.0,506.0,506.0,4353
2021-04-15,508.0,520.2000122070312,464.0,464.0,464.0,7976
2021-04-16,460.0,466.0,438.0,456.0,456.0,7381
2021-04-19,446.0,480.0,440.0,476.0,476.0,5402
2021-04-20,468.0,472.0,444.3999938964844,456.0,456.0,3108
2021-04-21,449.20001220703125,476.0,446.20001220703125,476.0,476.0,2667
2021-04-22,476.0,478.0,452.0,458.0,458.0,3388
2021-04-23,454.0,462.0,428.0,434.0,434.0,7221
2021-04-26,432.0,464.0,424.0,460.0,460.0,5592
2021-04-27,465.79998779296875,496.0,456.0,486.0,486.0,16186
2021-04-28,478.0,494.0,468.0,486.0,486.0,3514
2021-04-29,494.0,494.0,462.0,472.0,472.0,3904
2021-04-30,468.0,480.0,458.0,460.0,460.0,2840
2021-05-03,454.0,480.0,444.0,472.0,472.0,3739
2021-05-04,458.0,476.0,442.0,472.0,472.0,5279
2021-05-05,472.0,484.0,454.0,484.0,484.0,4313
2021-05-06,484.0,484.0,442.0,448.0,448.0,5698
2021-05-07,446.0,468.0,446.0,462.0,462.0,3399
2021-05-10,462.0,462.0,427.6000061035156,446.0,446.0,6640
2021-05-11,424.0,459.6000061035156,424.0,454.0,454.0,3807
2021-05-12,454.0,484.0,446.0,450.0,450.0,4079
2021-05-13,386.0,440.0,384.0,398.0,398.0,12186
2021-05-14,406.0,412.0,396.0,400.0,400.0,4981
2021-05-17,406.0,406.0,386.0,390.0,390.0,4838
2021-05-18,390.0,420.0,384.0,396.0,396.0,4965
2021-05-19,392.0,412.0,386.0,408.0,408.0,3363
2021-05-20,406.0,416.0,396.20001220703125,404.0,404.0,2352
2021-05-21,410.0,426.0,404.0,414.0,414.0,2334
2021-05-24,414.0,422.0,402.0,404.0,404.0,2408
2021-05-25,404.0,416.0,404.0,416.0,416.0,1801
2021-05-26,412.0,430.0,409.0,424.0,424.0,2861
2021-05-27,426.0,442.0,414.0,430.0,430.0,3568
2021-05-28,430.0,440.0,429.0,438.0,438.0,1665
2021-06-01,440.0,440.0,418.0,426.0,426.0,2827
2021-06-02,422.0,432.0,413.0,422.0,422.0,3379
2021-06-03,410.0,424.0,408.0,412.0,412.0,3032
2021-06-04,418.0,434.0,408.0,414.0,414.0,5045
2021-06-07,424.0,455.3999938964844,419.20001220703125,448.0,448.0,5150
2021-06-08,456.0,460.0,436.0,448.0,448.0,2695
2021-06-09,448.0,464.0,444.0,458.0,458.0,3503
2021-06-10,460.0,460.0,436.0,438.0,438.0,2697
2021-06-11,436.79998779296875,442.0,430.0,434.0,434.0,3206
2021-06-14,430.0,442.0,424.0,426.0,426.0,11207
2021-06-15,488.0,492.79998779296875,442.0,474.0,474.0,41349
2021-06-16,458.0,475.0,450.0,464.0,464.0,7468
2021-06-17,456.0,496.0,456.0,480.0,480.0,6423
2021-06-18,470.0,478.0,446.0,446.0,446.0,5755
2021-06-21,450.0,458.0,433.0,438.0,438.0,3251
2021-06-22,436.0,442.0,424.0,442.0,442.0,3079
2021-06-23,442.0,472.0,442.0,472.0,472.0,3085
2021-06-24,468.0,470.0,454.0,460.0,460.0,2609
2021-06-25,462.0,478.6000061035156,452.0,474.0,474.0,3934
2021-06-28,476.0,486.0,472.0,480.0,480.0,3616
2021-06-29,480.0,484.0,466.0,472.0,472.0,3596
2021-06-30,478.0,484.0,450.0,454.0,454.0,4848
2021-07-01,456.0,470.0,452.79998779296875,470.0,470.0,2208
2021-07-02,470.0,470.0,450.0,460.0,460.0,1618
2021-07-06,462.0,466.0,451.0,460.0,460.0,1823
2021-07-07,456.0,464.0,448.0,456.0,456.0,6704
2021-07-08,430.3999938964844,449.3999938964844,430.0,446.0,446.0,2401
2021-07-09,438.0,466.0,438.0,466.0,466.0,1753
2021-07-12,466.0,466.0,454.0,454.0,454.0,1193
2021-07-13,452.0,470.0,450.0,460.0,460.0,1720
2021-07-14,456.0,456.0,442.0,448.0,448.0,1320
2021-07-15,440.0,454.0,430.0,454.0,454.0,1841
2021-07-16,456.0,456.0,434.0,436.0,436.0,1228
2021-07-19,426.20001220703125,447.0,424.0,444.0,444.0,1648
2021-07-20,442.0,460.0,434.0,460.0,460.0,2028
2021-07-21,456.0,476.0,452.0,472.0,472.0,2317
2021-07-22,468.0,478.0,450.0,458.0,458.0,2302
2021-07-23,448.0,460.20001220703125,442.0,446.0,446.0,2539
2021-07-26,446.0,454.0,442.0,444.0,444.0,1184
2021-07-27,442.0,446.0,430.0,440.0,440.0,1827
2021-07-28,440.0,450.0,436.0,450.0,450.0,1017
2021-07-29,450.0,546.0,444.0,536.0,536.0,33917
2021-07-30,500.0,530.0,482.0,506.0,506.0,8253
2021-08-02,500.0,526.0,494.0,524.0,524.0,3489
2021-08-03,536.0,541.2000122070312,480.0,480.0,480.0,7542
2021-08-04,476.0,486.0,467.20001220703125,472.0,472.0,2656
2021-08-05,468.0,500.0,468.0,494.0,494.0,2152
2021-08-06,490.0,498.0,480.6000061035156,484.0,484.0,1841
2021-08-09,488.0,518.0,484.0,514.0,514.0,3337
2021-08-10,510.0,518.0,498.0,516.0,516.0,3668
2021-08-11,522.0,554.0,506.0,548.0,548.0,4520
2021-08-12,522.0,542.0,508.0,508.0,508.0,4395
2021-08-13,510.0,521.0,500.0,518.0,518.0,2693
2021-08-16,540.0,556.0,514.0,518.0,518.0,15171
2021-08-17,520.0,520.0,480.0,490.0,490.0,7515
2021-08-18,508.0,512.0,482.0,498.0,498.0,8358
2021-08-19,496.0,510.0,490.0,498.0,498.0,4832
2021-08-20,500.0,530.0,492.0,524.0,524.0,5814
2021-08-23,534.0,610.0,520.0,576.0,576.0,23363
2021-08-24,562.0,600.0,546.0,584.0,584.0,17009
2021-08-25,590.0,594.0,564.0,568.0,568.0,7605
2021-08-26,578.0,640.0,568.0,624.0,624.0,19113
2021-08-27,618.0,628.0,586.0,616.0,616.0,9062
2021-08-30,600.0,610.0,589.0,592.0,592.0,6831
2021-08-31,590.0,656.0,570.0,640.0,640.0,15274
2021-09-01,606.0,641.0,606.0,622.0,622.0,6015
2021-09-02,614.0,732.0,610.0,708.0,708.0,20934
2021-09-03,700.0,744.0,678.0,716.0,716.0,13583
2021-09-07,696.0,724.0,686.0,698.0,698.0,9611
2021-09-08,708.5999755859375,712.0,616.0,704.0,704.0,13603
2021-09-09,700.0,710.0,680.0,684.0,684.0,5642
2021-09-10,680.0,684.0,638.0,650.0,650.0,8974
2021-09-13,643.7999877929688,650.0,577.0,600.0,600.0,15763
2021-09-14,596.0,630.0,594.0,594.0,594.0,5400
2021-09-15,592.7999877929688,634.0,582.0,628.0,628.0,6552
2021-09-16,636.0,652.0,607.0,636.0,636.0,6814
2021-09-17,640.0,654.0,616.0,654.0,654.0,6519
2021-09-20,624.0,634.0,606.0,624.0,624.0,6228
2021-09-21,620.0,656.0,590.0,640.0,640.0,7888
2021-09-22,640.0,640.0,608.0,630.0,630.0,4055
2021-09-23,622.0,627.0,604.2000122070312,622.0,622.0,4276
2021-09-24,612.0,624.0,601.0,610.0,610.0,2957
2021-09-27,604.0,618.0,587.7999877929688,602.0,602.0,5125
2021-09-28,596.0,602.0,586.0,594.0,594.0,3354
2021-09-29,598.0,598.0,548.0,556.0,556.0,8187
2021-09-30,558.0,584.0,546.0,576.0,576.0,4324
2021-10-01,568.0,568.4000244140625,548.0,552.0,552.0,3126
2021-10-04,694.0,710.0,560.0,588.0,588.0,310159
2021-10-05,573.0,581.5999755859375,472.0,476.0,476.0,36619
2021-10-06,456.0,460.0,420.0,428.0,428.0,25033
2021-10-07,448.0,482.0,432.0,440.0,440.0,12967
2021-10-08,440.0,442.0,404.0,426.0,426.0,19308
2021-10-11,426.0,450.0,424.0,436.0,436.0,8862
2021-10-12,434.0,448.0,430.0,432.0,432.0,7802
2021-10-13,432.0,437.6000061035156,410.0,410.0,410.0,8188
2021-10-14,412.0,420.0,396.0,416.0,416.0,17643
2021-10-15,414.0,414.0,396.0,406.0,406.0,6207
2021-10-18,400.0,411.0,385.79998779296875,410.0,410.0,6792
2021-10-19,406.0,410.0,396.0,400.0,400.0,5069
2021-10-20,398.0,400.0,386.0,388.0,388.0,5776
2021-10-21,396.0,406.0,382.0,384.0,384.0,8192
2021-10-22,380.0,384.0,370.0,378.0,378.0,8445
2021-10-25,370.0,376.3999938964844,360.0,372.0,372.0,9551
2021-10-26,372.0,380.0,366.3999938964844,374.0,374.0,3754
2021-10-27,380.0,382.0,362.0,366.0,366.0,2901
2021-10-28,364.0,372.0,362.0,366.0,366.0,3427
2021-10-29,364.0,366.0,354.0,358.0,358.0,3689
2021-11-01,360.0,370.0,355.79998779296875,364.0,364.0,3742
2021-11-02,364.0,364.0,352.0,360.0,360.0,3543
2021-11-03,358.0,372.0,356.0,364.0,364.0,3853
2021-11-04,364.0,365.3999938964844,347.0,354.0,354.0,4864
2021-11-05,352.0,354.0,340.0,340.0,340.0,5728
2021-11-08,344.0,348.0,334.0,338.0,338.0,4546
2021-11-09,338.0,342.0,326.0,338.0,338.0,5485
2021-11-10,342.0,352.0,330.0,340.0,340.0,4051
2021-11-11,338.0,344.0,334.0,340.0,340.0,5130
2021-11-12,346.0,350.0,330.0,344.0,344.0,7159
2021-11-15,342.0,348.0,340.0,344.0,344.0,3092
2021-11-16,344.0,344.0,330.0,330.0,330.0,4685
2021-11-17,330.0,333.20001220703125,318.0,320.0,320.0,5149
2021-11-18,320.0,320.0,286.0,288.0,288.0,7012
2021-11-19,310.0,316.0,298.0,308.0,308.0,4884
2021-11-22,308.0,315.6000061035156,296.0,302.0,302.0,3702
2021-11-23,300.0,336.0,300.0,334.0,334.0,5435
2021-11-24,327.0,340.0,322.0,330.0,330.0,2903
2021-11-26,312.0,320.0,308.0,316.0,316.0,2135
2021-11-29,322.0,322.0,304.0,308.0,308.0,2356
2021-11-30,312.0,326.0,304.0,322.0,322.0,3338
2021-12-01,318.0,318.0,296.0,296.0,296.0,3008
2021-12-02,296.0,302.0,292.0,299.0,299.0,1840
2021-12-03,300.0,302.0,272.0,276.0,276.0,5362
2021-12-06,276.0,282.0,264.0,276.0,276.0,2282
2021-12-07,280.0,292.0,280.0,282.0,282.0,2513
2021-12-08,288.0,294.0,280.0,290.0,290.0,1565
2021-12-09,292.0,294.0,268.0,270.0,270.0,4372
2021-12-10,276.0,280.0,258.0,262.0,262.0,3322
2021-12-13,260.0,266.0,240.0,252.0,252.0,6196
2021-12-14,260.0,266.0,248.0,252.0,252.0,4028
2021-12-15,250.0,256.0,234.0,244.0,244.0,8628
2021-12-16,242.0,250.0,220.0,220.0,220.0,28242
2021-12-17,220.0,226.0,212.0,216.0,216.0,9752
2021-12-20,210.0,216.0,204.0,210.0,210.0,6824
2021-12-21,208.0,226.0,191.0,224.0,224.0,29953
2021-12-22,230.0,230.0,218.0,220.0,220.0,3195
2021-12-23,220.0,228.0,220.0,224.0,224.0,2391
2021-12-27,226.0,228.0,222.0,222.0,222.0,3173
2021-12-28,218.0,220.0,204.0,206.0,206.0,2953
2021-12-29,204.0,205.60000610351562,196.39999389648438,199.1999969482422,199.1999969482422,3493
2021-12-30,198.0,212.0,197.1999969482422,206.0,206.0,2929
2021-12-31,204.0,208.0,199.1999969482422,200.0,200.0,3495
2022-01-03,200.0,218.0,200.0,216.0,216.0,2479
2022-01-04,224.0,242.0,218.0,222.0,222.0,4679
2022-01-05,224.0,226.0,202.0,202.0,202.0,2620
2022-01-06,204.0,205.0,196.0,200.0,200.0,2329
2022-01-07,200.0,204.0,196.0,196.1999969482422,196.1999969482422,1990
2022-01-10,196.0,204.0,192.1999969482422,202.0,202.0,1764
2022-01-11,202.0,212.0,202.0,210.0,210.0,2217
2022-01-12,212.0,212.0,200.0,202.0,202.0,2926
2022-01-13,210.0,211.1999969482422,197.60000610351562,200.0,200.0,2483
2022-01-14,197.8000030517578,200.0,194.0,196.0,196.0,1846
2022-01-18,200.0,204.0,193.0,196.39999389648438,196.39999389648438,1384
2022-01-19,198.0,200.0,188.0,193.0,193.0,1652
2022-01-20,192.1999969482422,196.0,188.0,188.0,188.0,1177
2022-01-21,186.0,190.0,172.0,174.0,174.0,3843
2022-01-24,165.1999969482422,178.0,156.0,178.0,178.0,2721
2022-01-25,174.0,174.0,166.8000030517578,170.0,170.0,1134
2022-01-26,172.0,174.0,165.0,171.0,171.0,1435
2022-01-27,174.0,174.0,162.0,164.0,164.0,1598
2022-01-28,166.0,168.0,158.0,165.0,165.0,1618
2022-01-31,166.0,184.0,164.0,176.0,176.0,1649
2022-02-01,178.0,194.0,174.39999389648438,190.0,190.0,1613
2022-02-02,194.0,194.0,180.0,186.60000610351562,186.60000610351562,633
2022-02-03,182.0,190.0,176.39999389648438,177.8000030517578,177.8000030517578,1304
2022-02-04,178.60000610351562,189.8000030517578,176.0,178.8000030517578,178.8000030517578,644
2022-02-07,180.8000030517578,180.8000030517578,168.1999969482422,176.60000610351562,176.60000610351562,1195
2022-02-08,176.0,180.0,170.39999389648438,180.0,180.0,689
2022-02-09,182.0,184.0,177.1999969482422,180.0,180.0,1026
2022-02-10,184.0,186.8000030517578,180.0,182.0,182.0,1359
2022-02-11,180.0,186.8000030517578,180.0,185.39999389648438,185.39999389648438,1346
2022-02-14,185.39999389648438,187.60000610351562,178.0,178.8000030517578,178.8000030517578,602
2022-02-15,182.0,186.0,179.8000030517578,182.39999389648438,182.39999389648438,646
2022-02-16,184.0,190.0,180.0,188.8000030517578,188.8000030517578,783
2022-02-17,188.8000030517578,190.0,178.39999389648438,178.39999389648438,178.39999389648438,587
2022-02-18,180.1999969482422,183.0,170.0,170.0,170.0,1493
2022-02-22,172.0,176.0,168.1999969482422,173.60000610351562,173.60000610351562,863
2022-02-23,172.0,174.0,164.0,165.0,165.0,760
2022-02-24,152.0,165.60000610351562,150.39999389648438,160.39999389648438,160.39999389648438,1949
2022-02-25,168.0,168.0,162.0,164.0,164.0,423
2022-02-28,162.0,167.39999389648438,162.0,164.0,164.0,471
2022-03-01,162.39999389648438,166.0,161.0,162.60000610351562,162.60000610351562,936
2022-03-02,162.1999969482422,168.0,157.39999389648438,162.0,162.0,822
2022-03-03,164.0,167.39999389648438,154.1999969482422,157.0,157.0,1487
2022-03-04,156.0,156.0,146.0,150.0,150.0,1849
2022-03-07,146.0,152.0,146.0,150.0,150.0,1264
2022-03-08,150.0,160.0,144.39999389648438,151.1999969482422,151.1999969482422,1201
2022-03-09,152.0,180.0,151.1999969482422,170.0,170.0,3126
2022-03-10,170.0,172.0,167.0,169.60000610351562,169.60000610351562,778
2022-03-11,170.0,173.0,164.0,173.0,173.0,791
2022-03-14,182.0,184.0,165.60000610351562,165.60000610351562,165.60000610351562,1280
2022-03-15,165.60000610351562,170.1999969482422,164.0,164.1999969482422,164.1999969482422,552
2022-03-16,164.0,172.8000030517578,164.0,170.0,170.0,890
2022-03-17,169.1999969482422,179.0,166.0,176.39999389648438,176.39999389648438,1058
2022-03-18,177.60000610351562,179.0,144.39999389648438,144.39999389648438,144.39999389648438,3282
2022-03-21,170.0,170.0,152.60000610351562,156.0,156.0,2283
2022-03-22,158.0,168.0,150.0,157.60000610351562,157.60000610351562,2177
2022-03-23,158.39999389648438,161.60000610351562,150.1999969482422,156.39999389648438,156.39999389648438,1212
2022-03-24,157.0,159.39999389648438,153.0,154.0,154.0,1151
2022-03-25,158.0,158.0,150.0,152.39999389648438,152.39999389648438,710
2022-03-28,150.0,156.0,150.0,153.60000610351562,153.60000610351562,997
2022-03-29,156.0,175.60000610351562,155.60000610351562,170.0,170.0,3239
2022-03-30,166.0,166.0,152.0,156.0,156.0,2687
2022-03-31,154.0,157.1999969482422,148.39999389648438,150.0,150.0,1299
2022-04-01,148.0,156.0,148.0,150.60000610351562,150.60000610351562,661
2022-04-04,150.60000610351562,159.8000030517578,149.0,156.0,156.0,1674
2022-04-05,156.0,159.60000610351562,154.0,158.39999389648438,158.39999389648438,699
2022-04-06,159.60000610351562,159.60000610351562,153.39999389648438,154.0,154.0,801
2022-04-07,150.1999969482422,156.0,148.0,148.0,148.0,1365
2022-04-08,148.1999969482422,152.60000610351562,144.39999389648438,145.0,145.0,994
2022-04-11,140.1999969482422,144.1999969482422,137.0,138.39999389648438,138.39999389648438,1389
2022-04-12,138.39999389648438,140.0,134.8000030517578,138.60000610351562,138.60000610351562,1654
2022-04-13,140.0,144.0,136.1999969482422,139.1999969482422,139.1999969482422,602
2022-04-14,139.0,152.0,136.0,152.0,152.0,1482
2022-04-18,142.0,142.0,130.39999389648438,131.1999969482422,131.1999969482422,4033
2022-04-19,129.60000610351562,131.1999969482422,120.5999984741211,121.19999694824219,121.19999694824219,2279
2022-04-20,126.0,134.0,121.0,124.5999984741211,124.5999984741211,1117
2022-04-21,130.0,152.39999389648438,126.0,130.39999389648438,130.39999389648438,6100
2022-04-22,129.39999389648438,130.0,122.5999984741211,128.0,128.0,982
2022-04-25,136.0,137.60000610351562,117.19999694824219,120.19999694824219,120.19999694824219,2392
2022-04-26,120.0,122.0,105.0,109.5999984741211,109.5999984741211,2138
2022-04-27,110.0,113.19999694824219,103.19999694824219,107.0,107.0,895
2022-04-28,108.0,110.0,104.0,108.80000305175781,108.80000305175781,1103
2022-04-29,110.0,117.80000305175781,102.0,104.5999984741211,104.5999984741211,1516
2022-05-02,102.4000015258789,106.0,97.80000305175781,100.0,100.0,1185
2022-05-03,99.0,100.0,94.0,97.5999984741211,97.5999984741211,853
2022-05-04,97.80000305175781,100.0,91.0,92.19999694824219,92.19999694824219,1885
2022-05-05,94.5999984741211,99.80000305175781,86.5999984741211,89.0,89.0,1133
2022-05-06,89.5999984741211,89.5999984741211,78.0,84.80000305175781,84.80000305175781,1963
2022-05-09,81.5999984741211,82.0,72.0,75.0,75.0,5940
2022-05-10,80.0,92.0,74.0,77.0,77.0,6514
2022-05-11,80.0,84.0,62.20000076293945,63.599998474121094,63.599998474121094,11341
2022-05-12,70.0,75.80000305175781,66.0,71.5999984741211,71.5999984741211,2677
2022-05-13,72.0,72.80000305175781,66.0,69.19999694824219,69.19999694824219,2563
2022-05-16,70.0,72.0,62.0,66.0,66.0,3840
2022-05-17,72.0,76.0,71.5999984741211,74.0,74.0,1503
2022-05-18,78.0,86.0,76.0,76.5999984741211,76.5999984741211,2479
2022-05-19,77.80000305175781,82.4000015258789,76.0,77.80000305175781,77.80000305175781,639
2022-05-20,78.0,82.0,76.0,77.4000015258789,77.4000015258789,1595
2022-05-23,77.0,79.0,77.0,77.4000015258789,77.4000015258789,341
2022-05-24,78.0,79.5999984741211,72.0,72.5999984741211,72.5999984741211,665
2022-05-25,72.0,78.80000305175781,71.0,75.5999984741211,75.5999984741211,734
2022-05-26,81.5999984741211,109.0,80.19999694824219,96.0,96.0,10872
2022-05-27,100.0,112.0,92.4000015258789,112.0,112.0,4292
2022-05-31,118.0,164.0,114.0,138.0,138.0,18608
2022-06-01,132.0,138.0,122.0,126.4000015258789,126.4000015258789,2971
2022-06-02,130.1999969482422,137.8000030517578,123.0,125.19999694824219,125.19999694824219,1879
2022-06-03,130.0,131.0,118.19999694824219,119.5999984741211,119.5999984741211,1743
2022-06-06,122.0,122.0,101.0,107.19999694824219,107.19999694824219,1817
2022-06-07,106.0,110.19999694824219,101.0,109.0,109.0,1559
2022-06-08,111.80000305175781,118.0,106.0,109.5999984741211,109.5999984741211,1960
2022-06-09,116.5999984741211,117.0,106.0,114.5999984741211,114.5999984741211,1702
2022-06-10,120.0,120.0,107.5999984741211,114.4000015258789,114.4000015258789,964
2022-06-13,109.5999984741211,114.4000015258789,99.5999984741211,105.5999984741211,105.5999984741211,1321
2022-06-14,105.4000015258789,110.0,96.19999694824219,101.19999694824219,101.19999694824219,628
2022-06-15,99.80000305175781,109.4000015258789,99.80000305175781,106.19999694824219,106.19999694824219,1035
2022-06-16,101.0,108.0,91.5999984741211,100.80000305175781,100.80000305175781,1539
2022-06-17,103.80000305175781,106.0,96.4000015258789,100.0,100.0,729
2022-06-21,104.0,107.5999984741211,102.0,102.0,102.0,1005
2022-06-22,100.0,120.0,100.0,109.0,109.0,2055
2022-06-23,114.0,127.19999694824219,112.0,126.4000015258789,126.4000015258789,1896
2022-06-24,130.0,136.0,116.5999984741211,116.5999984741211,116.5999984741211,1261
2022-06-27,113.4000015258789,121.0,112.0,112.80000305175781,112.80000305175781,684
2022-06-28,109.4000015258789,112.4000015258789,106.0,106.0,106.0,855
2022-06-29,106.4000015258789,111.0,105.0,105.5999984741211,105.5999984741211,767
2022-06-30,108.0,113.5999984741211,105.0,109.19999694824219,109.19999694824219,1082
2022-07-01,107.0,116.0,107.0,114.4000015258789,114.4000015258789,565
2022-07-05,106.0,116.0,105.80000305175781,113.4000015258789,113.4000015258789,778
2022-07-06,112.0,116.0,110.80000305175781,112.19999694824219,112.19999694824219,504
2022-07-07,114.0,127.4000015258789,112.0,118.5999984741211,118.5999984741211,1160
2022-07-08,125.5999984741211,125.5999984741211,117.19999694824219,119.0,119.0,1027
2022-07-11,122.0,125.80000305175781,118.0,122.5999984741211,122.5999984741211,475
2022-07-12,125.5999984741211,125.5999984741211,116.4000015258789,122.0,122.0,1368
2022-07-13,116.0,122.4000015258789,116.0,118.0,118.0,371
2022-07-14,116.0,121.5999984741211,108.0,110.0,110.0,1070
2022-07-15,108.0,113.5999984741211,108.0,110.0,110.0,314
2022-07-18,109.0,114.0,108.0,108.4000015258789,108.4000015258789,944
2022-07-19,107.80000305175781,110.5999984741211,105.0,108.5999984741211,108.5999984741211,859
2022-07-20,108.80000305175781,116.0,108.80000305175781,112.0,112.0,805
2022-07-21,112.0,115.80000305175781,108.80000305175781,108.80000305175781,108.80000305175781,352
2022-07-22,108.0,108.0,105.0,106.19999694824219,106.19999694824219,381
2022-07-25,105.0,107.19999694824219,100.5999984741211,104.0,104.0,700
2022-07-26,114.0,114.0,98.19999694824219,100.0,100.0,1410
2022-07-27,100.0,103.80000305175781,100.0,102.4000015258789,102.4000015258789,241
2022-07-28,106.0,106.0,98.0,99.80000305175781,99.80000305175781,451
2022-07-29,99.80000305175781,100.4000015258789,98.0,98.0,98.0,284
2022-08-01,100.0,100.0,97.80000305175781,99.5999984741211,99.5999984741211,555
2022-08-02,97.0,124.0,96.0,110.0,110.0,6664
2022-08-03,120.0,122.5999984741211,112.0,117.0,117.0,6612
2022-08-04,124.0,128.0,113.19999694824219,123.19999694824219,123.19999694824219,9657
2022-08-05,124.0,127.0,118.0,124.0,124.0,2802
2022-08-08,130.0,133.0,118.4000015258789,124.80000305175781,124.80000305175781,3103
2022-08-09,126.0,129.8000030517578,114.0,116.0,116.0,1978
2022-08-10,114.0,123.0,112.0,120.0,120.0,1318
2022-08-11,120.0,127.0,112.19999694824219,126.0,126.0,3746
2022-08-12,123.5999984741211,126.4000015258789,114.0,124.4000015258789,124.4000015258789,4406
2022-08-15,124.4000015258789,125.5999984741211,116.19999694824219,117.4000015258789,117.4000015258789,1035
2022-08-16,122.19999694824219,123.4000015258789,110.0,111.4000015258789,111.4000015258789,2937
2022-08-17,112.0,114.19999694824219,106.80000305175781,108.5999984741211,108.5999984741211,1036
2022-08-18,106.0,112.0,100.19999694824219,102.4000015258789,102.4000015258789,1432
2022-08-19,104.0,104.0,98.0,100.0,100.0,783
2022-08-22,99.0,102.80000305175781,95.0,96.0,96.0,624
2022-08-23,94.4000015258789,98.0,90.4000015258789,96.80000305175781,96.80000305175781,1054
2022-08-24,98.0,103.0,95.80000305175781,99.0,99.0,1741
2022-08-25,100.0,101.80000305175781,98.0,99.80000305175781,99.80000305175781,774
2022-08-26,98.0,99.80000305175781,90.4000015258789,95.5999984741211,95.5999984741211,1374
2022-08-29,94.0,96.4000015258789,92.80000305175781,94.0,94.0,401
2022-08-30,96.0,96.80000305175781,90.0,96.0,96.0,1051
2022-08-31,94.0,96.5999984741211,92.0,93.19999694824219,93.19999694824219,660
2022-09-01,91.0,94.0,85.19999694824219,86.4000015258789,86.4000015258789,1035
2022-09-02,90.0,90.0,83.5999984741211,85.0,85.0,449
2022-09-06,86.0,86.0,80.0,80.0,80.0,1247
2022-09-07,80.0,84.0,80.0,83.4000015258789,83.4000015258789,299
2022-09-08,82.0,85.0,81.0,83.80000305175781,83.80000305175781,390
2022-09-09,84.0,87.0,84.0,86.19999694824219,86.19999694824219,672
2022-09-12,90.0,90.0,86.0,86.0,86.0,5404
2022-09-13,93.19999694824219,96.0,87.19999694824219,91.4000015258789,91.4000015258789,3148
2022-09-14,92.0,92.0,85.0,86.4000015258789,86.4000015258789,1120
2022-09-15,88.19999694824219,89.0,83.0,86.0,86.0,763
2022-09-16,82.0,83.80000305175781,78.0,83.80000305175781,83.80000305175781,1104
2022-09-19,82.5999984741211,87.80000305175781,79.5999984741211,84.19999694824219,84.19999694824219,728
2022-09-20,88.0,89.4000015258789,83.19999694824219,83.5999984741211,83.5999984741211,969
2022-09-21,82.4000015258789,88.0,82.0,84.80000305175781,84.80000305175781,604
2022-09-22,87.0,89.5999984741211,80.5999984741211,83.19999694824219,83.19999694824219,600
2022-09-23,80.0,84.0,74.0,77.4000015258789,77.4000015258789,1259
2022-09-26,82.0,82.0,78.0,78.80000305175781,78.80000305175781,240
2022-09-27,76.0,80.0,74.4000015258789,75.80000305175781,75.80000305175781,300
2022-09-28,76.0,78.5999984741211,75.80000305175781,76.0,76.0,410
2022-09-29,74.4000015258789,78.80000305175781,74.19999694824219,75.4000015258789,75.4000015258789,584
2022-09-30,68.0,71.4000015258789,54.0,57.20000076293945,57.20000076293945,7232
2022-10-03,59.400001525878906,66.0,58.0,62.0,62.0,3125
2022-10-04,62.20000076293945,64.0,58.0,61.20000076293945,61.20000076293945,1276
2022-10-05,63.79999923706055,63.79999923706055,55.0,56.0,56.0,948
2022-10-06,56.0,60.0,52.400001525878906,53.599998474121094,53.599998474121094,2162
2022-10-07,50.0,56.0,48.599998474121094,50.20000076293945,50.20000076293945,2006
2022-10-10,51.599998474121094,51.599998474121094,46.0,46.400001525878906,46.400001525878906,1582
2022-10-11,46.0,48.0,40.0,41.599998474121094,41.599998474121094,3939
2022-10-12,46.0,46.0,40.0,42.0,42.0,1903
2022-10-13,42.0,45.599998474121094,39.0,40.400001525878906,40.400001525878906,3630
2022-10-14,44.0,44.0,37.400001525878906,38.0,38.0,2592
2022-10-17,38.0,42.0,36.0,39.79999923706055,39.79999923706055,2251
2022-10-18,41.0,41.0,38.20000076293945,39.20000076293945,39.20000076293945,1706
2022-10-19,41.0,41.0,37.0,38.599998474121094,38.599998474121094,2861
2022-10-20,40.400001525878906,43.400001525878906,37.20000076293945,38.0,38.0,1633
2022-10-21,39.0,40.0,36.0,37.20000076293945,37.20000076293945,1943
2022-10-24,38.0,38.0,32.20000076293945,37.400001525878906,37.400001525878906,2392
2022-10-25,36.79999923706055,42.79999923706055,34.599998474121094,39.0,39.0,3776
2022-10-26,40.0,41.79999923706055,38.0,38.0,38.0,1868
2022-10-27,40.0,41.79999923706055,37.20000076293945,38.0,38.0,2001
2022-10-28,38.0,40.0,36.0,37.599998474121094,37.599998474121094,2633
2022-10-31,40.79999923706055,40.79999923706055,37.599998474121094,38.0,38.0,1420
2022-11-01,39.0,40.0,35.599998474121094,36.0,36.0,3375
2022-11-02,38.0,38.599998474121094,34.599998474121094,35.400001525878906,35.400001525878906,902
2022-11-03,35.400001525878906,36.79999923706055,35.400001525878906,36.20000076293945,36.20000076293945,685
2022-11-04,37.20000076293945,37.400001525878906,34.79999923706055,36.400001525878906,36.400001525878906,1136
2022-11-07,36.599998474121094,36.79999923706055,34.0,36.20000076293945,36.20000076293945,874
2022-11-08,36.0,38.0,34.599998474121094,37.20000076293945,37.20000076293945,849
2022-11-09,41.400001525878906,41.400001525878906,34.0,35.599998474121094,35.599998474121094,741
2022-11-10,37.0,40.599998474121094,35.0,37.0,37.0,3018
2022-11-11,36.0,40.599998474121094,35.0,40.599998474121094,40.599998474121094,3358
2022-11-14,41.79999923706055,43.599998474121094,38.0,40.400001525878906,40.400001525878906,1460
2022-11-15,38.20000076293945,46.400001525878906,38.0,44.0,44.0,2432
2022-11-16,41.400001525878906,46.0,40.599998474121094,43.400001525878906,43.400001525878906,1042
2022-11-17,42.0,45.400001525878906,41.0,43.0,43.0,328
2022-11-18,44.0,44.0,42.0,43.79999923706055,43.79999923706055,473
2022-11-21,44.0,44.0,41.0,42.79999923706055,42.79999923706055,605
2022-11-22,41.0,44.0,38.20000076293945,38.599998474121094,38.599998474121094,1043
2022-11-23,42.20000076293945,42.400001525878906,36.0,39.599998474121094,39.599998474121094,919
2022-11-25,40.0,40.0,36.0,36.0,36.0,381
2022-11-28,36.599998474121094,38.20000076293945,34.0,34.0,34.0,933
2022-11-29,38.20000076293945,38.20000076293945,34.20000076293945,34.20000076293945,34.20000076293945,1045
2022-11-30,34.20000076293945,40.0,34.20000076293945,39.599998474121094,39.599998474121094,2418
2022-12-01,39.599998474121094,39.599998474121094,34.400001525878906,35.0,35.0,2173
2022-12-02,36.599998474121094,36.599998474121094,28.600000381469727,30.0,30.0,7472
2022-12-05,32.0,32.0,28.399999618530273,29.0,29.0,4193
2022-12-06,30.0,30.200000762939453,26.0,27.0,27.0,5201
2022-12-07,26.799999237060547,27.200000762939453,26.0,26.0,26.0,1791
2022-12-08,26.0,27.200000762939453,24.0,24.0,24.0,3717
2022-12-09,25.0,27.399999618530273,23.200000762939453,24.0,24.0,6209
2022-12-12,24.200000762939453,26.0,23.399999618530273,25.0,25.0,5257
2022-12-13,49.0,90.5999984741211,46.0,46.20000076293945,46.20000076293945,1212609
2022-12-14,37.0,38.0,32.0,33.0,33.0,77835
2022-12-15,33.0,35.599998474121094,27.799999237060547,31.799999237060547,31.799999237060547,37836
2022-12-16,32.20000076293945,33.0,26.200000762939453,26.200000762939453,26.200000762939453,20848
2022-12-19,28.200000762939453,29.799999237060547,26.200000762939453,26.200000762939453,26.200000762939453,12632
2022-12-20,28.0,30.0,26.0,26.0,26.0,21587
2022-12-21,26.0,28.0,24.200000762939453,26.200000762939453,26.200000762939453,9539
2022-12-22,26.0,26.600000381469727,24.0,25.600000381469727,25.600000381469727,9173
2022-12-23,25.0,26.0,24.0,26.0,26.0,6285
2022-12-27,25.799999237060547,25.799999237060547,24.0,24.0,24.0,5583
2022-12-28,24.0,25.399999618530273,22.200000762939453,25.399999618530273,25.399999618530273,11829
2022-12-29,25.399999618530273,32.0,25.0,30.0,30.0,26002
2022-12-30,30.0,30.0,26.399999618530273,28.200000762939453,28.200000762939453,7147
2023-01-03,28.0,34.0,28.0,33.79999923706055,33.79999923706055,25293
2023-01-04,34.0,38.0,33.0,34.599998474121094,34.599998474121094,25376
2023-01-05,30.200000762939453,31.299999237060547,26.399999618530273,28.0,28.0,58700
2023-01-06,27.0,28.100000381469727,25.0,26.5,26.5,25350
2023-01-09,23.899999618530273,25.700000762939453,22.799999237060547,23.200000762939453,23.200000762939453,26180
2023-01-10,23.399999618530273,25.899999618530273,23.200000762939453,24.100000381469727,24.100000381469727,26890
2023-01-11,24.0,24.5,22.200000762939453,23.100000381469727,23.100000381469727,24530
2023-01-12,22.600000381469727,24.8799991607666,22.200000762939453,23.399999618530273,23.399999618530273,26780
2023-01-13,23.799999237060547,27.299999237060547,23.799999237060547,26.0,26.0,25050
2023-01-17,26.100000381469727,27.209999084472656,23.700000762939453,25.200000762939453,25.200000762939453,24720
2023-01-18,24.299999237060547,25.100000381469727,22.600000381469727,23.5,23.5,23880
2023-01-19,22.899999618530273,23.700000762939453,22.299999237060547,23.299999237060547,23.299999237060547,6360
2023-01-20,23.399999618530273,23.899999618530273,22.309999465942383,23.0,23.0,9820
2023-01-23,22.700000762939453,23.100000381469727,22.0,22.899999618530273,22.899999618530273,11970
2023-01-24,22.5,22.799999237060547,20.100000381469727,21.200000762939453,21.200000762939453,13410
2023-01-25,20.700000762939453,21.440000534057617,20.200000762939453,20.5,20.5,6000
2023-01-26,22.299999237060547,22.3799991607666,18.200000762939453,19.700000762939453,19.700000762939453,157020
2023-01-27,19.5,20.299999237060547,18.5,19.200000762939453,19.200000762939453,23410
2023-01-30,19.200000762939453,19.200000762939453,17.600000381469727,17.700000762939453,17.700000762939453,18890
2023-01-31,17.700000762939453,18.5,17.600000381469727,18.200000762939453,18.200000762939453,13600
2023-02-01,18.100000381469727,18.399999618530273,17.200000762939453,18.200000762939453,18.200000762939453,12580
2023-02-02,18.200000762939453,18.600000381469727,17.600000381469727,18.100000381469727,18.100000381469727,12770
2023-02-03,18.0,20.799999237060547,16.600000381469727,17.399999618530273,17.399999618530273,105720
2023-02-06,17.600000381469727,19.799999237060547,16.899999618530273,18.299999237060547,18.299999237060547,144750
2023-02-07,18.5,20.5,17.100000381469727,18.0,18.0,133640
2023-02-08,17.799999237060547,18.5,17.100000381469727,17.700000762939453,17.700000762939453,59310
2023-02-09,17.899999618530273,18.0,15.300000190734863,15.600000381469727,15.600000381469727,58970
2023-02-10,16.100000381469727,16.100000381469727,14.0,14.100000381469727,14.100000381469727,36820
2023-02-13,14.399999618530273,14.399999618530273,11.100000381469727,12.0,12.0,57120
2023-02-14,12.100000381469727,12.600000381469727,11.100000381469727,11.699999809265137,11.699999809265137,20690
2023-02-15,11.899999618530273,13.0,9.800000190734863,10.800000190734863,10.800000190734863,153060
2023-02-16,11.100000381469727,11.699999809265137,11.0,11.600000381469727,11.600000381469727,40690
2023-02-17,11.699999809265137,12.100000381469727,11.100000381469727,11.800000190734863,11.800000190734863,21760
2023-02-21,11.800000190734863,12.899999618530273,11.699999809265137,11.899999618530273,11.899999618530273,39770
2023-02-22,12.0,12.199999809265137,11.300000190734863,11.300000190734863,11.300000190734863,19000
2023-02-23,11.399999618530273,11.5,9.899999618530273,10.199999809265137,10.199999809265137,37430
2023-02-24,10.100000381469727,10.5,10.100000381469727,10.300000190734863,10.300000190734863,18370
2023-02-27,10.199999809265137,10.5,10.100000381469727,10.199999809265137,10.199999809265137,17420
2023-02-28,10.0,10.5,10.0,10.399999618530273,10.399999618530273,11710
2023-03-01,10.5,10.600000381469727,10.300000190734863,10.600000381469727,10.600000381469727,11210
2023-03-02,10.699999809265137,11.300000190734863,10.600000381469727,11.0,11.0,27450
2023-03-03,10.899999618530273,11.300000190734863,10.699999809265137,11.0,11.0,11770
2023-03-06,11.100000381469727,11.100000381469727,10.199999809265137,10.300000190734863,10.300000190734863,18460
2023-03-07,10.399999618530273,10.5,9.699999809265137,9.899999618530273,9.899999618530273,30380
2023-03-08,10.0,10.0,9.300000190734863,9.899999618530273,9.899999618530273,26860
2023-03-09,9.899999618530273,12.470000267028809,9.899999618530273,11.800000190734863,11.800000190734863,225050
2023-03-10,12.100000381469727,12.199999809265137,10.600000381469727,11.0,11.0,85430
2023-03-13,10.600000381469727,11.399999618530273,9.859999656677246,10.75,10.75,46760
2023-03-14,11.399999618530273,14.0,11.100000381469727,13.5,13.5,227970
2023-03-15,13.0,14.600000381469727,11.899999618530273,13.100000381469727,13.100000381469727,118720
2023-03-16,13.199999809265137,13.899999618530273,12.399999618530273,13.800000190734863,13.800000190734863,68160
2023-03-17,13.699999809265137,14.699999809265137,13.600000381469727,14.699999809265137,14.699999809265137,75860
2023-03-20,14.800000190734863,16.0,14.199999809265137,15.5,15.5,68550
2023-03-21,15.0,15.399999618530273,13.100000381469727,14.100000381469727,14.100000381469727,79590
2023-03-22,13.899999618530273,14.100000381469727,13.100000381469727,13.699999809265137,13.699999809265137,17700
2023-03-23,13.800000190734863,14.699999809265137,13.699999809265137,14.0,14.0,24450
2023-03-24,14.0,15.399999618530273,13.800000190734863,14.899999618530273,14.899999618530273,57780
2023-03-27,15.300000190734863,15.300000190734863,13.75,14.300000190734863,14.300000190734863,33980
2023-03-28,14.300000190734863,14.800000190734863,13.899999618530273,14.600000381469727,14.600000381469727,29350
2023-03-29,14.699999809265137,15.600000381469727,13.5,13.600000381469727,13.600000381469727,58940
2023-03-30,12.199999809265137,12.399999618530273,11.5,11.800000190734863,11.800000190734863,62320
2023-03-31,11.899999618530273,13.300000190734863,11.899999618530273,13.300000190734863,13.300000190734863,22060
2023-04-03,13.399999618530273,13.800000190734863,13.0,13.300000190734863,13.300000190734863,15830
2023-04-04,13.100000381469727,13.600000381469727,12.899999618530273,13.199999809265137,13.199999809265137,7290
2023-04-05,13.100000381469727,13.600000381469727,12.899999618530273,13.300000190734863,13.300000190734863,19510
2023-04-06,13.399999618530273,13.579999923706055,13.0,13.100000381469727,13.100000381469727,8650
2023-04-10,12.800000190734863,13.0,11.600000381469727,11.699999809265137,11.699999809265137,20310
2023-04-11,11.699999809265137,12.199999809265137,11.5,11.699999809265137,11.699999809265137,16210
2023-04-12,11.600000381469727,11.600000381469727,10.899999618530273,11.199999809265137,11.199999809265137,5910
2023-04-13,11.300000190734863,12.199999809265137,10.899999618530273,11.800000190734863,11.800000190734863,6960
2023-04-14,11.800000190734863,12.279999732971191,11.0,11.399999618530273,11.399999618530273,13830
2023-04-17,11.399999618530273,12.399999618530273,11.199999809265137,12.069999694824219,12.069999694824219,19010
2023-04-18,12.5,12.699999809265137,9.59000015258789,10.5,10.5,159120
2023-04-19,10.600000381469727,11.199999809265137,10.399999618530273,11.0,11.0,36800
2023-04-20,10.600000381469727,11.300000190734863,10.399999618530273,10.5,10.5,13570
2023-04-21,10.5,10.75,9.34000015258789,9.800000190734863,9.800000190734863,38050
2023-04-24,9.600000381469727,9.930000305175781,9.25,9.569999694824219,9.569999694824219,10160
2023-04-25,9.5,9.600000381469727,8.720000267028809,8.9399995803833,8.9399995803833,12290
2023-04-26,8.779999732971191,9.0,8.15999984741211,8.300000190734863,8.300000190734863,153030
2023-04-27,9.1899995803833,9.470000267028809,8.460000038146973,9.020000457763672,9.020000457763672,263410
2023-04-28,7.78000020980835,8.199999809265137,7.389999866485596,7.940000057220459,7.940000057220459,62320
2023-05-01,7.599999904632568,7.889999866485596,7.400000095367432,7.78000020980835,7.78000020980835,26030
2023-05-02,7.139999866485596,7.300000190734863,5.5,6.820000171661377,6.820000171661377,55290
2023-05-03,6.980000019073486,7.28000020980835,6.820000171661377,6.929999828338623,6.929999828338623,13230
2023-05-04,7.400000095367432,7.400000095367432,7.0,7.349999904632568,7.349999904632568,9240
2023-05-05,7.5,8.079999923706055,7.5,7.639999866485596,7.639999866485596,15980
2023-05-08,7.900000095367432,8.270000457763672,7.400000095367432,7.400000095367432,7.400000095367432,10580
2023-05-09,7.5,8.050000190734863,7.5,8.0,8.0,15650
2023-05-10,8.0,8.680000305175781,7.909999847412109,8.399999618530273,8.399999618530273,11860
2023-05-11,8.399999618530273,8.5,7.599999904632568,7.800000190734863,7.800000190734863,8740
2023-05-12,7.96999979019165,8.300000190734863,7.099999904632568,7.519999980926514,7.519999980926514,6680
2023-05-15,7.699999809265137,7.760000228881836,6.909999847412109,7.0,7.0,7590
2023-05-16,7.110000133514404,7.409999847412109,7.0,7.0,7.0,5850
2023-05-17,7.099999904632568,7.349999904632568,6.889999866485596,7.099999904632568,7.099999904632568,6730
2023-05-18,6.800000190734863,7.150000095367432,6.440000057220459,6.920000076293945,6.920000076293945,12730
2023-05-19,7.0,7.690000057220459,6.920000076293945,7.460000038146973,7.460000038146973,9610
2023-05-22,7.5,7.599999904632568,7.099999904632568,7.579999923706055,7.579999923706055,7910
2023-05-23,7.599999904632568,8.0,7.300000190734863,7.639999866485596,7.639999866485596,11560
2023-05-24,7.639999866485596,7.75,7.400000095367432,7.5,7.5,5500
2023-05-25,7.590000152587891,7.590000152587891,6.889999866485596,6.940000057220459,6.940000057220459,10320
2023-05-26,7.0,7.190000057220459,6.889999866485596,7.050000190734863,7.050000190734863,6040
2023-05-30,7.099999904632568,7.230000019073486,6.900000095367432,7.099999904632568,7.099999904632568,5120
2023-05-31,7.300000190734863,7.699999809265137,6.900000095367432,7.519999980926514,7.519999980926514,18390
2023-06-01,7.289999961853027,7.400000095367432,6.900000095367432,7.019999980926514,7.019999980926514,7970
2023-06-02,7.0,7.199999809265137,6.900000095367432,7.0,7.0,4280
2023-06-05,7.0,7.199999809265137,6.800000190734863,6.900000095367432,6.900000095367432,8770
2023-06-06,7.099999904632568,7.099999904632568,6.400000095367432,6.400000095367432,6.400000095367432,12380
2023-06-07,6.480000019073486,6.5,6.099999904632568,6.210000038146973,6.210000038146973,6710
2023-06-08,6.5,6.5,6.0,6.269999980926514,6.269999980926514,4360
2023-06-09,6.099999904632568,6.199999809265137,5.599999904632568,6.0,6.0,9170
2023-06-12,6.400000095367432,6.5,6.0,6.179999828338623,6.179999828338623,7080
2023-06-13,6.5,6.570000171661377,6.199999809265137,6.320000171661377,6.320000171661377,10960
2023-06-14,6.599999904632568,6.599999904632568,5.800000190734863,5.940000057220459,5.940000057220459,10330
2023-06-15,6.0,6.5,5.800000190734863,6.199999809265137,6.199999809265137,119690
2023-06-16,7.0,7.199999809265137,6.0,6.0,6.0,48880
2023-06-20,6.0,6.0,5.610000133514404,5.699999809265137,5.699999809265137,16160
2023-06-21,5.900000095367432,6.300000190734863,5.400000095367432,6.300000190734863,6.300000190734863,36570
2023-06-22,6.199999809265137,6.5,5.960000038146973,6.199999809265137,6.199999809265137,12480
2023-06-23,6.5,6.5,6.0,6.300000190734863,6.300000190734863,6860
2023-06-26,6.300000190734863,6.349999904632568,5.929999828338623,6.320000171661377,6.320000171661377,5430
2023-06-27,6.199999809265137,6.300000190734863,5.900000095367432,6.25,6.25,4790
2023-06-28,6.079999923706055,6.349999904632568,6.079999923706055,6.349999904632568,6.349999904632568,4490
2023-06-29,6.119999885559082,7.699999809265137,6.119999885559082,7.320000171661377,7.320000171661377,26420
2023-06-30,7.329999923706055,8.180000305175781,7.260000228881836,8.149999618530273,8.149999618530273,17520
2023-07-03,8.5,8.5,8.149999618530273,8.289999961853027,8.289999961853027,11500
2023-07-05,8.300000190734863,8.300000190734863,7.730000019073486,8.199999809265137,8.199999809265137,8150
2023-07-06,8.199999809265137,8.199999809265137,7.5,8.0,8.0,4960
2023-07-07,8.0,8.5,7.800000190734863,8.399999618530273,8.399999618530273,5160
2023-07-10,8.399999618530273,8.800000190734863,7.960000038146973,8.520000457763672,8.520000457763672,8500
2023-07-11,8.649999618530273,9.260000228881836,8.609999656677246,9.100000381469727,9.100000381469727,8250
2023-07-12,9.300000190734863,9.600000381469727,8.949999809265137,9.0,9.0,10410
2023-07-13,8.699999809265137,9.0,8.5,8.600000381469727,8.600000381469727,6680
2023-07-14,8.600000381469727,9.0,7.789999961853027,8.270000457763672,8.270000457763672,13970
2023-07-17,8.100000381469727,8.300000190734863,7.010000228881836,7.099999904632568,7.099999904632568,29580
2023-07-18,7.199999809265137,7.199999809265137,6.260000228881836,6.5,6.5,15280
2023-07-19,6.510000228881836,7.0,6.349999904632568,6.400000095367432,6.400000095367432,10510
2023-07-20,6.289999961853027,6.800000190734863,6.199999809265137,6.210000038146973,6.210000038146973,6710
2023-07-21,6.489999771118164,6.489999771118164,5.900000095367432,6.0,6.0,9620
2023-07-24,6.090000152587891,6.099999904632568,5.610000133514404,5.869999885559082,5.869999885559082,12570
2023-07-25,5.849999904632568,6.179999828338623,5.690000057220459,6.0,6.0,9900
2023-07-26,6.099999904632568,6.099999904632568,5.400000095367432,5.679999828338623,5.679999828338623,22520
2023-07-27,5.570000171661377,5.78000020980835,5.340000152587891,5.579999923706055,5.579999923706055,8430
2023-07-28,5.519999980926514,5.699999809265137,5.400000095367432,5.699999809265137,5.699999809265137,7390
2023-07-31,5.699999809265137,6.179999828338623,5.610000133514404,6.010000228881836,6.010000228881836,10200
2023-08-01,6.28000020980835,6.28000020980835,5.800000190734863,6.010000228881836,6.010000228881836,12120
2023-08-02,6.0,6.099999904632568,5.599999904632568,5.900000095367432,5.900000095367432,4850
2023-08-03,6.099999904632568,6.199999809265137,5.800000190734863,5.829999923706055,5.829999923706055,5970
2023-08-04,6.0,6.099999904632568,5.800000190734863,5.869999885559082,5.869999885559082,6380
2023-08-07,6.0,6.099999904632568,5.300000190734863,5.599999904632568,5.599999904632568,16170
2023-08-08,5.599999904632568,5.699999809265137,5.110000133514404,5.25,5.25,9220
2023-08-09,5.449999809265137,5.449999809265137,4.409999847412109,4.409999847412109,4.409999847412109,32150
2023-08-10,4.510000228881836,4.650000095367432,3.009999990463257,3.380000114440918,3.380000114440918,64010
2023-08-11,3.0,3.049999952316284,2.4200000762939453,2.559999942779541,2.559999942779541,110560
2023-08-14,2.5399999618530273,3.009999990463257,2.4100000858306885,2.6700000762939453,2.6700000762939453,61450
2023-08-15,2.5999999046325684,2.5999999046325684,2.2300000190734863,2.25,2.25,40800
2023-08-16,2.2300000190734863,2.5,2.0199999809265137,2.109999895095825,2.109999895095825,66020
2023-08-17,2.1700000762939453,2.200000047683716,1.7999999523162842,1.8799999952316284,1.8799999952316284,88440
2023-08-18,1.8200000524520874,3.190000057220459,1.8200000524520874,2.0199999809265137,2.0199999809265137,550690
2023-08-21,1.9199999570846558,2.0999999046325684,1.899999976158142,2.0,2.0,81410
2023-08-22,2.2100000381469727,2.309999942779541,1.8200000524520874,1.840000033378601,1.840000033378601,114220
2023-08-23,1.850000023841858,1.8899999856948853,1.649999976158142,1.7699999809265137,1.7699999809265137,68310
2023-08-24,1.7699999809265137,1.7999999523162842,1.649999976158142,1.7799999713897705,1.7799999713897705,34130
2023-08-25,1.7999999523162842,1.7999999523162842,1.659999966621399,1.7100000381469727,1.7100000381469727,16220
2023-08-28,1.7400000095367432,1.7400000095367432,1.659999966621399,1.7000000476837158,1.7000000476837158,9900
2023-08-29,1.7400000095367432,1.7899999618530273,1.649999976158142,1.7200000286102295,1.7200000286102295,13720
2023-08-30,1.7599999904632568,1.7999999523162842,1.649999976158142,1.75,1.75,36500
2023-08-31,1.8300000429153442,2.2899999618530273,1.8300000429153442,1.899999976158142,1.899999976158142,250320
2023-09-01,2.069999933242798,2.0999999046325684,1.8300000429153442,1.9900000095367432,1.9900000095367432,52710
2023-09-05,2.0,2.190000057220459,2.0,2.0899999141693115,2.0899999141693115,22430
2023-09-06,2.1700000762939453,2.190000057220459,1.9199999570846558,1.9500000476837158,1.9500000476837158,31320
2023-09-07,1.9199999570846558,1.9500000476837158,1.7999999523162842,1.940000057220459,1.940000057220459,19240
2023-09-08,1.909999966621399,2.0999999046325684,1.909999966621399,1.9900000095367432,1.9900000095367432,15710
2023-09-11,2.0,2.0899999141693115,2.0,2.0799999237060547,2.0799999237060547,7540
2023-09-12,2.119999885559082,2.25,2.0999999046325684,2.200000047683716,2.200000047683716,44210
2023-09-13,2.200000047683716,2.240000009536743,2.1500000953674316,2.2100000381469727,2.2100000381469727,11810
2023-09-14,2.119999885559082,2.2699999809265137,2.0999999046325684,2.119999885559082,2.119999885559082,14050
2023-09-15,2.119999885559082,2.2799999713897705,1.9700000286102295,2.2799999713897705,2.2799999713897705,21650
2023-09-18,2.25,2.25,2.0999999046325684,2.200000047683716,2.200000047683716,7620
2023-09-19,2.1500000953674316,2.5,2.1500000953674316,2.5,2.5,73930
2023-09-20,2.640000104904175,2.6700000762939453,2.299999952316284,2.430000066757202,2.430000066757202,38740
2023-09-21,2.3499999046325684,2.4100000858306885,2.0999999046325684,2.25,2.25,19350
2023-09-22,2.309999942779541,2.359999895095825,2.200000047683716,2.2899999618530273,2.2899999618530273,11190
2023-09-25,2.200000047683716,2.299999952316284,2.200000047683716,2.25,2.25,7090
2023-09-26,2.2699999809265137,2.299999952316284,2.0999999046325684,2.200000047683716,2.200000047683716,12780
2023-09-27,2.0999999046325684,2.180000066757202,1.899999976158142,2.069999933242798,2.069999933242798,20110
2023-09-28,2.0999999046325684,2.0999999046325684,2.0,2.009999990463257,2.009999990463257,136960
2023-09-29,3.9200000762939453,5.800000190734863,3.4800000190734863,4.010000228881836,4.010000228881836,9619900
2023-10-02,4.389999866485596,4.5,3.7100000381469727,4.199999809265137,4.199999809265137,525640
2023-10-03,3.690000057220459,3.9000000953674316,2.759999990463257,3.680000066757202,3.680000066757202,267750
2023-10-04,3.7200000286102295,4.400000095367432,3.319999933242798,4.199999809265137,4.199999809265137,265290
2023-10-05,4.139999866485596,4.550000190734863,3.9000000953674316,4.03000020980835,4.03000020980835,109510
2023-10-06,3.7899999618530273,4.400000095367432,3.759999990463257,4.090000152587891,4.090000152587891,126850
2023-10-09,3.9700000286102295,4.110000133514404,3.5,3.609999895095825,3.609999895095825,87820
2023-10-10,3.890000104904175,3.890000104904175,3.299999952316284,3.4600000381469727,3.4600000381469727,65730
2023-10-11,3.4000000953674316,3.5,3.259999990463257,3.359999895095825,3.359999895095825,1275360
2023-10-12,16.5,38.400001525878906,8.630000114440918,9.199999809265137,9.199999809265137,7076600
2023-10-13,6.980000019073486,11.199999809265137,6.900000095367432,8.220000267028809,8.220000267028809,1624470
2023-10-16,7.699999809265137,10.699999809265137,7.139999866485596,9.079999923706055,9.079999923706055,1579190
2023-10-17,9.079999923706055,13.350000381469727,9.079999923706055,11.199999809265137,11.199999809265137,2601700
2023-10-18,11.600000381469727,13.399999618530273,10.600000381469727,11.899999618530273,11.899999618530273,853210
2023-10-19,11.0,11.199999809265137,9.5,9.800000190734863,9.800000190734863,369190
2023-10-20,9.5,9.789999961853027,7.5,7.599999904632568,7.599999904632568,213710
2023-10-23,7.300000190734863,7.400000095367432,6.300000190734863,7.039999961853027,7.039999961853027,168360
2023-10-24,6.710000038146973,7.400000095367432,6.5,6.519999980926514,6.519999980926514,84190
2023-10-25,6.53000020980835,6.840000152587891,5.769999980926514,6.0,6.0,91370
2023-10-26,6.110000133514404,7.099999904632568,5.800000190734863,6.619999885559082,6.619999885559082,155500
2023-10-27,6.690000057220459,6.800000190734863,6.110000133514404,6.329999923706055,6.329999923706055,94290
2023-10-30,6.099999904632568,7.0,5.900000095367432,6.550000190734863,6.550000190734863,74890
2023-10-31,6.730000019073486,6.78000020980835,6.300000190734863,6.599999904632568,6.599999904632568,36400
2023-11-01,6.579999923706055,6.579999923706055,6.119999885559082,6.460000038146973,6.460000038146973,33840
2023-11-02,6.400000095367432,6.71999979019165,6.28000020980835,6.510000228881836,6.510000228881836,24740
2023-11-03,6.369999885559082,7.389999866485596,6.369999885559082,7.260000228881836,7.260000228881836,52710
2023-11-06,7.400000095367432,8.0,7.179999828338623,7.400000095367432,7.400000095367432,39320
2023-11-07,7.599999904632568,7.599999904632568,6.710000038146973,6.800000190734863,6.800000190734863,62590
2023-11-08,5.699999809265137,6.53000020980835,5.010000228881836,6.409999847412109,6.409999847412109,95450
2023-11-09,6.099999904632568,6.099999904632568,5.400000095367432,5.730000019073486,5.730000019073486,42940
2023-11-10,5.650000095367432,5.670000076293945,5.019999980926514,5.099999904632568,5.099999904632568,23770
2023-11-13,5.110000133514404,5.289999961853027,4.900000095367432,5.289999961853027,5.289999961853027,22740
2023-11-14,5.300000190734863,5.300000190734863,4.849999904632568,4.900000095367432,4.900000095367432,48920
2023-11-15,4.75,5.0,4.340000152587891,4.800000190734863,4.800000190734863,43560
2023-11-16,4.659999847412109,4.900000095367432,4.130000114440918,4.53000020980835,4.53000020980835,42610
2023-11-17,4.389999866485596,4.590000152587891,4.130000114440918,4.579999923706055,4.579999923706055,22520
2023-11-20,4.579999923706055,4.590000152587891,4.400000095367432,4.5,4.5,11310
2023-11-21,4.400000095367432,4.449999809265137,4.050000190734863,4.099999904632568,4.099999904632568,21310
2023-11-22,4.449999809265137,4.539999961853027,4.150000095367432,4.159999847412109,4.159999847412109,23520
2023-11-24,4.400000095367432,4.599999904632568,4.300000190734863,4.550000190734863,4.550000190734863,18160
2023-11-27,4.550000190734863,4.880000114440918,4.449999809265137,4.599999904632568,4.599999904632568,13020
2023-11-28,4.670000076293945,4.670000076293945,4.300000190734863,4.489999771118164,4.489999771118164,13820
2023-11-29,4.599999904632568,4.599999904632568,4.170000076293945,4.349999904632568,4.349999904632568,19330
2023-11-30,4.300000190734863,4.300000190734863,4.099999904632568,4.150000095367432,4.150000095367432,13250
2023-12-01,4.0,4.449999809265137,4.0,4.0,4.0,19420
2023-12-04,4.0,4.599999904632568,3.950000047683716,4.380000114440918,4.380000114440918,40960
2023-12-05,4.300000190734863,4.400000095367432,4.150000095367432,4.300000190734863,4.300000190734863,11020
2023-12-06,4.21999979019165,4.340000152587891,4.110000133514404,4.300000190734863,4.300000190734863,8700
2023-12-07,4.300000190734863,4.300000190734863,4.03000020980835,4.119999885559082,4.119999885559082,11300
2023-12-08,4.139999866485596,4.199999809265137,3.950000047683716,4.0,4.0,17480
2023-12-11,4.099999904632568,4.300000190734863,4.050000190734863,4.099999904632568,4.099999904632568,13170
2023-12-12,4.059999942779541,4.099999904632568,3.75,3.9200000762939453,3.9200000762939453,14980
2023-12-13,3.9100000858306885,4.050000190734863,3.700000047683716,3.7300000190734863,3.7300000190734863,15480
2023-12-14,3.75,4.050000190734863,3.75,3.859999895095825,3.859999895095825,9870
2023-12-15,4.0,4.0,3.700000047683716,3.700000047683716,3.700000047683716,30140
2023-12-18,3.940000057220459,3.940000057220459,3.5999999046325684,3.799999952316284,3.799999952316284,26680
2023-12-19,3.75,3.799999952316284,3.700000047683716,3.7799999713897705,3.7799999713897705,11800
2023-12-20,3.700000047683716,4.320000171661377,3.640000104904175,4.21999979019165,4.21999979019165,64940
2023-12-21,4.199999809265137,4.199999809265137,4.0,4.199999809265137,4.199999809265137,11560
2023-12-22,4.090000152587891,4.400000095367432,4.090000152587891,4.300000190734863,4.300000190734863,19130
2023-12-26,4.380000114440918,4.5,4.150000095367432,4.400000095367432,4.400000095367432,19110
2023-12-27,4.300000190734863,4.5,4.21999979019165,4.420000076293945,4.420000076293945,14550
2023-12-28,4.25,4.5,4.25,4.400000095367432,4.400000095367432,10930
2023-12-29,4.440000057220459,4.440000057220459,4.150000095367432,4.199999809265137,4.199999809265137,13270
2024-01-02,4.400000095367432,4.400000095367432,4.199999809265137,4.269999980926514,4.269999980926514,9090
2024-01-03,4.269999980926514,4.269999980926514,3.7899999618530273,4.150000095367432,4.150000095367432,14860
2024-01-04,4.099999904632568,4.260000228881836,4.0,4.199999809265137,4.199999809265137,7940
2024-01-05,4.099999904632568,4.300000190734863,4.099999904632568,4.28000020980835,4.28000020980835,6830
2024-01-08,4.199999809265137,4.289999961853027,4.099999904632568,4.130000114440918,4.130000114440918,8490
2024-01-09,4.099999904632568,4.300000190734863,4.099999904632568,4.300000190734863,4.300000190734863,3800
2024-01-10,4.199999809265137,4.400000095367432,4.110000133514404,4.199999809265137,4.199999809265137,8930
2024-01-11,4.199999809265137,4.199999809265137,4.0,4.050000190734863,4.050000190734863,10550
2024-01-12,4.099999904632568,4.190000057220459,3.9000000953674316,4.050000190734863,4.050000190734863,5010
2024-01-16,3.990000009536743,4.0,3.880000114440918,3.930000066757202,3.930000066757202,9470
2024-01-17,3.5999999046325684,3.799999952316284,3.309999942779541,3.5,3.5,21900
2024-01-18,3.5799999237060547,3.6600000858306885,2.4000000953674316,2.609999895095825,2.609999895095825,139040
2024-01-19,2.619999885559082,2.7100000381469727,2.450000047683716,2.5399999618530273,2.5399999618530273,47760
2024-01-22,2.5999999046325684,3.059999942779541,2.5999999046325684,2.9000000953674316,2.9000000953674316,33710
2024-01-23,3.069999933242798,3.069999933242798,2.8499999046325684,2.9700000286102295,2.9700000286102295,6810
2024-01-24,3.0399999618530273,3.2699999809265137,2.9700000286102295,3.200000047683716,3.200000047683716,7900
2024-01-25,3.200000047683716,3.4000000953674316,3.119999885559082,3.319999933242798,3.319999933242798,12310
2024-01-26,3.5,3.5999999046325684,3.319999933242798,3.4800000190734863,3.4800000190734863,8200
2024-01-29,3.5,3.5899999141693115,3.309999942779541,3.309999942779541,3.309999942779541,3980
2024-01-30,3.3499999046325684,3.5999999046325684,3.3499999046325684,3.5299999713897705,3.5299999713897705,12570
2024-01-31,3.2799999713897705,3.4000000953674316,3.200000047683716,3.390000104904175,3.390000104904175,8710
2024-02-01,3.490000009536743,3.490000009536743,3.200000047683716,3.4000000953674316,3.4000000953674316,5810
2024-02-02,3.200000047683716,3.390000104904175,3.130000114440918,3.2899999618530273,3.2899999618530273,7660
2024-02-05,3.2799999713897705,3.3299999237060547,3.0999999046325684,3.200000047683716,3.200000047683716,5910
2024-02-06,3.200000047683716,3.299999952316284,3.0,3.2899999618530273,3.2899999618530273,5170
2024-02-07,3.1600000858306885,3.819999933242798,3.009999990463257,3.819999933242798,3.819999933242798,25450
2024-02-08,3.5299999713897705,4.300000190734863,3.5299999713897705,4.050000190734863,4.050000190734863,49360
2024-02-09,4.0,4.199999809265137,3.559999942779541,4.110000133514404,4.110000133514404,21670
2024-02-12,3.990000009536743,4.159999847412109,3.9000000953674316,4.0,4.0,13110
2024-02-13,4.0,4.0,3.799999952316284,3.809999942779541,3.809999942779541,14900
2024-02-14,3.7100000381469727,4.400000095367432,3.7100000381469727,4.210000038146973,4.210000038146973,36210
2024-02-15,4.300000190734863,4.599999904632568,4.119999885559082,4.599999904632568,4.599999904632568,55850
2024-02-16,4.599999904632568,4.78000020980835,4.300000190734863,4.550000190734863,4.550000190734863,32530
2024-02-20,4.5,4.550000190734863,4.239999771118164,4.400000095367432,4.400000095367432,18700
2024-02-21,4.369999885559082,4.5,4.130000114440918,4.130000114440918,4.130000114440918,9400
2024-02-22,4.050000190734863,4.400000095367432,4.050000190734863,4.199999809265137,4.199999809265137,11530
2024-02-23,4.199999809265137,4.369999885559082,4.170000076293945,4.239999771118164,4.239999771118164,7730
2024-02-26,4.130000114440918,4.75,4.130000114440918,4.639999866485596,4.639999866485596,34860
2024-02-27,4.730000019073486,4.849999904632568,4.699999809265137,4.820000171661377,4.820000171661377,23130
2024-02-28,4.699999809265137,4.800000190734863,4.510000228881836,4.650000095367432,4.650000095367432,13820
2024-02-29,4.699999809265137,4.989999771118164,4.599999904632568,4.78000020980835,4.78000020980835,20640
2024-03-01,4.829999923706055,5.840000152587891,4.78000020980835,5.840000152587891,5.840000152587891,64010
2024-03-04,5.900000095367432,5.900000095367432,5.300000190734863,5.820000171661377,5.820000171661377,42820
2024-03-05,5.489999771118164,5.650000095367432,5.300000190734863,5.489999771118164,5.489999771118164,18080
2024-03-06,5.599999904632568,5.699999809265137,5.099999904632568,5.329999923706055,5.329999923706055,19940
2024-03-07,5.289999961853027,5.340000152587891,4.550000190734863,4.960000038146973,4.960000038146973,16420
2024-03-08,4.989999771118164,5.300000190734863,4.900000095367432,5.300000190734863,5.300000190734863,28480
2024-03-11,5.199999809265137,5.409999847412109,5.199999809265137,5.400000095367432,5.400000095367432,7340
2024-03-12,5.360000133514404,5.389999866485596,4.809999942779541,5.050000190734863,5.050000190734863,8450
2024-03-13,4.960000038146973,5.300000190734863,4.809999942779541,5.199999809265137,5.199999809265137,12080
2024-03-14,5.0,5.269999980926514,4.900000095367432,4.949999809265137,4.949999809265137,7590
2024-03-15,5.0,5.190000057220459,4.809999942779541,4.809999942779541,4.809999942779541,8160
2024-03-18,4.980000019073486,4.980000019073486,4.510000228881836,4.849999904632568,4.849999904632568,16270
2024-03-19,4.789999961853027,5.190000057220459,4.630000114440918,4.909999847412109,4.909999847412109,17500
2024-03-20,4.989999771118164,5.400000095367432,4.639999866485596,5.199999809265137,5.199999809265137,12820
2024-03-21,5.210000038146973,5.5,5.099999904632568,5.119999885559082,5.119999885559082,16360
2024-03-22,5.090000152587891,5.400000095367432,4.800000190734863,4.989999771118164,4.989999771118164,16420
2024-03-25,5.0,5.0,4.610000133514404,4.75,4.75,627250
2024-03-26,9.75,9.899999618530273,6.400000095367432,7.5,7.5,7767420
2024-03-27,6.400000095367432,7.400000095367432,6.199999809265137,7.179999828338623,7.179999828338623,325130
2024-03-28,6.699999809265137,7.5,6.5,6.949999809265137,6.949999809265137,161350
2024-04-01,6.800000190734863,6.980000019073486,5.71999979019165,5.96999979019165,5.96999979019165,270240
2024-04-02,6.0,6.650000095367432,5.579999923706055,6.210000038146973,6.210000038146973,122340
2024-04-03,6.199999809265137,6.800000190734863,5.800000190734863,6.400000095367432,6.400000095367432,49120
2024-04-04,6.670000076293945,7.369999885559082,6.0,6.610000133514404,6.610000133514404,102350
2024-04-05,6.599999904632568,7.400000095367432,6.599999904632568,7.400000095367432,7.400000095367432,65310
2024-04-08,7.489999771118164,8.399999618530273,7.199999809265137,7.800000190734863,7.800000190734863,205720
2024-04-09,7.599999904632568,7.78000020980835,7.0,7.099999904632568,7.099999904632568,62940
2024-04-10,7.199999809265137,7.199999809265137,6.800000190734863,7.0,7.0,20570
2024-04-11,7.099999904632568,7.46999979019165,6.699999809265137,7.099999904632568,7.099999904632568,32790
2024-04-12,6.900000095367432,7.0,6.650000095367432,6.800000190734863,6.800000190734863,22730
2024-04-15,6.699999809265137,6.800000190734863,6.199999809265137,6.579999923706055,6.579999923706055,26110
2024-04-16,6.380000114440918,6.539999961853027,6.119999885559082,6.440000057220459,6.440000057220459,26290
2024-04-17,6.119999885559082,6.380000114440918,5.800000190734863,6.0,6.0,15280
2024-04-18,5.849999904632568,6.159999847412109,5.650000095367432,6.159999847412109,6.159999847412109,20550
2024-04-19,6.199999809265137,6.300000190734863,5.900000095367432,6.300000190734863,6.300000190734863,8390
2024-04-22,6.300000190734863,6.300000190734863,5.900000095367432,5.980000019073486,5.980000019073486,9510
2024-04-23,5.900000095367432,6.199999809265137,5.900000095367432,6.130000114440918,6.130000114440918,5840
2024-04-24,6.010000228881836,6.010000228881836,5.550000190734863,5.630000114440918,5.630000114440918,17550
2024-04-25,5.550000190734863,5.800000190734863,5.239999771118164,5.320000171661377,5.320000171661377,19680
2024-04-26,5.400000095367432,5.519999980926514,4.800000190734863,5.150000095367432,5.150000095367432,43730
2024-04-29,5.0,5.389999866485596,4.940000057220459,5.349999904632568,5.349999904632568,18680
2024-04-30,5.0,5.0,4.03000020980835,4.03000020980835,4.03000020980835,114140
2024-05-01,4.300000190734863,4.400000095367432,3.9000000953674316,4.090000152587891,4.090000152587891,53360
2024-05-02,4.360000133514404,4.849999904632568,4.059999942779541,4.849999904632568,4.849999904632568,40900
2024-05-03,4.900000095367432,5.0,4.5,4.699999809265137,4.699999809265137,33260
2024-05-06,4.869999885559082,4.900000095367432,4.699999809265137,4.809999942779541,4.809999942779541,11020
2024-05-07,4.820000171661377,5.0,4.820000171661377,4.920000076293945,4.920000076293945,8390
2024-05-08,5.0,5.099999904632568,4.610000133514404,4.820000171661377,4.820000171661377,14320
2024-05-09,4.78000020980835,4.920000076293945,4.510000228881836,4.699999809265137,4.699999809265137,3910
2024-05-10,4.679999828338623,4.679999828338623,4.300000190734863,4.420000076293945,4.420000076293945,17320
2024-05-13,4.420000076293945,4.599999904632568,4.0,4.400000095367432,4.400000095367432,14320
2024-05-14,4.5,4.590000152587891,4.199999809265137,4.420000076293945,4.420000076293945,13740
2024-05-15,4.309999942779541,4.590000152587891,4.210000038146973,4.389999866485596,4.389999866485596,25530
2024-05-16,4.199999809265137,5.199999809265137,4.199999809265137,4.900000095367432,4.900000095367432,55870
2024-05-17,4.880000114440918,5.300000190734863,4.599999904632568,4.599999904632568,4.599999904632568,86430
2024-05-20,4.409999847412109,4.730000019073486,3.7699999809265137,3.859999895095825,3.859999895095825,80800
2024-05-21,3.740000009536743,3.9200000762939453,3.309999942779541,3.4800000190734863,3.4800000190734863,61900
2024-05-22,3.4100000858306885,3.5999999046325684,3.4100000858306885,3.430000066757202,3.430000066757202,56000
2024-05-23,3.359999895095825,3.4700000286102295,3.2300000190734863,3.2699999809265137,3.2699999809265137,58600
2024-05-24,3.25,3.4749999046325684,3.25,3.299999952316284,3.299999952316284,53800
2024-05-28,3.259999990463257,3.3499999046325684,3.25,3.299999952316284,3.299999952316284,25500
2024-05-29,3.4000000953674316,3.6500000953674316,3.259999990463257,3.5369999408721924,3.5369999408721924,30300
2024-05-30,3.5,3.559999942779541,3.3519999980926514,3.4100000858306885,3.4100000858306885,11600
2024-05-31,3.380000114440918,3.440000057220459,3.0199999809265137,3.059999942779541,3.059999942779541,73900
2024-06-03,3.059999942779541,3.200000047683716,2.5420000553131104,2.5420000553131104,2.5420000553131104,74600
2024-06-04,2.559999942779541,3.0799999237060547,2.559999942779541,2.880000114440918,2.880000114440918,75800
2024-06-05,2.7799999713897705,2.8499999046325684,2.6500000953674316,2.7100000381469727,2.7100000381469727,48200
2024-06-06,2.6700000762939453,2.7660000324249268,2.630000114440918,2.700000047683716,2.700000047683716,16200
2024-06-07,2.6500000953674316,2.6500000953674316,2.5220000743865967,2.640000104904175,2.640000104904175,12700
2024-06-10,2.549999952316284,2.6600000858306885,2.5,2.5299999713897705,2.5299999713897705,26900
2024-06-11,2.5299999713897705,2.7249999046325684,2.5299999713897705,2.5799999237060547,2.5799999237060547,28500
2024-06-12,2.619999885559082,2.6419999599456787,2.5,2.549999952316284,2.549999952316284,11600
2024-06-13,2.509999990463257,2.569999933242798,2.4000000953674316,2.490000009536743,2.490000009536743,25200
2024-06-14,2.450000047683716,2.5199999809265137,2.3399999141693115,2.5,2.5,9400
2024-06-17,2.5,2.609999895095825,2.4600000381469727,2.4700000286102295,2.4700000286102295,5800
2024-06-18,2.4700000286102295,2.549999952316284,2.4700000286102295,2.5299999713897705,2.5299999713897705,7000
2024-06-20,2.5,2.5,2.3499999046325684,2.4100000858306885,2.4100000858306885,12300
2024-06-21,2.3499999046325684,2.4100000858306885,2.309999942779541,2.4100000858306885,2.4100000858306885,13500
2024-06-24,2.299999952316284,2.5799999237060547,2.299999952316284,2.509999990463257,2.509999990463257,27200
2024-06-25,2.5199999809265137,2.565999984741211,2.4600000381469727,2.559999942779541,2.559999942779541,7000
2024-06-26,2.559999942779541,2.631999969482422,2.5199999809265137,2.569999933242798,2.569999933242798,6400
2024-06-27,2.559999942779541,2.619999885559082,2.493000030517578,2.5299999713897705,2.5299999713897705,9300
2024-06-28,2.5299999713897705,2.617000102996826,2.5199999809265137,2.5799999237060547,2.5799999237060547,4900
2024-07-01,2.5799999237060547,2.609999895095825,2.5,2.503000020980835,2.503000020980835,16800
2024-07-02,2.509999990463257,2.619999885559082,2.5,2.619999885559082,2.619999885559082,5100
2024-07-03,2.5899999141693115,2.6700000762939453,2.5899999141693115,2.5999999046325684,2.5999999046325684,2100
2024-07-05,2.619999885559082,2.6700000762939453,2.619999885559082,2.6700000762939453,2.6700000762939453,3800
2024-07-08,2.690000057220459,2.75,2.6549999713897705,2.75,2.75,3200
2024-07-09,2.75,2.930000066757202,2.75,2.930000066757202,2.930000066757202,13000
2024-07-10,2.890000104904175,3.0999999046325684,2.869999885559082,2.9800000190734863,2.9800000190734863,55900
2024-07-11,2.9800000190734863,3.200000047683716,2.950000047683716,3.190000057220459,3.190000057220459,54100
2024-07-12,3.1470000743865967,3.496000051498413,3.1470000743865967,3.200000047683716,3.200000047683716,20500
2024-07-15,3.2699999809265137,3.4100000858306885,3.052999973297119,3.059999942779541,3.059999942779541,19700
2024-07-16,3.0,3.180000066757202,3.0,3.0810000896453857,3.0810000896453857,5200
2024-07-17,3.130000114440918,3.200000047683716,3.059999942779541,3.0840001106262207,3.0840001106262207,4400
2024-07-18,3.0999999046325684,3.0999999046325684,2.9519999027252197,2.9519999027252197,2.9519999027252197,6700
2024-07-19,2.9579999446868896,3.0260000228881836,2.9000000953674316,3.0260000228881836,3.0260000228881836,5600
2024-07-22,3.0199999809265137,3.0199999809265137,2.9000000953674316,3.009999990463257,3.009999990463257,2400
2024-07-23,3.069999933242798,3.069999933242798,3.0,3.0179998874664307,3.0179998874664307,3400
2024-07-24,3.0199999809265137,3.0999999046325684,2.9600000381469727,2.9760000705718994,2.9760000705718994,2600
2024-07-25,2.9800000190734863,3.058000087738037,2.9800000190734863,3.058000087738037,3.058000087738037,1300
2024-07-26,3.009999990463257,3.059999942779541,3.009999990463257,3.059999942779541,3.059999942779541,5000
2024-07-29,3.059999942779541,3.059999942779541,2.9809999465942383,3.0360000133514404,3.0360000133514404,3100
2024-07-30,3.049999952316284,3.049999952316284,2.9800000190734863,3.0299999713897705,3.0299999713897705,3100
2024-07-31,2.9600000381469727,2.990000009536743,2.880000114440918,2.9800000190734863,2.9800000190734863,3600
2024-08-01,2.8910000324249268,3.0,2.8910000324249268,3.0,3.0,3000
2024-08-02,2.880000114440918,2.950000047683716,2.740000009536743,2.740000009536743,2.740000009536743,4700
